0.01	-0.00262
0.01	-0.0023
0.01	-0.0021999999999999997
0.01	-0.00206
0.01	-0.00188
0.01	-0.0006239999999999999
0.02	-0.002944
0.02	-0.002844
0.02	-0.002764
0.02	-0.002684
0.02	-0.002604
0.02	-0.002528
0.02	-0.00248
0.02	-0.0024040000000000003
0.02	-0.002344
0.02	-0.0023
0.02	-0.0021999999999999997
0.02	-0.002116
0.02	-0.00206
0.02	-0.002032
0.02	-0.001992
0.02	-0.001952
0.02	-0.001912
0.02	-0.00186
0.02	-0.0018360000000000002
0.02	-0.001772
0.02	-0.0017360000000000001
0.02	-0.0016719999999999999
0.02	-0.0015799999999999998
0.02	-0.0015119999999999999
0.02	-0.00116
0.03	-0.00296
0.03	-0.00286
0.03	-0.0027400000000000002
0.03	-0.00262
0.03	-0.00248
0.03	-0.0023
0.04	-0.00296
0.04	-0.00286
0.04	-0.0023
0.04	-0.0005239999999999998
0.05	-0.0023
0.05	-0.0005239999999999998
0.060000000000000005	-0.0023
0.060000000000000005	-0.0005239999999999998
0.060000000000000005	-0.0004719999999999999
0.06999999999999999	-0.0023
0.06999999999999999	-0.0005239999999999998
0.06999999999999999	-0.0004719999999999999
0.08	-0.0023
0.08	-0.0005239999999999998
0.08	-0.0004719999999999999
0.09	-0.0023
0.09	-0.0005239999999999998
0.09	-0.0004719999999999999
0.09999999999999999	-0.0023
0.09999999999999999	-0.0005199999999999998
0.09999999999999999	-0.00046799999999999994
0.11	-0.0023
0.11	-0.0005199999999999998
0.11	-0.00046799999999999994
0.12	-0.0023
0.12	-0.0005199999999999998
0.12	-0.00046799999999999994
0.13	-0.0023
0.13	-0.0005199999999999998
0.13	-0.00046799999999999994
0.14	-0.0023
0.14	-0.0005199999999999998
0.14	-0.00046799999999999994
0.15	-0.0023
0.15	-0.0005199999999999998
0.15	-0.00046799999999999994
0.16	-0.0023
0.16	-0.0005199999999999998
0.16	-0.00046799999999999994
0.16999999999999998	-0.0023
0.16999999999999998	-0.0005199999999999998
0.16999999999999998	-0.00046799999999999994
0.18	-0.0023
0.18	-0.0005199999999999998
0.18	-0.00046799999999999994
0.19	-0.0023
0.19	-0.0005199999999999998
0.19	-0.00046799999999999994
0.2	-0.0023
0.2	-0.0005199999999999998
0.2	-0.00046799999999999994
0.21000000000000002	-0.0023
0.21000000000000002	-0.0005199999999999998
0.21000000000000002	-0.0004639999999999999
0.22000000000000003	-0.0023
0.22000000000000003	-0.0005199999999999998
0.22000000000000003	-0.0004639999999999999
0.23	-0.0023
0.23	-0.0005159999999999999
0.23	-0.0004639999999999999
0.24000000000000002	-0.0023
0.24000000000000002	-0.0005159999999999999
0.24000000000000002	-0.0004639999999999999
0.25	-0.0023
0.25	-0.0005159999999999999
0.25	-0.0004639999999999999
0.26	-0.0023
0.26	-0.0005159999999999999
0.26	-0.0004639999999999999
0.27	-0.0023
0.27	-0.0005159999999999999
0.27	-0.0004639999999999999
0.28	-0.0023
0.28	-0.0005159999999999999
0.28	-0.0004639999999999999
0.29000000000000004	-0.0023
0.29000000000000004	-0.0005159999999999999
0.29000000000000004	-0.0004639999999999999
0.30000000000000004	-0.0023
0.30000000000000004	-0.0005159999999999999
0.30000000000000004	-0.0004639999999999999
0.31	-0.0023
0.31	-0.0005159999999999999
0.31	-0.0004599999999999999
0.32	-0.0023
0.32	-0.0005159999999999999
0.32	-0.0004599999999999999
0.33	-0.0023
0.33	-0.0005159999999999999
0.33	-0.0004599999999999999
0.33999999999999997	-0.0023
0.33999999999999997	-0.0005159999999999999
0.33999999999999997	-0.0004599999999999999
0.35	-0.0023
0.35	-0.0005159999999999999
0.35	-0.0004599999999999999
0.36	-0.0023
0.36	-0.0005159999999999999
0.36	-0.0004599999999999999
0.37	-0.0023
0.37	-0.000512
0.37	-0.0004599999999999999
0.38	-0.0023
0.38	-0.000512
0.38	-0.0004599999999999999
0.39	-0.0023
0.39	-0.000512
0.39	-0.0004599999999999999
0.4	-0.0023
0.4	-0.000512
0.4	-0.0004599999999999999
0.41000000000000003	-0.0023
0.41000000000000003	-0.000512
0.41000000000000003	-0.0004559999999999999
0.42000000000000004	-0.0023
0.42000000000000004	-0.000512
0.42000000000000004	-0.0004559999999999999
0.43000000000000005	-0.0023
0.43000000000000005	-0.000512
0.43000000000000005	-0.0004559999999999999
0.44000000000000006	-0.0023
0.44000000000000006	-0.000512
0.44000000000000006	-0.0004559999999999999
0.45	-0.0023
0.45	-0.000512
0.45	-0.0004559999999999999
0.46	-0.0023
0.46	-0.000512
0.46	-0.0004559999999999999
0.47000000000000003	-0.0023
0.47000000000000003	-0.000512
0.47000000000000003	-0.0004559999999999999
0.48000000000000004	-0.0023
0.48000000000000004	-0.0005120000000000001
0.48000000000000004	-0.0004559999999999999
0.49000000000000005	-0.0023
0.49000000000000005	-0.0005120000000000001
0.49000000000000005	-0.0004559999999999999
0.5	-0.0023
0.5	-0.0005120000000000001
0.5	-0.0004519999999999999
0.51	-0.0023
0.51	-0.0005120000000000001
0.51	-0.0004519999999999999
0.52	-0.0023
0.52	-0.0005120000000000001
0.52	-0.0004519999999999999
0.53	-0.0023
0.53	-0.000508
0.53	-0.0004519999999999999
0.54	-0.0023
0.54	-0.000508
0.54	-0.0004519999999999999
0.55	-0.0023
0.55	-0.000508
0.55	-0.0004519999999999999
0.56	-0.0023
0.56	-0.000508
0.56	-0.0004519999999999999
0.5700000000000001	-0.0023
0.5700000000000001	-0.000508
0.5700000000000001	-0.0004519999999999999
0.5800000000000001	-0.0023
0.5800000000000001	-0.000508
0.5800000000000001	-0.0004479999999999999
0.59	-0.0023
0.59	-0.000508
0.59	-0.0004479999999999999
0.6	-0.0023
0.6	-0.000508
0.6	-0.0004479999999999999
0.61	-0.0023
0.61	-0.000508
0.61	-0.0004479999999999999
0.62	-0.0023
0.62	-0.000508
0.62	-0.0004479999999999999
0.63	-0.0023
0.63	-0.000508
0.63	-0.0004479999999999999
0.64	-0.0023
0.64	-0.000508
0.64	-0.0004479999999999999
0.65	-0.0023
0.65	-0.000508
0.65	-0.0004479999999999999
0.66	-0.0023
0.66	-0.000508
0.66	-0.0004479999999999999
0.6699999999999999	-0.0023
0.6699999999999999	-0.000508
0.6699999999999999	-0.00044399999999999984
0.6799999999999999	-0.0023
0.6799999999999999	-0.000508
0.6799999999999999	-0.00044399999999999984
0.69	-0.0023
0.69	-0.000508
0.69	-0.00044399999999999984
0.7	-0.0023
0.7	-0.000508
0.7	-0.00044399999999999984
0.7100000000000001	-0.0023
0.7100000000000001	-0.000508
0.7100000000000001	-0.00044399999999999984
0.7200000000000001	-0.0023
0.7200000000000001	-0.000508
0.7200000000000001	-0.00044399999999999984
0.7300000000000001	-0.0023
0.7300000000000001	-0.000504
0.7300000000000001	-0.00044399999999999984
0.7400000000000001	-0.0023
0.7400000000000001	-0.000504
0.7400000000000001	-0.00044399999999999984
0.7500000000000001	-0.0023
0.7500000000000001	-0.000504
0.7500000000000001	-0.00043999999999999985
0.7600000000000001	-0.0023
0.7600000000000001	-0.000504
0.7600000000000001	-0.00043999999999999985
0.77	-0.0023
0.77	-0.000504
0.77	-0.00043999999999999985
0.78	-0.0023
0.78	-0.000504
0.78	-0.00043999999999999985
0.79	-0.0023
0.79	-0.000504
0.79	-0.00043999999999999985
0.8	-0.0023
0.8	-0.000504
0.8	-0.00043999999999999985
0.81	-0.0023
0.81	-0.000504
0.81	-0.00043999999999999985
0.8200000000000001	-0.0023
0.8200000000000001	-0.000504
0.8200000000000001	-0.00043599999999999986
0.8300000000000001	-0.0023
0.8300000000000001	-0.000504
0.8300000000000001	-0.00043599999999999986
0.8400000000000001	-0.0023
0.8400000000000001	-0.000504
0.8400000000000001	-0.00043599999999999986
0.8500000000000001	-0.0023
0.8500000000000001	-0.000504
0.8500000000000001	-0.00043599999999999986
0.8600000000000001	-0.0023
0.8600000000000001	-0.000504
0.8600000000000001	-0.00043599999999999986
0.8700000000000001	-0.0023
0.8700000000000001	-0.000504
0.8700000000000001	-0.00043599999999999986
0.8800000000000001	-0.0023
0.8800000000000001	-0.000504
0.8800000000000001	-0.00043599999999999986
0.89	-0.0023
0.89	-0.000504
0.89	-0.00043599999999999986
0.9	-0.0023
0.9	-0.000504
0.9	-0.0004319999999999998
0.91	-0.0023
0.91	-0.000504
0.91	-0.0004319999999999998
0.92	-0.0023
0.92	-0.000504
0.92	-0.0004319999999999998
0.93	-0.0023
0.93	-0.000504
0.93	-0.0004319999999999998
0.9400000000000001	-0.0023
0.9400000000000001	-0.000504
0.9400000000000001	-0.0004319999999999998
0.9500000000000001	-0.0023
0.9500000000000001	-0.000504
0.9500000000000001	-0.0004319999999999998
0.9600000000000001	-0.0023
0.9600000000000001	-0.000504
0.9600000000000001	-0.0004319999999999998
0.97	-0.0023
0.97	-0.000504
0.97	-0.00042799999999999983
0.98	-0.0023
0.98	-0.000504
0.98	-0.00042799999999999983
0.99	-0.0023
0.99	-0.000504
0.99	-0.00042799999999999983
1.	-0.0023
1.	-0.0005
1.	-0.00042799999999999983
1.01	-0.0023
1.01	-0.0005
1.01	-0.00042799999999999983
1.02	-0.0023
1.02	-0.0005
1.02	-0.00042799999999999983
1.03	-0.0023
1.03	-0.0005
1.03	-0.00042799999999999983
1.04	-0.0023
1.04	-0.0005
1.04	-0.0004239999999999998
1.05	-0.0023
1.05	-0.0005
1.05	-0.0004239999999999998
1.06	-0.0023
1.06	-0.0005
1.06	-0.0004239999999999998
1.07	-0.0023
1.07	-0.0005
1.07	-0.0004239999999999998
1.08	-0.0023
1.08	-0.0005
1.08	-0.0004239999999999998
1.09	-0.0023
1.09	-0.0005
1.09	-0.0004239999999999998
1.1	-0.0023
1.1	-0.0005
1.1	-0.0004239999999999998
1.11	-0.0023
1.11	-0.0005
1.11	-0.0004199999999999998
1.12	-0.0023
1.12	-0.0005
1.12	-0.0004199999999999998
1.1300000000000001	-0.0023
1.1300000000000001	-0.0005
1.1300000000000001	-0.0004199999999999998
1.1400000000000001	-0.0023
1.1400000000000001	-0.0005
1.1400000000000001	-0.0004199999999999998
1.1500000000000001	-0.0023
1.1500000000000001	-0.0005
1.1500000000000001	-0.0004199999999999998
1.1600000000000001	-0.0023
1.1600000000000001	-0.0005
1.1600000000000001	-0.0004199999999999998
1.1700000000000002	-0.0023
1.1700000000000002	-0.0005
1.1700000000000002	-0.0004159999999999998
1.1800000000000002	-0.0023
1.1800000000000002	-0.0005
1.1800000000000002	-0.0004159999999999998
1.1900000000000002	-0.0023
1.1900000000000002	-0.0005
1.1900000000000002	-0.0004159999999999998
1.2000000000000002	-0.0023
1.2000000000000002	-0.0005
1.2000000000000002	-0.0004159999999999998
1.21	-0.0023
1.21	-0.0005
1.21	-0.0004159999999999998
1.22	-0.0023
1.22	-0.0005
1.22	-0.0004159999999999998
1.23	-0.0023
1.23	-0.0005
1.23	-0.0004159999999999998
1.24	-0.0023
1.24	-0.0005
1.24	-0.00041199999999999977
1.25	-0.0023
1.25	-0.0005
1.25	-0.00041199999999999977
1.26	-0.0023
1.26	-0.0005
1.26	-0.00041199999999999977
1.27	-0.0023
1.27	-0.0005
1.27	-0.00041199999999999977
1.28	-0.0023
1.28	-0.0005
1.28	-0.00041199999999999977
1.29	-0.0023
1.29	-0.0005
1.29	-0.00041199999999999977
1.3	-0.0023
1.3	-0.0005
1.3	-0.0004079999999999998
1.31	-0.0023
1.31	-0.0005
1.31	-0.0004079999999999998
1.32	-0.0023
1.32	-0.0005
1.32	-0.0004079999999999998
1.33	-0.0023
1.33	-0.0005
1.33	-0.0004079999999999998
1.34	-0.0023
1.34	-0.0005
1.34	-0.0004079999999999998
1.35	-0.0023
1.35	-0.0005
1.35	-0.0004079999999999998
1.36	-0.0023
1.36	-0.0005
1.36	-0.00040399999999999974
1.37	-0.0023
1.37	-0.0005
1.37	-0.00040399999999999974
1.3800000000000001	-0.0023
1.3800000000000001	-0.0005
1.3800000000000001	-0.00040399999999999974
1.3900000000000001	-0.0023
1.3900000000000001	-0.0005
1.3900000000000001	-0.00040399999999999974
1.4000000000000001	-0.0023
1.4000000000000001	-0.0005
1.4000000000000001	-0.00040399999999999974
1.4100000000000001	-0.0023
1.4100000000000001	-0.0005
1.4100000000000001	-0.00040399999999999974
1.4200000000000002	-0.0023
1.4200000000000002	-0.0005
1.4200000000000002	-0.00039999999999999975
1.4300000000000002	-0.0023
1.4300000000000002	-0.0005
1.4300000000000002	-0.00039999999999999975
1.4400000000000002	-0.0023
1.4400000000000002	-0.0005
1.4400000000000002	-0.00039999999999999975
1.4500000000000002	-0.0023
1.4500000000000002	-0.0005
1.4500000000000002	-0.00039999999999999975
1.4600000000000002	-0.0023
1.4600000000000002	-0.0005
1.4600000000000002	-0.00039999999999999975
1.4700000000000002	-0.0023
1.4700000000000002	-0.0005
1.4700000000000002	-0.00039599999999999976
1.4800000000000002	-0.0023
1.4800000000000002	-0.0005
1.4800000000000002	-0.00039599999999999976
1.4900000000000002	-0.0023
1.4900000000000002	-0.0005
1.4900000000000002	-0.00039599999999999976
1.5000000000000002	-0.0023
1.5000000000000002	-0.0005
1.5000000000000002	-0.00039599999999999976
1.51	-0.0023
1.51	-0.0005
1.51	-0.00039599999999999976
1.52	-0.0023
1.52	-0.0005
1.52	-0.00039599999999999976
1.53	-0.0023
1.53	-0.0005
1.53	-0.0003919999999999997
1.54	-0.0023
1.54	-0.0005
1.54	-0.0003919999999999997
1.55	-0.0023
1.55	-0.0005
1.55	-0.0003919999999999997
1.56	-0.0023
1.56	-0.0005
1.56	-0.0003919999999999997
1.57	-0.0023
1.57	-0.0005
1.57	-0.0003919999999999997
1.58	-0.0023
1.58	-0.0005
1.58	-0.00038799999999999973
1.59	-0.0023
1.59	-0.0005
1.59	-0.00038799999999999973
1.6	-0.0023
1.6	-0.0005
1.6	-0.00038799999999999973
1.61	-0.0023
1.61	-0.0005
1.61	-0.00038799999999999973
1.62	-0.0023
1.62	-0.0005
1.62	-0.00038799999999999973
1.6300000000000001	-0.0023
1.6300000000000001	-0.0005
1.6300000000000001	-0.0003839999999999997
1.6400000000000001	-0.0023
1.6400000000000001	-0.0005
1.6400000000000001	-0.0003839999999999997
1.6500000000000001	-0.0023
1.6500000000000001	-0.0005
1.6500000000000001	-0.0003839999999999997
1.6600000000000001	-0.0023
1.6600000000000001	-0.0005
1.6600000000000001	-0.0003839999999999997
1.6700000000000002	-0.0023
1.6700000000000002	-0.0005
1.6700000000000002	-0.0003839999999999997
1.6800000000000002	-0.0023
1.6800000000000002	-0.0005
1.6800000000000002	-0.0003799999999999997
1.6900000000000002	-0.0023
1.6900000000000002	-0.000504
1.6900000000000002	-0.0003799999999999997
1.7000000000000002	-0.0023
1.7000000000000002	-0.000504
1.7000000000000002	-0.0003799999999999997
1.71	-0.0023
1.71	-0.000504
1.71	-0.0003799999999999997
1.72	-0.0023
1.72	-0.000504
1.72	-0.0003799999999999997
1.73	-0.0023
1.73	-0.000504
1.73	-0.0003759999999999997
1.74	-0.0023
1.74	-0.000504
1.74	-0.0003759999999999997
1.75	-0.0023
1.75	-0.000504
1.75	-0.0003759999999999997
1.76	-0.0023
1.76	-0.000504
1.76	-0.0003759999999999997
1.77	-0.0023
1.77	-0.000504
1.77	-0.0003759999999999997
1.78	-0.0023
1.78	-0.000504
1.78	-0.00037199999999999966
1.79	-0.0023
1.79	-0.000504
1.79	-0.00037199999999999966
1.8	-0.0023
1.8	-0.000504
1.8	-0.00037199999999999966
1.81	-0.0023
1.81	-0.000504
1.81	-0.00037199999999999966
1.82	-0.0023
1.82	-0.000504
1.82	-0.00037199999999999966
1.83	-0.0023
1.83	-0.000504
1.83	-0.0003679999999999997
1.84	-0.0023
1.84	-0.000504
1.84	-0.0003679999999999998
1.85	-0.0023
1.85	-0.000504
1.85	-0.0003679999999999998
1.86	-0.0023
1.86	-0.000504
1.86	-0.0003679999999999998
1.87	-0.0023
1.87	-0.000504
1.87	-0.0003679999999999998
1.8800000000000001	-0.0023039999999999996
1.8800000000000001	-0.000504
1.8800000000000001	-0.00036399999999999985
1.8900000000000001	-0.0023
1.8900000000000001	-0.000504
1.8900000000000001	-0.00036399999999999985
1.9000000000000001	-0.0023
1.9000000000000001	-0.000504
1.9000000000000001	-0.00036399999999999985
1.9100000000000001	-0.0023
1.9100000000000001	-0.00226
1.9100000000000001	-0.000504
1.9100000000000001	-0.00036399999999999985
1.9200000000000002	-0.0023
1.9200000000000002	-0.000504
1.9200000000000002	-0.00035999999999999986
1.9300000000000002	-0.0023
1.9300000000000002	-0.000508
1.9300000000000002	-0.00035999999999999986
1.9400000000000002	-0.0023
1.9400000000000002	-0.000508
1.9400000000000002	-0.00035999999999999986
1.9500000000000002	-0.00234
1.9500000000000002	-0.0023
1.9500000000000002	-0.000508
1.9500000000000002	-0.00035999999999999986
1.9600000000000002	-0.0023
1.9600000000000002	-0.000508
1.9600000000000002	-0.00035999999999999986
1.9700000000000002	-0.0023
1.9700000000000002	-0.000508
1.9700000000000002	-0.00035599999999999987
1.9800000000000002	-0.0023
1.9800000000000002	-0.000508
1.9800000000000002	-0.00035599999999999987
1.9900000000000002	-0.0023
1.9900000000000002	-0.000508
1.9900000000000002	-0.00035599999999999987
2.	-0.0023
2.	-0.000508
2.	-0.00035599999999999987
2.01	-0.0023
2.01	-0.000508
2.01	-0.00035199999999999994
2.0199999999999996	-0.0023
2.0199999999999996	-0.000508
2.0199999999999996	-0.00035199999999999994
2.03	-0.0023
2.03	-0.000508
2.03	-0.00035199999999999994
2.0399999999999996	-0.0023
2.0399999999999996	-0.000508
2.0399999999999996	-0.00035199999999999994
2.05	-0.0023
2.05	-0.000508
2.05	-0.00034799999999999995
2.0599999999999996	-0.0023
2.0599999999999996	-0.000508
2.0599999999999996	-0.00034799999999999973
2.07	-0.0023
2.07	-0.000508
2.07	-0.00034799999999999973
2.0799999999999996	-0.0023
2.0799999999999996	-0.0005120000000000001
2.0799999999999996	-0.00034799999999999973
2.09	-0.0023
2.09	-0.000512
2.09	-0.0003439999999999998
2.0999999999999996	-0.0023
2.0999999999999996	-0.000512
2.0999999999999996	-0.0003439999999999998
2.11	-0.0023
2.11	-0.000512
2.11	-0.0003439999999999998
2.1199999999999997	-0.0023
2.1199999999999997	-0.000512
2.1199999999999997	-0.0003439999999999998
2.13	-0.0023
2.13	-0.000512
2.13	-0.0003439999999999998
2.1399999999999997	-0.0023
2.1399999999999997	-0.000512
2.1399999999999997	-0.0003399999999999998
2.15	-0.0023
2.15	-0.000512
2.15	-0.0003399999999999998
2.1599999999999997	-0.0023
2.1599999999999997	-0.000512
2.1599999999999997	-0.0003399999999999998
2.17	-0.0023
2.17	-0.000512
2.17	-0.0003399999999999998
2.1799999999999997	-0.0023
2.1799999999999997	-0.00224
2.1799999999999997	-0.000512
2.1799999999999997	-0.0003359999999999998
2.19	-0.0023
2.19	-0.00224
2.19	-0.000512
2.19	-0.0003359999999999998
2.1999999999999997	-0.0023
2.1999999999999997	-0.00224
2.1999999999999997	-0.000512
2.1999999999999997	-0.0003359999999999998
2.21	-0.0023
2.21	-0.00224
2.21	-0.0005159999999999999
2.21	-0.0003359999999999998
2.2199999999999998	-0.00236
2.2199999999999998	-0.0023
2.2199999999999998	-0.0005159999999999999
2.2199999999999998	-0.0003319999999999999
2.23	-0.00236
2.23	-0.0023
2.23	-0.0005159999999999999
2.23	-0.0003319999999999999
2.2399999999999998	-0.0023
2.2399999999999998	-0.0005159999999999999
2.2399999999999998	-0.0003319999999999999
2.25	-0.0023
2.25	-0.0005159999999999999
2.25	-0.0003279999999999999
2.26	-0.0023
2.26	-0.0005159999999999999
2.26	-0.000328
2.27	-0.0023
2.27	-0.0005159999999999999
2.27	-0.000328
2.28	-0.0023
2.28	-0.0005159999999999999
2.28	-0.000328
2.29	-0.0023
2.29	-0.0005159999999999999
2.29	-0.00032399999999999996
2.3	-0.0023
2.3	-0.0005159999999999999
2.3	-0.00032399999999999996
2.3099999999999996	-0.0023
2.3099999999999996	-0.0005199999999999998
2.3099999999999996	-0.00032399999999999996
2.32	-0.0023
2.32	-0.0005199999999999998
2.32	-0.00032399999999999996
2.3299999999999996	-0.0023
2.3299999999999996	-0.0005199999999999998
2.3299999999999996	-0.00031999999999999997
2.34	-0.0023
2.34	-0.0005199999999999998
2.34	-0.00031999999999999997
2.3499999999999996	-0.0023
2.3499999999999996	-0.0005199999999999998
2.3499999999999996	-0.00031999999999999997
2.36	-0.0023
2.36	-0.0005199999999999998
2.36	-0.00031999999999999997
2.3699999999999997	-0.0023
2.3699999999999997	-0.0005199999999999998
2.3699999999999997	-0.000316
2.38	-0.0023
2.38	-0.0005199999999999998
2.38	-0.000316
2.3899999999999997	-0.0023
2.3899999999999997	-0.002224
2.3899999999999997	-0.0005199999999999998
2.3899999999999997	-0.000316
2.3999999999999995	-0.0023
2.3999999999999995	-0.002224
2.3999999999999995	-0.0005199999999999998
2.3999999999999995	-0.00031199999999999994
2.4099999999999997	-0.0023
2.4099999999999997	-0.0022199999999999998
2.4099999999999997	-0.0005239999999999998
2.4099999999999997	-0.00031199999999999994
2.4199999999999995	-0.0023760000000000005
2.4199999999999995	-0.0023
2.4199999999999995	-0.0022199999999999998
2.4199999999999995	-0.0005239999999999998
2.4199999999999995	-0.00031199999999999994
2.4299999999999997	-0.00238
2.4299999999999997	-0.0023
2.4299999999999997	-0.0022199999999999998
2.4299999999999997	-0.0005239999999999998
2.4299999999999997	-0.00031199999999999994
2.4399999999999995	-0.00238
2.4399999999999995	-0.0023
2.4399999999999995	-0.0022199999999999998
2.4399999999999995	-0.0005239999999999998
2.4399999999999995	-0.00030799999999999995
2.4499999999999997	-0.00238
2.4499999999999997	-0.0023
2.4499999999999997	-0.002216
2.4499999999999997	-0.0005239999999999998
2.4499999999999997	-0.00030799999999999995
2.4599999999999995	-0.00238
2.4599999999999995	-0.0023
2.4599999999999995	-0.002216
2.4599999999999995	-0.0005239999999999998
2.4599999999999995	-0.00030799999999999995
2.4699999999999998	-0.002384
2.4699999999999998	-0.002308
2.4699999999999998	-0.0005239999999999998
2.4699999999999998	-0.0003039999999999999
2.48	-0.0023
2.48	-0.0005239999999999998
2.48	-0.0003039999999999999
2.4899999999999998	-0.0023
2.4899999999999998	-0.0005279999999999998
2.4899999999999998	-0.0003039999999999999
2.5	-0.0023
2.5	-0.0005279999999999998
2.5	-0.0003039999999999999
2.51	-0.0023
2.51	-0.0005279999999999998
2.51	-0.0002999999999999999
2.52	-0.0023
2.52	-0.0005279999999999998
2.52	-0.0002999999999999999
2.53	-0.0023
2.53	-0.0005279999999999998
2.53	-0.0002999999999999999
2.54	-0.0023
2.54	-0.0005279999999999998
2.54	-0.00029599999999999993
2.55	-0.0023
2.55	-0.0005279999999999998
2.55	-0.00029599999999999993
2.56	-0.0023
2.56	-0.0005279999999999998
2.56	-0.00029599999999999993
2.57	-0.0023
2.57	-0.000532
2.57	-0.0002919999999999999
2.5799999999999996	-0.0023
2.5799999999999996	-0.002204
2.5799999999999996	-0.000532
2.5799999999999996	-0.0002919999999999999
2.59	-0.0023
2.59	-0.002204
2.59	-0.000532
2.59	-0.0002919999999999999
2.5999999999999996	-0.002396
2.5999999999999996	-0.0023
2.5999999999999996	-0.0021999999999999997
2.5999999999999996	-0.000532
2.5999999999999996	-0.0002919999999999999
2.61	-0.002396
2.61	-0.0023
2.61	-0.0021999999999999997
2.61	-0.000532
2.61	-0.0002879999999999999
2.6199999999999997	-0.0024000000000000002
2.6199999999999997	-0.0023
2.6199999999999997	-0.0021999999999999997
2.6199999999999997	-0.000532
2.6199999999999997	-0.0002879999999999999
2.63	-0.0024000000000000002
2.63	-0.0023
2.63	-0.0021999999999999997
2.63	-0.000532
2.63	-0.0002879999999999999
2.6399999999999997	-0.0024000000000000002
2.6399999999999997	-0.0023
2.6399999999999997	-0.002196
2.6399999999999997	-0.0005359999999999999
2.6399999999999997	-0.00028399999999999986
2.65	-0.0024040000000000003
2.65	-0.0023
2.65	-0.002196
2.65	-0.0005359999999999999
2.65	-0.00028399999999999986
2.6599999999999997	-0.0024040000000000003
2.6599999999999997	-0.0023
2.6599999999999997	-0.002196
2.6599999999999997	-0.0005359999999999999
2.6599999999999997	-0.00028399999999999986
2.6699999999999995	-0.0024040000000000003
2.6699999999999995	-0.0023
2.6699999999999995	-0.002192
2.6699999999999995	-0.0005359999999999999
2.6699999999999995	-0.00027999999999999987
2.6799999999999997	-0.0023
2.6799999999999997	-0.0005359999999999999
2.6799999999999997	-0.00027999999999999987
2.6899999999999995	-0.0023
2.6899999999999995	-0.0005359999999999999
2.6899999999999995	-0.00027999999999999987
2.6999999999999997	-0.0023
2.6999999999999997	-0.0005359999999999999
2.6999999999999997	-0.0002759999999999999
2.7099999999999995	-0.0023
2.7099999999999995	-0.0005399999999999999
2.7099999999999995	-0.0002759999999999999
2.7199999999999998	-0.0023
2.7199999999999998	-0.0005399999999999999
2.7199999999999998	-0.0002759999999999999
2.7299999999999995	-0.0023
2.7299999999999995	-0.0005399999999999999
2.7299999999999995	-0.00027199999999999984
2.7399999999999998	-0.0023
2.7399999999999998	-0.002184
2.7399999999999998	-0.0005399999999999999
2.7399999999999998	-0.00027199999999999984
2.75	-0.0023
2.75	-0.002184
2.75	-0.0005399999999999999
2.75	-0.00027199999999999984
2.76	-0.002416
2.76	-0.0023
2.76	-0.002184
2.76	-0.0005399999999999999
2.76	-0.00026799999999999985
2.77	-0.002416
2.77	-0.0023
2.77	-0.00218
2.77	-0.0005439999999999999
2.77	-0.00026799999999999985
2.78	-0.0024200000000000003
2.78	-0.0023
2.78	-0.00218
2.78	-0.0005439999999999999
2.78	-0.00026799999999999985
2.79	-0.0024200000000000003
2.79	-0.0023
2.79	-0.00218
2.79	-0.0005439999999999999
2.79	-0.0002639999999999998
2.8	-0.0024200000000000003
2.8	-0.0023
2.8	-0.002176
2.8	-0.0005439999999999999
2.8	-0.0002639999999999998
2.81	-0.002424
2.81	-0.0023
2.81	-0.002176
2.81	-0.0005439999999999999
2.81	-0.0002639999999999998
2.82	-0.002424
2.82	-0.0023
2.82	-0.002176
2.82	-0.0005439999999999999
2.82	-0.0002599999999999998
2.83	-0.002424
2.83	-0.0023
2.83	-0.002172
2.83	-0.0005479999999999999
2.83	-0.0002599999999999998
2.84	-0.002428
2.84	-0.0023
2.84	-0.002172
2.84	-0.0005479999999999999
2.84	-0.0002599999999999998
2.8499999999999996	-0.0023
2.8499999999999996	-0.002172
2.8499999999999996	-0.0005479999999999999
2.8499999999999996	-0.0002559999999999998
2.86	-0.0023
2.86	-0.0005479999999999999
2.86	-0.0002559999999999998
2.8699999999999997	-0.0023
2.8699999999999997	-0.0005479999999999999
2.8699999999999997	-0.0002559999999999998
2.88	-0.0023
2.88	-0.0005479999999999997
2.88	-0.0002519999999999998
2.8899999999999997	-0.0023
2.8899999999999997	-0.002164
2.8899999999999997	-0.0005519999999999998
2.8899999999999997	-0.0002519999999999998
2.9	-0.002436
2.9	-0.0023
2.9	-0.002164
2.9	-0.0005519999999999998
2.9	-0.0002519999999999998
2.9099999999999997	-0.002436
2.9099999999999997	-0.0023
2.9099999999999997	-0.002164
2.9099999999999997	-0.0005519999999999998
2.9099999999999997	-0.0002479999999999998
2.92	-0.0024400000000000003
2.92	-0.0023
2.92	-0.00216
2.92	-0.0005519999999999998
2.92	-0.0002479999999999998
2.9299999999999997	-0.0024400000000000003
2.9299999999999997	-0.0023
2.9299999999999997	-0.00216
2.9299999999999997	-0.0005519999999999998
2.9299999999999997	-0.0002479999999999998
2.9399999999999995	-0.0024400000000000003
2.9399999999999995	-0.0023
2.9399999999999995	-0.00216
2.9399999999999995	-0.0005559999999999997
2.9399999999999995	-0.00024399999999999978
2.9499999999999997	-0.002444
2.9499999999999997	-0.0023
2.9499999999999997	-0.002156
2.9499999999999997	-0.0005559999999999997
2.9499999999999997	-0.00024399999999999978
2.9599999999999995	-0.002444
2.9599999999999995	-0.0023
2.9599999999999995	-0.002156
2.9599999999999995	-0.0005559999999999997
2.9599999999999995	-0.00024399999999999978
2.9699999999999998	-0.002448
2.9699999999999998	-0.0023
2.9699999999999998	-0.0021520000000000003
2.9699999999999998	-0.0005559999999999997
2.9699999999999998	-0.00023999999999999976
2.9799999999999995	-0.002448
2.9799999999999995	-0.0023
2.9799999999999995	-0.0021520000000000003
2.9799999999999995	-0.0005559999999999997
2.9799999999999995	-0.00023999999999999976
2.9899999999999998	-0.002448
2.9899999999999998	-0.0023
2.9899999999999998	-0.0021520000000000003
2.9899999999999998	-0.0005599999999999997
2.9899999999999998	-0.00023999999999999976
2.9999999999999996	-0.0023
2.9999999999999996	-0.0021479999999999997
2.9999999999999996	-0.0005599999999999997
2.9999999999999996	-0.00023599999999999975
3.01	-0.0023
3.01	-0.0021479999999999997
3.01	-0.0005599999999999997
3.01	-0.00023599999999999975
3.02	-0.002456
3.02	-0.0023
3.02	-0.0005599999999999997
3.02	-0.00023199999999999973
3.03	-0.002456
3.03	-0.0023
3.03	-0.002144
3.03	-0.0005599999999999997
3.03	-0.00023199999999999973
3.04	-0.002456
3.04	-0.0023
3.04	-0.002144
3.04	-0.0005639999999999997
3.04	-0.00023199999999999973
3.05	-0.00246
3.05	-0.0023
3.05	-0.002144
3.05	-0.0005639999999999997
3.05	-0.00022799999999999974
3.06	-0.00246
3.06	-0.0023
3.06	-0.00214
3.06	-0.0005639999999999997
3.06	-0.00022799999999999974
3.07	-0.002464
3.07	-0.0023
3.07	-0.00214
3.07	-0.0005639999999999997
3.07	-0.00022799999999999974
3.08	-0.002464
3.08	-0.0023
3.08	-0.002136
3.08	-0.0005639999999999997
3.08	-0.00022399999999999973
3.09	-0.002464
3.09	-0.0023
3.09	-0.002136
3.09	-0.0005679999999999997
3.09	-0.00022399999999999973
3.1	-0.002468
3.1	-0.0023120000000000003
3.1	-0.002136
3.1	-0.0005679999999999997
3.1	-0.0002199999999999997
3.11	-0.002468
3.11	-0.0023
3.11	-0.0021319999999999998
3.11	-0.0005679999999999997
3.11	-0.0002199999999999997
3.1199999999999997	-0.002472
3.1199999999999997	-0.0023
3.1199999999999997	-0.0021319999999999998
3.1199999999999997	-0.0005679999999999997
3.1199999999999997	-0.0002199999999999997
3.13	-0.002472
3.13	-0.0023
3.13	-0.002128
3.13	-0.0005719999999999998
3.13	-0.0002159999999999997
3.1399999999999997	-0.002476
3.1399999999999997	-0.0023
3.1399999999999997	-0.002128
3.1399999999999997	-0.0005719999999999998
3.1399999999999997	-0.0002159999999999997
3.15	-0.002476
3.15	-0.0023
3.15	-0.002128
3.15	-0.0005719999999999998
3.15	-0.00021199999999999968
3.1599999999999997	-0.002476
3.1599999999999997	-0.0023
3.1599999999999997	-0.002124
3.1599999999999997	-0.0005719999999999998
3.1599999999999997	-0.00021199999999999968
3.17	-0.00248
3.17	-0.0023
3.17	-0.002124
3.17	-0.0005719999999999998
3.17	-0.00021199999999999968
3.1799999999999997	-0.00248
3.1799999999999997	-0.0023
3.1799999999999997	-0.00212
3.1799999999999997	-0.0005759999999999998
3.1799999999999997	-0.0002079999999999998
3.19	-0.002484
3.19	-0.0023
3.19	-0.00212
3.19	-0.0005759999999999998
3.19	-0.0002079999999999998
3.1999999999999997	-0.002484
3.1999999999999997	-0.0023
3.1999999999999997	-0.00212
3.1999999999999997	-0.0005759999999999998
3.1999999999999997	-0.00020399999999999984
3.2099999999999995	-0.0024879999999999998
3.2099999999999995	-0.0023
3.2099999999999995	-0.002116
3.2099999999999995	-0.0005759999999999998
3.2099999999999995	-0.00020399999999999984
3.2199999999999998	-0.0024879999999999998
3.2199999999999998	-0.0023
3.2199999999999998	-0.002116
3.2199999999999998	-0.0005799999999999998
3.2199999999999998	-0.00020399999999999984
3.2299999999999995	-0.0024920000000000003
3.2299999999999995	-0.0023
3.2299999999999995	-0.002112
3.2299999999999995	-0.0005799999999999998
3.2299999999999995	-0.00019999999999999987
3.2399999999999998	-0.0024920000000000003
3.2399999999999998	-0.0023
3.2399999999999998	-0.002112
3.2399999999999998	-0.0005799999999999998
3.2399999999999998	-0.00019999999999999987
3.2499999999999996	-0.002496
3.2499999999999996	-0.0023
3.2499999999999996	-0.0021079999999999996
3.2499999999999996	-0.0005799999999999998
3.2499999999999996	-0.0001959999999999999
3.26	-0.002496
3.26	-0.0023
3.26	-0.0021079999999999996
3.26	-0.0005839999999999998
3.26	-0.0001959999999999999
3.2699999999999996	-0.002496
3.2699999999999996	-0.0023
3.2699999999999996	-0.002108
3.2699999999999996	-0.0005839999999999998
3.2699999999999996	-0.0001959999999999999
3.28	-0.0025
3.28	-0.0023
3.28	-0.002104
3.28	-0.0005839999999999998
3.28	-0.00019199999999999995
3.29	-0.0025
3.29	-0.0023
3.29	-0.002104
3.29	-0.0005839999999999998
3.29	-0.00019199999999999995
3.3	-0.002504
3.3	-0.0023
3.3	-0.0021000000000000003
3.3	-0.0005839999999999998
3.3	-0.00018799999999999996
3.31	-0.002504
3.31	-0.0023
3.31	-0.0021000000000000003
3.31	-0.0005879999999999998
3.31	-0.00018799999999999975
3.32	-0.0025080000000000002
3.32	-0.0023
3.32	-0.0020959999999999998
3.32	-0.0005879999999999998
3.32	-0.00018799999999999975
3.33	-0.0025080000000000002
3.33	-0.0023
3.33	-0.0020959999999999998
3.33	-0.0005879999999999998
3.33	-0.00018399999999999978
3.34	-0.002512
3.34	-0.0023
3.34	-0.002092
3.34	-0.0005919999999999999
3.34	-0.00018399999999999978
3.35	-0.002512
3.35	-0.0023
3.35	-0.002092
3.35	-0.0005919999999999999
3.35	-0.00017999999999999982
3.36	-0.002516
3.36	-0.0023
3.36	-0.002092
3.36	-0.0005919999999999999
3.36	-0.00017999999999999982
3.37	-0.002516
3.37	-0.0023
3.37	-0.0020880000000000004
3.37	-0.0005919999999999999
3.37	-0.00017599999999999986
3.38	-0.00252
3.38	-0.0023
3.38	-0.002088
3.38	-0.0005959999999999999
3.38	-0.00017599999999999986
3.3899999999999997	-0.00252
3.3899999999999997	-0.0023
3.3899999999999997	-0.002084
3.3899999999999997	-0.0005959999999999999
3.3899999999999997	-0.00017599999999999986
3.4	-0.002524
3.4	-0.0023
3.4	-0.002084
3.4	-0.0005959999999999999
3.4	-0.0001719999999999999
3.4099999999999997	-0.002524
3.4099999999999997	-0.0023
3.4099999999999997	-0.0020800000000000003
3.4099999999999997	-0.0005959999999999999
3.4099999999999997	-0.0001719999999999999
3.42	-0.002528
3.42	-0.0023
3.42	-0.0020800000000000003
3.42	-0.0005999999999999998
3.42	-0.00016800000000000002
3.4299999999999997	-0.002528
3.4299999999999997	-0.0023
3.4299999999999997	-0.002076
3.4299999999999997	-0.0005999999999999998
3.4299999999999997	-0.00016800000000000002
3.44	-0.0025320000000000004
3.44	-0.0023
3.44	-0.002076
3.44	-0.0005999999999999998
3.44	-0.000164
3.4499999999999997	-0.002536
3.4499999999999997	-0.0023
3.4499999999999997	-0.002072
3.4499999999999997	-0.0005999999999999998
3.4499999999999997	-0.000164
3.46	-0.002536
3.46	-0.0023
3.46	-0.002072
3.46	-0.0006039999999999998
3.46	-0.00015999999999999999
3.4699999999999998	-0.00254
3.4699999999999998	-0.0023
3.4699999999999998	-0.002068
3.4699999999999998	-0.0006039999999999998
3.4699999999999998	-0.00015999999999999999
3.4799999999999995	-0.00254
3.4799999999999995	-0.0023
3.4799999999999995	-0.0020680000000000004
3.4799999999999995	-0.0006039999999999998
3.4799999999999995	-0.00015999999999999999
3.4899999999999998	-0.0025440000000000003
3.4899999999999998	-0.0023
3.4899999999999998	-0.0020640000000000003
3.4899999999999998	-0.0006079999999999998
3.4899999999999998	-0.00015599999999999997
3.4999999999999996	-0.0025440000000000003
3.4999999999999996	-0.0023
3.4999999999999996	-0.0020640000000000003
3.4999999999999996	-0.0006079999999999998
3.4999999999999996	-0.00015599999999999997
3.51	-0.0025480000000000004
3.51	-0.0023
3.51	-0.00206
3.51	-0.0006079999999999998
3.51	-0.00015199999999999995
3.5199999999999996	-0.0025480000000000004
3.5199999999999996	-0.0023
3.5199999999999996	-0.00206
3.5199999999999996	-0.0006079999999999998
3.5199999999999996	-0.00015199999999999995
3.53	-0.002552
3.53	-0.0023
3.53	-0.002056
3.53	-0.0006119999999999999
3.53	-0.00014799999999999997
3.5399999999999996	-0.002556
3.5399999999999996	-0.0023
3.5399999999999996	-0.002056
3.5399999999999996	-0.0006119999999999999
3.5399999999999996	-0.00014799999999999997
3.55	-0.002556
3.55	-0.0023
3.55	-0.0020520000000000004
3.55	-0.0006119999999999999
3.55	-0.00014399999999999995
3.56	-0.0025599999999999998
3.56	-0.0023
3.56	-0.0020520000000000004
3.56	-0.0006159999999999999
3.56	-0.00014399999999999995
3.57	-0.0025599999999999998
3.57	-0.0023
3.57	-0.0020480000000000003
3.57	-0.0006159999999999999
3.57	-0.00013999999999999993
3.58	-0.002564
3.58	-0.0023
3.58	-0.0020480000000000003
3.58	-0.0006159999999999999
3.58	-0.00013999999999999993
3.59	-0.002564
3.59	-0.0023
3.59	-0.002044
3.59	-0.0006159999999999999
3.59	-0.00013599999999999992
3.6	-0.002568
3.6	-0.0023
3.6	-0.002044
3.6	-0.0006199999999999999
3.6	-0.00013599999999999992
3.61	-0.002572
3.61	-0.0023
3.61	-0.00204
3.61	-0.0006199999999999999
3.61	-0.00013599999999999992
3.62	-0.002572
3.62	-0.0023
3.62	-0.00204
3.62	-0.0006199999999999999
3.62	-0.0001319999999999999
3.63	-0.002576
3.63	-0.0023
3.63	-0.0020360000000000005
3.63	-0.0006239999999999999
3.63	-0.0001319999999999999
3.64	-0.002576
3.64	-0.0023
3.64	-0.0020360000000000005
3.64	-0.0006239999999999999
3.64	-0.0001279999999999999
3.65	-0.00258
3.65	-0.0023
3.65	-0.002032
3.65	-0.0006239999999999999
3.65	-0.0001279999999999999
3.6599999999999997	-0.0025840000000000004
3.6599999999999997	-0.0023
3.6599999999999997	-0.002032
3.6599999999999997	-0.0006279999999999999
3.6599999999999997	-0.0001239999999999999
3.67	-0.0025840000000000004
3.67	-0.002316
3.67	-0.002028
3.67	-0.0006279999999999999
3.67	-0.0001239999999999999
3.6799999999999997	-0.002588
3.6799999999999997	-0.0023
3.6799999999999997	-0.002028
3.6799999999999997	-0.0006279999999999999
3.6799999999999997	-0.00011999999999999988
3.69	-0.002588
3.69	-0.0023
3.69	-0.002024
3.69	-0.000632
3.69	-0.00011999999999999988
3.6999999999999997	-0.0025919999999999997
3.6999999999999997	-0.0023
3.6999999999999997	-0.00202
3.6999999999999997	-0.000632
3.6999999999999997	-0.00011599999999999987
3.71	-0.002596
3.71	-0.0023
3.71	-0.00202
3.71	-0.000632
3.71	-0.00011599999999999987
3.7199999999999998	-0.002596
3.7199999999999998	-0.0023
3.7199999999999998	-0.002016
3.7199999999999998	-0.000636
3.7199999999999998	-0.00011199999999999986
3.73	-0.0026
3.73	-0.0023
3.73	-0.002016
3.73	-0.000636
3.73	-0.00011199999999999986
3.7399999999999998	-0.002604
3.7399999999999998	-0.0023
3.7399999999999998	-0.002012
3.7399999999999998	-0.000636
3.7399999999999998	-0.00010799999999999985
3.7499999999999996	-0.002604
3.7499999999999996	-0.0023
3.7499999999999996	-0.002012
3.7499999999999996	-0.0006399999999999999
3.7499999999999996	-0.00010799999999999985
3.76	-0.002608
3.76	-0.0023
3.76	-0.0020080000000000002
3.76	-0.0006399999999999999
3.76	-0.00010399999999999984
3.7699999999999996	-0.0026119999999999997
3.7699999999999996	-0.0023
3.7699999999999996	-0.0020080000000000002
3.7699999999999996	-0.0006399999999999999
3.7699999999999996	-0.00010399999999999984
3.78	-0.0026119999999999997
3.78	-0.0023
3.78	-0.002004
3.78	-0.0006439999999999999
3.78	-0.00009999999999999983
3.7899999999999996	-0.002616
3.7899999999999996	-0.0023
3.7899999999999996	-0.002
3.7899999999999996	-0.0006439999999999999
3.7899999999999996	-0.00009999999999999983
3.8	-0.00262
3.8	-0.0023
3.8	-0.002
3.8	-0.0006439999999999999
3.8	-0.00009599999999999981
3.8099999999999996	-0.00262
3.8099999999999996	-0.0023
3.8099999999999996	-0.001996
3.8099999999999996	-0.0006479999999999999
3.8099999999999996	-0.00009599999999999981
3.82	-0.002624
3.82	-0.0023
3.82	-0.001996
3.82	-0.0006479999999999999
3.82	-0.00009199999999999981
3.83	-0.0026279999999999997
3.83	-0.0023
3.83	-0.001992
3.83	-0.0006479999999999999
3.83	-0.00009199999999999981
3.84	-0.0026279999999999997
3.84	-0.0023
3.84	-0.001992
3.84	-0.000652
3.84	-0.0000879999999999998
3.85	-0.002632
3.85	-0.0023
3.85	-0.001988
3.85	-0.000652
3.85	-0.00008399999999999979
3.86	-0.0026360000000000003
3.86	-0.0023
3.86	-0.001984
3.86	-0.000652
3.86	-0.00008399999999999979
3.87	-0.0026360000000000003
3.87	-0.0023
3.87	-0.001984
3.87	-0.000656
3.87	-0.00007999999999999978
3.88	-0.00264
3.88	-0.0023
3.88	-0.00198
3.88	-0.000656
3.88	-0.00007999999999999978
3.89	-0.0026439999999999996
3.89	-0.0023
3.89	-0.00198
3.89	-0.000656
3.89	-0.00007599999999999976
3.9	-0.002648
3.9	-0.0023
3.9	-0.001976
3.9	-0.00066
3.9	-0.00007599999999999976
3.91	-0.002648
3.91	-0.0023
3.91	-0.0019720000000000002
3.91	-0.00066
3.91	-0.00007199999999999976
3.92	-0.0026520000000000003
3.92	-0.0023
3.92	-0.0019720000000000002
3.92	-0.00066
3.92	-0.00007199999999999976
3.9299999999999997	-0.002656
3.9299999999999997	-0.0023
3.9299999999999997	-0.001968
3.9299999999999997	-0.000664
3.9299999999999997	-0.00006799999999999974
3.94	-0.00266
3.94	-0.0023
3.94	-0.001968
3.94	-0.000664
3.94	-0.00006799999999999974
3.9499999999999997	-0.00266
3.9499999999999997	-0.0023
3.9499999999999997	-0.0019639999999999996
3.9499999999999997	-0.000664
3.9499999999999997	-0.00006399999999999974
3.96	-0.002664
3.96	-0.0023
3.96	-0.00196
3.96	-0.000668
3.96	-0.00006399999999999974
3.9699999999999998	-0.0026680000000000002
3.9699999999999998	-0.0023
3.9699999999999998	-0.00196
3.9699999999999998	-0.000668
3.9699999999999998	-0.000059999999999999724
3.98	-0.0026680000000000002
3.98	-0.0023
3.98	-0.0019560000000000003
3.98	-0.0006719999999999999
3.98	-0.000055999999999999715
3.9899999999999998	-0.002672
3.9899999999999998	-0.0023
3.9899999999999998	-0.001952
3.9899999999999998	-0.0006719999999999999
3.9899999999999998	-0.000055999999999999715
4.	-0.002676
4.	-0.0023
4.	-0.001952
4.	-0.0006719999999999999
4.	-0.000051999999999999705