0.5	0.096958
0.5	0.097
0.5	0.09704399999999999
0.5	0.097106
0.5	0.097128
0.5	0.097184
0.5	0.09728
0.5	0.097392
0.5	0.097522
0.5	0.09764199999999999
0.5	0.097668
0.5	0.097778
0.5	0.097832
0.5	0.097926
0.5	0.098012
0.5	0.09808399999999999
0.5	0.09820999999999999
0.5	0.09825
0.5	0.098424
0.5	0.098604
0.5	0.09865399999999999
0.5	0.098792
0.5	0.098902
0.5	0.09898399999999999
0.5	0.099182
0.5	0.099384
0.5	0.099444
0.5	0.09958800000000001
0.5	0.09974
0.5	0.09979400000000001
0.5	0.10005
0.5	0.100374
0.5	0.100716
0.5	0.10107
0.5	0.101438
0.5	0.101822
0.51	0.096962
0.51	0.09698799999999999
0.51	0.097024
0.51	0.097048
0.51	0.09708
0.51	0.097106
0.51	0.09715199999999999
0.51	0.09718
0.51	0.09724200000000001
0.51	0.097268
0.51	0.09734999999999999
0.51	0.097368
0.51	0.097474
0.51	0.097608
0.51	0.097746
0.51	0.097778
0.51	0.09789400000000001
0.51	0.097956
0.51	0.098052
0.51	0.09815199999999999
0.51	0.09822
0.51	0.098366
0.51	0.098396
0.51	0.09858
0.51	0.09877
0.51	0.09884400000000002
0.51	0.098966
0.51	0.099108
0.51	0.099166
0.51	0.09937199999999999
0.51	0.09939
0.51	0.099578
0.51	0.099688
0.51	0.09978800000000002
0.51	0.100002
0.51	0.100332
0.51	0.10067599999999999
0.51	0.101038
0.51	0.10141199999999999
0.51	0.10180199999999999
0.52	0.096966
0.52	0.09700800000000001
0.52	0.097032
0.52	0.097054
0.52	0.097086
0.52	0.09712000000000001
0.52	0.09715599999999999
0.52	0.097202
0.52	0.09724
0.52	0.097304
0.52	0.09734000000000001
0.52	0.097424
0.52	0.09745200000000001
0.52	0.09756200000000001
0.52	0.097714
0.52	0.097862
0.52	0.09789400000000001
0.52	0.09802200000000001
0.52	0.098088
0.52	0.09819
0.52	0.0983
0.52	0.098368
0.52	0.09853
0.52	0.098554
0.52	0.09874799999999999
0.52	0.098778
0.52	0.098946
0.52	0.099044
0.52	0.09915
0.52	0.099326
0.52	0.099358
0.52	0.09956999999999999
0.52	0.099626
0.52	0.09978400000000001
0.52	0.099942
0.52	0.100276
0.52	0.100624
0.52	0.10099
0.52	0.10137
0.52	0.101766
0.53	0.09697
0.53	0.09698599999999999
0.53	0.09702
0.53	0.097068
0.53	0.097088
0.53	0.097134
0.53	0.097164
0.53	0.097216
0.53	0.097258
0.53	0.097312
0.53	0.09737199999999999
0.53	0.097422
0.53	0.09750600000000001
0.53	0.097546
0.53	0.097658
0.53	0.097682
0.53	0.09783
0.53	0.097992
0.53	0.09801800000000001
0.53	0.098162
0.53	0.09822800000000001
0.53	0.09834000000000001
0.53	0.098456
0.53	0.09853
0.53	0.098704
0.53	0.098724
0.53	0.098926
0.53	0.098968
0.53	0.099134
0.53	0.09925199999999999
0.53	0.099346
0.53	0.09956200000000001
0.53	0.09978000000000001
0.53	0.099872
0.53	0.100208
0.53	0.10056000000000001
0.53	0.10092799999999999
0.53	0.10131400000000002
0.53	0.101716
0.54	0.096982
0.54	0.097012
0.54	0.09706000000000001
0.54	0.097114
0.54	0.097192
0.54	0.097214
0.54	0.09728400000000001
0.54	0.09732
0.54	0.09739400000000001
0.54	0.097446
0.54	0.097516
0.54	0.097592
0.54	0.097652
0.54	0.097758
0.54	0.0978
0.54	0.09795999999999999
0.54	0.098132
0.54	0.09815
0.54	0.098314
0.54	0.09837599999999999
0.54	0.09850400000000001
0.54	0.09862
0.54	0.098702
0.54	0.098884
0.54	0.09890800000000001
0.54	0.099118
0.54	0.099168
0.54	0.099334
0.54	0.09947
0.54	0.099554
0.54	0.09978800000000002
0.54	0.100126
0.54	0.100482
0.54	0.100854
0.54	0.101244
0.54	0.10165
0.55	0.09698000000000001
0.55	0.097
0.55	0.097034
0.55	0.097092
0.55	0.09717
0.55	0.097268
0.55	0.097366
0.55	0.097386
0.55	0.09748599999999999
0.55	0.097526
0.55	0.097622
0.55	0.09768600000000001
0.55	0.09777
0.55	0.097866
0.55	0.09793199999999999
0.55	0.098068
0.55	0.098104
0.55	0.098288
0.55	0.09848000000000001
0.55	0.098532
0.55	0.09868
0.55	0.098792
0.55	0.098888
0.55	0.09907400000000001
0.55	0.099104
0.55	0.099322
0.55	0.09937599999999999
0.55	0.099546
0.55	0.099696
0.55	0.099772
0.55	0.100034
0.55	0.100392
0.55	0.100766
0.55	0.101158
0.55	0.10156799999999999
0.55	0.101994
0.56	0.096982
0.56	0.097014
0.56	0.097028
0.56	0.09706000000000001
0.56	0.097078
0.56	0.097128
0.56	0.097148
0.56	0.097216
0.56	0.09733800000000001
0.56	0.097458
0.56	0.097592
0.56	0.097612
0.56	0.09774
0.56	0.097786
0.56	0.097902
0.56	0.09798000000000001
0.56	0.09807600000000001
0.56	0.09819800000000001
0.56	0.09826
0.56	0.098436
0.56	0.098658
0.56	0.09869399999999999
0.56	0.09887
0.56	0.098974
0.56	0.099088
0.56	0.099272
0.56	0.09931000000000001
0.56	0.099538
0.56	0.099592
0.56	0.099768
0.56	0.09993
0.56	0.100288
0.56	0.100666
0.56	0.10106000000000001
0.56	0.101474
0.56	0.101904
0.5700000000000001	0.096984
0.5700000000000001	0.09701800000000001
0.5700000000000001	0.09706400000000001
0.5700000000000001	0.09709000000000001
0.5700000000000001	0.09713
0.5700000000000001	0.097168
0.5700000000000001	0.09721199999999999
0.5700000000000001	0.097268
0.5700000000000001	0.097314
0.5700000000000001	0.097392
0.5700000000000001	0.09743
0.5700000000000001	0.097536
0.5700000000000001	0.09756400000000001
0.5700000000000001	0.097702
0.5700000000000001	0.09787399999999999
0.5700000000000001	0.09789
0.5700000000000001	0.098048
0.5700000000000001	0.098102
0.5700000000000001	0.09823400000000002
0.5700000000000001	0.098334
0.5700000000000001	0.09843
0.5700000000000001	0.09858800000000001
0.5700000000000001	0.098636
0.5700000000000001	0.09885
0.5700000000000001	0.09907200000000001
0.5700000000000001	0.099162
0.5700000000000001	0.099298
0.5700000000000001	0.09948
0.5700000000000001	0.09953000000000001
0.5700000000000001	0.09976399999999999
0.5700000000000001	0.09981799999999999
0.5700000000000001	0.100176
0.5700000000000001	0.100552
0.5700000000000001	0.10095000000000001
0.5700000000000001	0.10136400000000001
0.5700000000000001	0.10179800000000001
0.5800000000000001	0.09698999999999999
0.5800000000000001	0.097014
0.5800000000000001	0.097058
0.5800000000000001	0.097112
0.5800000000000001	0.097192
0.5800000000000001	0.097214
0.5800000000000001	0.09729
0.5800000000000001	0.097326
0.5800000000000001	0.097404
0.5800000000000001	0.09745999999999999
0.5800000000000001	0.097536
0.5800000000000001	0.09761800000000001
0.5800000000000001	0.097684
0.5800000000000001	0.09779800000000001
0.5800000000000001	0.09784600000000002
0.5800000000000001	0.098002
0.5800000000000001	0.09802
0.5800000000000001	0.09820799999999999
0.5800000000000001	0.09822800000000001
0.5800000000000001	0.09840600000000001
0.5800000000000001	0.098478
0.5800000000000001	0.09861400000000001
0.5800000000000001	0.09875
0.5800000000000001	0.098832
0.5800000000000001	0.099042
0.5800000000000001	0.09928600000000001
0.5800000000000001	0.099358
0.5800000000000001	0.099522
0.5800000000000001	0.09969399999999999
0.5800000000000001	0.09976
0.5800000000000001	0.10005
0.5800000000000001	0.100428
0.5800000000000001	0.100826
0.5800000000000001	0.10124200000000001
0.5800000000000001	0.101678
0.5900000000000001	0.09699200000000001
0.5900000000000001	0.09704
0.5900000000000001	0.097096
0.5900000000000001	0.097162
0.5900000000000001	0.09726599999999999
0.5900000000000001	0.097386
0.5900000000000001	0.09751
0.5900000000000001	0.097534
0.5900000000000001	0.09765599999999999
0.5900000000000001	0.09770599999999999
0.5900000000000001	0.097818
0.5900000000000001	0.097902
0.5900000000000001	0.097994
0.5900000000000001	0.09812
0.5900000000000001	0.098182
0.5900000000000001	0.098362
0.5900000000000001	0.098382
0.5900000000000001	0.098594
0.5900000000000001	0.09862800000000001
0.5900000000000001	0.098814
0.5900000000000001	0.098916
0.5900000000000001	0.09904
0.5900000000000001	0.09922800000000001
0.5900000000000001	0.099274
0.5900000000000001	0.099514
0.5900000000000001	0.09956000000000001
0.5900000000000001	0.099756
0.5900000000000001	0.099916
0.5900000000000001	0.100292
0.5900000000000001	0.10069
0.5900000000000001	0.101106
0.5900000000000001	0.101544
0.6000000000000001	0.096996
0.6000000000000001	0.097032
0.6000000000000001	0.097052
0.6000000000000001	0.097082
0.6000000000000001	0.09711600000000001
0.6000000000000001	0.09715199999999999
0.6000000000000001	0.097204
0.6000000000000001	0.097244
0.6000000000000001	0.097316
0.6000000000000001	0.097354
0.6000000000000001	0.09745200000000001
0.6000000000000001	0.097482
0.6000000000000001	0.097628
0.6000000000000001	0.09779
0.6000000000000001	0.097966
0.6000000000000001	0.09801
0.6000000000000001	0.098156
0.6000000000000001	0.098244
0.6000000000000001	0.098358
0.6000000000000001	0.098502
0.6000000000000001	0.09857199999999999
0.6000000000000001	0.098794
0.6000000000000001	0.099026
0.6000000000000001	0.099092
0.6000000000000001	0.099262
0.6000000000000001	0.09942000000000001
0.6000000000000001	0.09950600000000001
0.6000000000000001	0.099752
0.6000000000000001	0.099772
0.6000000000000001	0.100146
0.6000000000000001	0.10054199999999999
0.6000000000000001	0.10095799999999999
0.6000000000000001	0.101396
0.6000000000000001	0.101854
0.6100000000000001	0.097002
0.6100000000000001	0.097024
0.6100000000000001	0.09707600000000001
0.6100000000000001	0.09715
0.6100000000000001	0.097224
0.6100000000000001	0.09725
0.6100000000000001	0.09733
0.6100000000000001	0.09737399999999999
0.6100000000000001	0.097458
0.6100000000000001	0.097522
0.6100000000000001	0.097602
0.6100000000000001	0.097698
0.6100000000000001	0.09776399999999999
0.6100000000000001	0.097898
0.6100000000000001	0.09794
0.6100000000000001	0.098124
0.6100000000000001	0.098334
0.6100000000000001	0.09837399999999999
0.6100000000000001	0.09855
0.6100000000000001	0.09865
0.6100000000000001	0.098776
0.6100000000000001	0.09894800000000001
0.6100000000000001	0.09901
0.6100000000000001	0.09925
0.6100000000000001	0.099272
0.6100000000000001	0.099498
0.6100000000000001	0.09962
0.6100000000000001	0.09974799999999999
0.6100000000000001	0.099992
0.6100000000000001	0.100384
0.6100000000000001	0.1008
0.6100000000000001	0.10123599999999999
0.6100000000000001	0.10169399999999999
0.62	0.097012
0.62	0.097058
0.62	0.09712000000000001
0.62	0.097188
0.62	0.097308
0.62	0.09743399999999999
0.62	0.097576
0.62	0.09759799999999999
0.62	0.097736
0.62	0.09778600000000001
0.62	0.097914
0.62	0.098002
0.62	0.098106
0.62	0.09824200000000001
0.62	0.098312
0.62	0.09851
0.62	0.09853
0.62	0.098758
0.62	0.098802
0.62	0.098994
0.62	0.09912
0.62	0.09924
0.62	0.09946200000000001
0.62	0.09949
0.62	0.099744
0.62	0.099828
0.62	0.100218
0.62	0.10063
0.62	0.10106599999999999
0.62	0.101522
0.63	0.09701599999999999
0.63	0.097048
0.63	0.097106
0.63	0.097134
0.63	0.097186
0.63	0.09723000000000001
0.63	0.09728600000000001
0.63	0.097352
0.63	0.09740800000000001
0.63	0.0975
0.63	0.09755
0.63	0.097678
0.63	0.09770999999999999
0.63	0.097888
0.63	0.098082
0.63	0.09811
0.63	0.098288
0.63	0.098368
0.63	0.098508
0.63	0.098652
0.63	0.098738
0.63	0.09895999999999999
0.63	0.09898
0.63	0.09922800000000001
0.63	0.09929600000000001
0.63	0.099482
0.63	0.099656
0.63	0.09974
0.63	0.100042
0.63	0.10045000000000001
0.63	0.100884
0.63	0.101338
0.63	0.10181599999999999
0.64	0.097014
0.64	0.097038
0.64	0.09709000000000001
0.64	0.097168
0.64	0.09726599999999999
0.64	0.097386
0.64	0.09740800000000001
0.64	0.097526
0.64	0.097572
0.64	0.09768600000000001
0.64	0.09776199999999999
0.64	0.097862
0.64	0.09798000000000001
0.64	0.098056
0.64	0.09822600000000001
0.64	0.09826599999999999
0.64	0.098498
0.64	0.09872
0.64	0.098798
0.64	0.098964
0.64	0.099126
0.64	0.099216
0.64	0.09948
0.64	0.099736
0.64	0.099858
0.64	0.100262
0.64	0.100692
0.64	0.10114400000000001
0.64	0.10162
0.65	0.097014
0.65	0.097082
0.65	0.09711600000000001
0.65	0.09715199999999999
0.65	0.09720599999999999
0.65	0.09724600000000001
0.65	0.097324
0.65	0.097364
0.65	0.09747
0.65	0.097502
0.65	0.09766
0.65	0.09784999999999999
0.65	0.098032
0.65	0.09808399999999999
0.65	0.09824200000000001
0.65	0.09834400000000001
0.65	0.09846600000000001
0.65	0.098634
0.65	0.098702
0.65	0.09895200000000001
0.65	0.099204
0.65	0.099298
0.65	0.099464
0.65	0.09967000000000001
0.65	0.099732
0.65	0.100068
0.65	0.10049
0.65	0.10094
0.65	0.10141199999999999
0.65	0.101908
0.66	0.097032
0.66	0.09707400000000001
0.66	0.097138
0.66	0.09722800000000001
0.66	0.09734200000000001
0.66	0.09737599999999999
0.66	0.097478
0.66	0.097536
0.66	0.097636
0.66	0.097724
0.66	0.097814
0.66	0.097944
0.66	0.09800800000000001
0.66	0.098192
0.66	0.09822
0.66	0.098446
0.66	0.09847
0.66	0.09868400000000001
0.66	0.098776
0.66	0.098934
0.66	0.099112
0.66	0.099192
0.66	0.099456
0.66	0.099728
0.66	0.099866
0.66	0.10028200000000001
0.66	0.10072600000000001
0.66	0.101194
0.66	0.101688
0.67	0.097022
0.67	0.09706200000000001
0.67	0.09709599999999999
0.67	0.09712400000000002
0.67	0.09717800000000001
0.67	0.09720999999999999
0.67	0.09729
0.67	0.09732199999999999
0.67	0.097432
0.67	0.097456
0.67	0.097604
0.67	0.09779
0.67	0.097808
0.67	0.097984
0.67	0.098042
0.67	0.09819800000000001
0.67	0.098306
0.67	0.098424
0.67	0.0986
0.67	0.098666
0.67	0.09891799999999999
0.67	0.09918
0.67	0.099276
0.67	0.09944800000000001
0.67	0.099658
0.67	0.099722
0.67	0.100068
0.67	0.100504
0.67	0.10096800000000002
0.67	0.10145599999999999
0.67	0.10197
0.6799999999999999	0.097028
0.6799999999999999	0.097056
0.6799999999999999	0.097112
0.6799999999999999	0.09721199999999999
0.6799999999999999	0.097302
0.6799999999999999	0.097336
0.6799999999999999	0.09743399999999999
0.6799999999999999	0.09749
0.6799999999999999	0.09759000000000001
0.6799999999999999	0.09767600000000001
0.6799999999999999	0.09776599999999999
0.6799999999999999	0.09789400000000001
0.6799999999999999	0.097962
0.6799999999999999	0.098144
0.6799999999999999	0.09817400000000001
0.6799999999999999	0.098424
0.6799999999999999	0.098648
0.6799999999999999	0.098734
0.6799999999999999	0.098904
0.6799999999999999	0.09907600000000001
0.6799999999999999	0.099168
0.6799999999999999	0.09944
0.6799999999999999	0.099718
0.6799999999999999	0.099848
0.6799999999999999	0.100276
0.6799999999999999	0.100732
0.6799999999999999	0.101216
0.6799999999999999	0.101724
0.69	0.09703
0.69	0.09705
0.69	0.097078
0.69	0.09709999999999999
0.69	0.097148
0.69	0.09717800000000001
0.69	0.097252
0.69	0.09728400000000001
0.69	0.097386
0.69	0.097414
0.69	0.097554
0.69	0.09774200000000001
0.69	0.097938
0.69	0.09798599999999999
0.69	0.09815399999999999
0.69	0.09825
0.69	0.098384
0.69	0.098546
0.69	0.09863
0.69	0.098888
0.69	0.099156
0.69	0.099234
0.69	0.099432
0.69	0.099624
0.69	0.099714
0.69	0.100042
0.69	0.10049
0.69	0.100966
0.69	0.10147
0.7	0.097048
0.7	0.097098
0.7	0.09717800000000001
0.7	0.09726599999999999
0.7	0.097292
0.7	0.097392
0.7	0.09744
0.7	0.09754399999999999
0.7	0.09762
0.7	0.09772
0.7	0.097834
0.7	0.097916
0.7	0.098082
0.7	0.098132
0.7	0.09836400000000001
0.7	0.098612
0.7	0.09867400000000001
0.7	0.098872
0.7	0.09902
0.7	0.099144
0.7	0.09939800000000001
0.7	0.099424
0.7	0.09971
0.7	0.09980599999999999
0.7	0.100244
0.7	0.10071
0.7	0.10120599999999999
0.7	0.10173
0.71	0.097036
0.71	0.09706200000000001
0.71	0.09708399999999999
0.71	0.09712000000000001
0.71	0.09715199999999999
0.71	0.09721199999999999
0.71	0.097248
0.71	0.097336
0.71	0.09737199999999999
0.71	0.097496
0.71	0.097524
0.71	0.09769
0.71	0.09789400000000001
0.71	0.09791799999999999
0.71	0.09811
0.71	0.098182
0.71	0.09834400000000001
0.71	0.098478
0.71	0.098594
0.71	0.098808
0.71	0.098858
0.71	0.099132
0.71	0.09917000000000001
0.71	0.099416
0.71	0.099566
0.71	0.09970599999999999
0.71	0.099992
0.71	0.10045000000000001
0.71	0.100938
0.71	0.101454
0.72	0.09704399999999999
0.72	0.09707600000000001
0.72	0.09714
0.72	0.09723200000000001
0.72	0.097354
0.72	0.097384
0.72	0.097502
0.72	0.097556
0.72	0.09767600000000001
0.72	0.09776399999999999
0.72	0.097872
0.72	0.09800600000000001
0.72	0.098088
0.72	0.09828600000000001
0.72	0.098324
0.72	0.098576
0.72	0.09859799999999999
0.72	0.09884200000000001
0.72	0.098946
0.72	0.099122
0.72	0.099326
0.72	0.09940800000000001
0.72	0.099702
0.72	0.09974
0.72	0.100186
0.72	0.100662
0.72	0.10117000000000001
0.72	0.101706
0.73	0.09704399999999999
0.73	0.09707
0.73	0.097094
0.73	0.097128
0.73	0.09717200000000001
0.73	0.097218
0.73	0.09728400000000001
0.73	0.097336
0.73	0.09743399999999999
0.73	0.097482
0.73	0.09762
0.73	0.09765399999999999
0.73	0.09784999999999999
0.73	0.098068
0.73	0.09809999999999999
0.73	0.098304
0.73	0.09839400000000001
0.73	0.098558
0.73	0.098722
0.73	0.098828
0.73	0.099088
0.73	0.09911
0.73	0.0994
0.73	0.09948599999999999
0.73	0.099698
0.73	0.09991799999999999
0.73	0.100384
0.73	0.10088
0.73	0.10140800000000001
0.73	0.10196400000000001
0.74	0.09706600000000001
0.74	0.097114
0.74	0.097202
0.74	0.097318
0.74	0.09746200000000001
0.74	0.09748599999999999
0.74	0.09763200000000001
0.74	0.09768600000000001
0.74	0.097828
0.74	0.097922
0.74	0.098046
0.74	0.098196
0.74	0.09828400000000001
0.74	0.09850600000000001
0.74	0.09854199999999999
0.74	0.098814
0.74	0.09885200000000001
0.74	0.09909799999999999
0.74	0.099234
0.74	0.09939200000000001
0.74	0.099652
0.74	0.09969399999999999
0.74	0.100102
0.74	0.10058799999999998
0.74	0.101104
0.74	0.101652
0.75	0.097052
0.75	0.09711
0.75	0.097136
0.75	0.09719
0.75	0.09723400000000001
0.75	0.097302
0.75	0.09737
0.75	0.097442
0.75	0.09754399999999999
0.75	0.097612
0.75	0.097756
0.75	0.097806
0.75	0.09800600000000001
0.75	0.09826599999999999
0.75	0.09829600000000001
0.75	0.098524
0.75	0.098622
0.75	0.098798
0.75	0.09898599999999999
0.75	0.09908600000000001
0.75	0.099386
0.75	0.09969
0.75	0.099822
0.75	0.100292
0.75	0.100796
0.75	0.101332
0.75	0.101902
0.76	0.09706200000000001
0.76	0.09709000000000001
0.76	0.09716
0.76	0.09717800000000001
0.76	0.097268
0.76	0.097424
0.76	0.097592
0.76	0.09778600000000001
0.76	0.097828
0.76	0.09800600000000001
0.76	0.098094
0.76	0.09824600000000001
0.76	0.0984
0.76	0.09850600000000001
0.76	0.098742
0.76	0.09878400000000001
0.76	0.09907400000000001
0.76	0.099124
0.76	0.09937599999999999
0.76	0.09954199999999999
0.76	0.09968600000000001
0.76	0.099996
0.76	0.100486
0.76	0.10101
0.76	0.10156799999999999
0.77	0.09706200000000001
0.77	0.09709599999999999
0.77	0.097166
0.77	0.09727
0.77	0.097304
0.77	0.097406
0.77	0.097464
0.77	0.097572
0.77	0.097664
0.77	0.09776599999999999
0.77	0.097904
0.77	0.097984
0.77	0.098186
0.77	0.09822800000000001
0.77	0.09849
0.77	0.09877
0.77	0.098866
0.77	0.09906400000000001
0.77	0.099266
0.77	0.099368
0.77	0.099682
0.77	0.099702
0.77	0.100176
0.77	0.10068600000000001
0.77	0.10123
0.77	0.101806
0.78	0.09706200000000001
0.78	0.09709000000000001
0.78	0.09712200000000001
0.78	0.09715599999999999
0.78	0.09721199999999999
0.78	0.097256
0.78	0.09734400000000001
0.78	0.097388
0.78	0.097516
0.78	0.097552
0.78	0.09773000000000001
0.78	0.097984
0.78	0.09820799999999999
0.78	0.09828
0.78	0.098472
0.78	0.09861800000000001
0.78	0.098754
0.78	0.098996
0.78	0.099052
0.78	0.09936
0.78	0.09941200000000001
0.78	0.099678
0.78	0.099868
0.78	0.10036
0.78	0.10089000000000001
0.78	0.101454
0.79	0.097084
0.79	0.097146
0.79	0.09724200000000001
0.79	0.09737199999999999
0.79	0.097534
0.79	0.09757
0.79	0.09772600000000001
0.79	0.09779800000000001
0.79	0.097946
0.79	0.098068
0.79	0.09819
0.79	0.09838
0.79	0.09845600000000002
0.79	0.09874
0.79	0.09904
0.79	0.09912800000000001
0.79	0.099352
0.79	0.09956400000000001
0.79	0.09967400000000001
0.79	0.100038
0.79	0.10055
0.79	0.101098
0.79	0.10168200000000001
0.8	0.09707
0.8	0.097138
0.8	0.097164
0.8	0.09722800000000001
0.8	0.097276
0.8	0.097356
0.8	0.09743
0.8	0.097516
0.8	0.097628
0.8	0.09770599999999999
0.8	0.097868
0.8	0.097926
0.8	0.09815399999999999
0.8	0.09817000000000001
0.8	0.098438
0.8	0.098482
0.8	0.09872600000000001
0.8	0.09885200000000001
0.8	0.099028
0.8	0.09926399999999999
0.8	0.09934400000000002
0.8	0.09967000000000001
0.8	0.099718
0.8	0.10021200000000001
0.8	0.100742
0.8	0.101312
0.8	0.101916
0.81	0.097082
0.81	0.09711
0.81	0.09713
0.81	0.097188
0.81	0.097216
0.81	0.09731000000000001
0.81	0.09734000000000001
0.81	0.09747600000000001
0.81	0.097498
0.81	0.09768600000000001
0.81	0.097906
0.81	0.097942
0.81	0.09815199999999999
0.81	0.09824200000000001
0.81	0.098422
0.81	0.09858800000000001
0.81	0.098712
0.81	0.098976
0.81	0.09901800000000001
0.81	0.09933600000000001
0.81	0.099406
0.81	0.099666
0.81	0.099878
0.81	0.10039000000000001
0.81	0.10094
0.81	0.10153000000000001
0.8200000000000001	0.097082
0.8200000000000001	0.09712400000000002
0.8200000000000001	0.097214
0.8200000000000001	0.097324
0.8200000000000001	0.09748000000000001
0.8200000000000001	0.097524
0.8200000000000001	0.097668
0.8200000000000001	0.09775
0.8200000000000001	0.097888
0.8200000000000001	0.09802
0.8200000000000001	0.098134
0.8200000000000001	0.098336
0.8200000000000001	0.098404
0.8200000000000001	0.098696
0.8200000000000001	0.09900600000000001
0.8200000000000001	0.099102
0.8200000000000001	0.099328
0.8200000000000001	0.09955
0.8200000000000001	0.099662
0.8200000000000001	0.10004
0.8200000000000001	0.100572
0.8200000000000001	0.10114400000000001
0.8200000000000001	0.10175400000000001
0.8300000000000001	0.097082
0.8300000000000001	0.09711800000000001
0.8300000000000001	0.097142
0.8300000000000001	0.097194
0.8300000000000001	0.09724
0.8300000000000001	0.09731000000000001
0.8300000000000001	0.097386
0.8300000000000001	0.09746200000000001
0.8300000000000001	0.097576
0.8300000000000001	0.09765
0.8300000000000001	0.097814
0.8300000000000001	0.097868
0.8300000000000001	0.09809999999999999
0.8300000000000001	0.098388
0.8300000000000001	0.098432
0.8300000000000001	0.098682
0.8300000000000001	0.098808
0.8300000000000001	0.098994
0.8300000000000001	0.099232
0.8300000000000001	0.09931999999999999
0.8300000000000001	0.099658
0.8300000000000001	0.099698
0.8300000000000001	0.100208
0.8300000000000001	0.10076
0.8300000000000001	0.10135
0.8300000000000001	0.10198
0.8400000000000001	0.09709999999999999
0.8400000000000001	0.097162
0.8400000000000001	0.097184
0.8400000000000001	0.09727
0.8400000000000001	0.09729600000000001
0.8400000000000001	0.097426
0.8400000000000001	0.097446
0.8400000000000001	0.09763
0.8400000000000001	0.09784999999999999
0.8400000000000001	0.097882
0.8400000000000001	0.09809799999999999
0.8400000000000001	0.098182
0.8400000000000001	0.09837199999999999
0.8400000000000001	0.09853
0.8400000000000001	0.098668
0.8400000000000001	0.09892400000000001
0.8400000000000001	0.09898399999999999
0.8400000000000001	0.099312
0.8400000000000001	0.099366
0.8400000000000001	0.09965399999999999
0.8400000000000001	0.09985
0.8400000000000001	0.10038
0.8400000000000001	0.10095000000000001
0.8400000000000001	0.101562
0.8500000000000001	0.097088
0.8500000000000001	0.09711
0.8500000000000001	0.097182
0.8500000000000001	0.09728400000000001
0.8500000000000001	0.097302
0.8500000000000001	0.09743
0.8500000000000001	0.09747
0.8500000000000001	0.097614
0.8500000000000001	0.09768600000000001
0.8500000000000001	0.097832
0.8500000000000001	0.09795200000000001
0.8500000000000001	0.09808
0.8500000000000001	0.098268
0.8500000000000001	0.098356
0.8500000000000001	0.09863200000000001
0.8500000000000001	0.09865399999999999
0.8500000000000001	0.098972
0.8500000000000001	0.099044
0.8500000000000001	0.09930399999999999
0.8500000000000001	0.09950200000000001
0.8500000000000001	0.09965
0.8500000000000001	0.100006
0.8500000000000001	0.100556
0.8500000000000001	0.101146
0.8500000000000001	0.10177800000000001
0.86	0.097092
0.86	0.097108
0.86	0.097168
0.86	0.097204
0.86	0.09727
0.86	0.097334
0.86	0.097416
0.86	0.097514
0.86	0.09759799999999999
0.86	0.097746
0.86	0.097814
0.86	0.098026
0.86	0.09806200000000001
0.86	0.09834000000000001
0.86	0.098358
0.86	0.09864
0.86	0.098738
0.86	0.09895999999999999
0.86	0.099168
0.86	0.099298
0.86	0.099644
0.86	0.100166
0.86	0.10073399999999999
0.86	0.101346
0.87	0.09709799999999999
0.87	0.097138
0.87	0.09716
0.87	0.09722800000000001
0.87	0.09726
0.87	0.09737
0.87	0.0974
0.87	0.09756200000000001
0.87	0.09758
0.87	0.097806
0.87	0.098046
0.87	0.098102
0.87	0.098324
0.87	0.09844800000000001
0.87	0.098626
0.87	0.098846
0.87	0.09895000000000001
0.87	0.09929
0.87	0.099642
0.87	0.09978800000000002
0.87	0.10033
0.87	0.100918
0.87	0.101548
0.88	0.097104
0.88	0.09715399999999999
0.88	0.097248
0.88	0.097386
0.88	0.097406
0.88	0.09756400000000001
0.88	0.097612
0.88	0.09778
0.88	0.09787
0.88	0.098028
0.88	0.09818
0.88	0.09830799999999999
0.88	0.09854399999999999
0.88	0.098612
0.88	0.098938
0.88	0.098958
0.88	0.09928200000000001
0.88	0.099422
0.88	0.099636
0.88	0.099936
0.88	0.100498
0.88	0.101106
0.88	0.101756
0.89	0.097106
0.89	0.097148
0.89	0.09717
0.89	0.097238
0.89	0.09728200000000001
0.89	0.09737199999999999
0.89	0.097446
0.89	0.097548
0.89	0.097664
0.89	0.09776199999999999
0.89	0.097936
0.89	0.098012
0.89	0.098262
0.89	0.098292
0.89	0.09859799999999999
0.89	0.098642
0.89	0.098926
0.89	0.09907200000000001
0.89	0.099274
0.89	0.099556
0.89	0.09963200000000001
0.89	0.100088
0.89	0.10066800000000001
0.89	0.10129600000000001
0.89	0.10196799999999999
0.9	0.097106
0.9	0.09714400000000001
0.9	0.09719
0.9	0.09722800000000001
0.9	0.09731000000000001
0.9	0.097358
0.9	0.09748599999999999
0.9	0.097532
0.9	0.097718
0.9	0.097746
0.9	0.097994
0.9	0.098276
0.9	0.098346
0.9	0.098584
0.9	0.098742
0.9	0.098916
0.9	0.09919
0.9	0.099266
0.9	0.09962800000000001
0.9	0.099692
0.9	0.100244
0.9	0.100844
0.9	0.10149
0.91	0.09711
0.91	0.09713200000000001
0.91	0.097218
0.91	0.09734200000000001
0.91	0.09753
0.91	0.09772800000000001
0.91	0.097774
0.91	0.09797800000000001
0.91	0.09807600000000001
0.91	0.09826
0.91	0.098432
0.91	0.09856999999999999
0.91	0.098844
0.91	0.098904
0.91	0.099258
0.91	0.099312
0.91	0.099624
0.91	0.099832
0.91	0.10040200000000002
0.91	0.10102200000000001
0.91	0.10169
0.9199999999999999	0.097114
0.9199999999999999	0.097136
0.9199999999999999	0.09720999999999999
0.9199999999999999	0.09723000000000001
0.9199999999999999	0.097332
0.9199999999999999	0.09737399999999999
0.9199999999999999	0.097502
0.9199999999999999	0.09757400000000001
0.9199999999999999	0.097712
0.9199999999999999	0.097832
0.9199999999999999	0.097962
0.9199999999999999	0.098148
0.9199999999999999	0.098244
0.9199999999999999	0.098522
0.9199999999999999	0.098556
0.9199999999999999	0.09889400000000001
0.9199999999999999	0.09895200000000001
0.9199999999999999	0.09925
0.9199999999999999	0.099436
0.9199999999999999	0.09962
0.9199999999999999	0.09997400000000001
0.9199999999999999	0.10056400000000001
0.9199999999999999	0.101204
0.9199999999999999	0.10189200000000001
0.9299999999999999	0.09711800000000001
0.9299999999999999	0.097158
0.9299999999999999	0.097202
0.9299999999999999	0.097254
0.9299999999999999	0.09732199999999999
0.9299999999999999	0.09740800000000001
0.9299999999999999	0.09748599999999999
0.9299999999999999	0.097622
0.9299999999999999	0.097696
0.9299999999999999	0.09789400000000001
0.9299999999999999	0.097944
0.9299999999999999	0.098224
0.9299999999999999	0.09854199999999999
0.9299999999999999	0.09861400000000001
0.9299999999999999	0.098882
0.9299999999999999	0.09906000000000001
0.9299999999999999	0.09924200000000001
0.9299999999999999	0.09956200000000001
0.9299999999999999	0.09961600000000001
0.9299999999999999	0.10012
0.9299999999999999	0.10073
0.9299999999999999	0.10139000000000001
0.94	0.09712400000000002
0.94	0.09717200000000001
0.94	0.09719599999999999
0.94	0.097278
0.94	0.09731000000000001
0.94	0.097444
0.94	0.097472
0.94	0.09767
0.94	0.097928
0.94	0.097956
0.94	0.098214
0.94	0.098302
0.94	0.09853
0.94	0.09870799999999999
0.94	0.098872
0.94	0.09917200000000001
0.94	0.099234
0.94	0.099612
0.94	0.099692
0.94	0.100268
0.94	0.100898
0.94	0.10157800000000002
0.95	0.097132
0.95	0.097188
0.95	0.097304
0.95	0.097458
0.95	0.097482
0.95	0.097664
0.95	0.09772
0.95	0.097912
0.95	0.09802200000000001
0.95	0.09819800000000001
0.95	0.098384
0.95	0.098516
0.95	0.098806
0.95	0.09886
0.95	0.09922600000000001
0.95	0.09928600000000001
0.95	0.099608
0.95	0.099826
0.95	0.10042200000000001
0.95	0.10107
0.95	0.10177
0.96	0.097132
0.96	0.097184
0.96	0.097204
0.96	0.097288
0.96	0.097332
0.96	0.097446
0.96	0.097522
0.96	0.09765
0.96	0.097774
0.96	0.097898
0.96	0.098088
0.96	0.098182
0.96	0.09846600000000001
0.96	0.098502
0.96	0.09885
0.96	0.09890600000000001
0.96	0.099218
0.96	0.099404
0.96	0.099604
0.96	0.099962
0.96	0.100576
0.96	0.10124599999999999
0.96	0.101966
0.97	0.097132
0.97	0.097148
0.97	0.09717800000000001
0.97	0.097222
0.97	0.09728
0.97	0.09736
0.97	0.097432
0.97	0.09756200000000001
0.97	0.097634
0.97	0.097828
0.97	0.097882
0.97	0.098168
0.97	0.09848799999999999
0.97	0.098552
0.97	0.09883800000000001
0.97	0.09900800000000001
0.97	0.099212
0.97	0.099524
0.97	0.0996
0.97	0.100102
0.97	0.10073399999999999
0.97	0.101424
0.98	0.097136
0.98	0.097158
0.98	0.09724200000000001
0.98	0.09727
0.98	0.097392
0.98	0.09742
0.98	0.09762
0.98	0.097866
0.98	0.09815399999999999
0.98	0.09823000000000001
0.98	0.09847600000000001
0.98	0.09864
0.98	0.098828
0.98	0.099112
0.98	0.099204
0.98	0.09959599999999999
0.98	0.099648
0.98	0.100244
0.98	0.10089600000000001
0.98	0.101606
0.99	0.097138
0.99	0.09717
0.99	0.097262
0.99	0.09740800000000001
0.99	0.097606
0.99	0.09765
0.99	0.09785200000000001
0.99	0.097944
0.99	0.09813799999999999
0.99	0.098304
0.99	0.09846200000000001
0.99	0.09873
0.99	0.09881599999999999
0.99	0.099196
0.99	0.09922
0.99	0.099592
0.99	0.099774
0.99	0.100388
0.99	0.10106200000000001
0.99	0.10178999999999999
1.	0.097142
1.	0.097182
1.	0.097254
1.	0.09728600000000001
1.	0.09739600000000001
1.	0.097456
1.	0.097592
1.	0.097696
1.	0.097836
1.	0.09800400000000001
1.	0.098124
1.	0.09838
1.	0.09845000000000001
1.	0.098822
1.	0.099188
1.	0.09933
1.	0.09958800000000001
1.	0.099902
1.	0.100536
1.	0.10122800000000001
1.	0.10197799999999999
1.01	0.097146
1.01	0.097194
1.01	0.09724600000000001
1.01	0.09730799999999999
1.01	0.097384
1.01	0.097492
1.01	0.097578
1.01	0.097744
1.01	0.097822
1.01	0.09806600000000001
1.01	0.09811
1.01	0.098436
1.01	0.098458
1.01	0.098796
1.01	0.098916
1.01	0.09918
1.01	0.099442
1.01	0.099584
1.01	0.100034
1.01	0.10068600000000001
1.01	0.1014
1.02	0.09715
1.02	0.09720799999999999
1.02	0.097238
1.02	0.097334
1.02	0.09737399999999999
1.02	0.09752799999999999
1.02	0.09756400000000001
1.02	0.097794
1.02	0.09809599999999999
1.02	0.09813
1.02	0.098422
1.02	0.098538
1.02	0.09878400000000001
1.02	0.099014
1.02	0.09917200000000001
1.02	0.09955800000000001
1.02	0.09958
1.02	0.100168
1.02	0.10084
1.02	0.101572
1.03	0.09716
1.03	0.097224
1.03	0.09736
1.03	0.097552
1.03	0.097792
1.03	0.09784600000000002
1.03	0.09808
1.03	0.098196
1.03	0.09841
1.03	0.09862
1.03	0.098774
1.03	0.09911400000000001
1.03	0.099164
1.03	0.099576
1.03	0.09967600000000001
1.03	0.10030399999999999
1.03	0.100996
1.03	0.10175000000000001
1.04	0.097164
1.04	0.09724200000000001
1.04	0.097354
1.04	0.097386
1.04	0.09754
1.04	0.097606
1.04	0.097778
1.04	0.097898
1.04	0.09806600000000001
1.04	0.09826599999999999
1.04	0.09839800000000001
1.04	0.098704
1.04	0.09876199999999999
1.04	0.099158
1.04	0.099216
1.04	0.099572
1.04	0.099796
1.04	0.100442
1.04	0.10115400000000001
1.04	0.10192799999999999
1.05	0.097164
1.05	0.097222
1.05	0.097258
1.05	0.09734400000000001
1.05	0.097416
1.05	0.097526
1.05	0.097646
1.05	0.09776399999999999
1.05	0.09795400000000001
1.05	0.098052
1.05	0.098336
1.05	0.098384
1.05	0.09875199999999999
1.05	0.09879
1.05	0.09915
1.05	0.09931999999999999
1.05	0.099568
1.05	0.09991799999999999
1.05	0.100584
1.05	0.101316
1.06	0.097166
1.06	0.097216
1.06	0.097278
1.06	0.097334
1.06	0.097446
1.06	0.097514
1.06	0.09769
1.06	0.097752
1.06	0.09801
1.06	0.09804
1.06	0.09837199999999999
1.06	0.09840800000000001
1.06	0.098742
1.06	0.09888
1.06	0.099142
1.06	0.099426
1.06	0.09956400000000001
1.06	0.100042
1.06	0.10073
1.06	0.101482
1.07	0.097168
1.07	0.09721199999999999
1.07	0.09729800000000001
1.07	0.097326
1.07	0.09747600000000001
1.07	0.097502
1.07	0.097738
1.07	0.098026
1.07	0.098068
1.07	0.09836
1.07	0.098482
1.07	0.098732
1.07	0.09897
1.07	0.099134
1.07	0.09953400000000001
1.07	0.09956000000000001
1.07	0.10017000000000001
1.07	0.10087600000000001
1.07	0.101648
1.08	0.09717200000000001
1.08	0.09720799999999999
1.08	0.097318
1.08	0.097492
1.08	0.09751
1.08	0.097724
1.08	0.09778
1.08	0.098012
1.08	0.098128
1.08	0.098346
1.08	0.098558
1.08	0.09872
1.08	0.09906400000000001
1.08	0.099126
1.08	0.099556
1.08	0.099646
1.08	0.1003
1.08	0.10102599999999999
1.08	0.101818
1.09	0.09717600000000001
1.09	0.097218
1.09	0.09731000000000001
1.09	0.09734200000000001
1.09	0.09748000000000001
1.09	0.09754399999999999
1.09	0.097712
1.09	0.097826
1.09	0.097998
1.09	0.09819
1.09	0.098334
1.09	0.098636
1.09	0.09870999999999999
1.09	0.09912
1.09	0.099158
1.09	0.099552
1.09	0.099758
1.09	0.100432
1.09	0.10117799999999999
1.09	0.10199
1.1	0.09718
1.1	0.097204
1.1	0.09723200000000001
1.1	0.097302
1.1	0.097364
1.1	0.097468
1.1	0.097578
1.1	0.097698
1.1	0.09787599999999999
1.1	0.09798599999999999
1.1	0.098254
1.1	0.09832199999999999
1.1	0.09870000000000001
1.1	0.099112
1.1	0.099256
1.1	0.099548
1.1	0.09987399999999999
1.1	0.10056799999999999
1.1	0.101332
1.11	0.097182
1.11	0.097202
1.11	0.09724600000000001
1.11	0.09729600000000001
1.11	0.09739
1.11	0.097458
1.11	0.09761600000000001
1.11	0.09768600000000001
1.11	0.097926
1.11	0.097972
1.11	0.09832
1.11	0.09869
1.11	0.098796
1.11	0.099104
1.11	0.099354
1.11	0.099544
1.11	0.099992
1.11	0.10070400000000002
1.11	0.101488
1.12	0.097186
1.12	0.097262
1.12	0.097288
1.12	0.097414
1.12	0.097448
1.12	0.09765399999999999
1.12	0.09767400000000001
1.12	0.09795999999999999
1.12	0.09797800000000001
1.12	0.09829800000000001
1.12	0.098386
1.12	0.098678
1.12	0.09888
1.12	0.09909599999999999
1.12	0.099456
1.12	0.09954
1.12	0.100112
1.12	0.100844
1.12	0.101648
1.1300000000000001	0.097198
1.1300000000000001	0.09728200000000001
1.1300000000000001	0.097438
1.1300000000000001	0.097662
1.1300000000000001	0.097692
1.1300000000000001	0.097946
1.1300000000000001	0.09803
1.1300000000000001	0.09828400000000001
1.1300000000000001	0.09845600000000002
1.1300000000000001	0.098668
1.1300000000000001	0.098966
1.1300000000000001	0.099088
1.1300000000000001	0.099536
1.1300000000000001	0.09955800000000001
1.1300000000000001	0.100234
1.1300000000000001	0.100984
1.1300000000000001	0.10181000000000001
1.1400000000000001	0.097206
1.1400000000000001	0.097278
1.1400000000000001	0.097428
1.1400000000000001	0.09747
1.1400000000000001	0.09765
1.1400000000000001	0.09773200000000001
1.1400000000000001	0.097934
1.1400000000000001	0.09808599999999999
1.1400000000000001	0.098272
1.1400000000000001	0.098526
1.1400000000000001	0.098658
1.1400000000000001	0.099052
1.1400000000000001	0.099082
1.1400000000000001	0.099532
1.1400000000000001	0.099664
1.1400000000000001	0.10035799999999999
1.1400000000000001	0.101128
1.1400000000000001	0.10197400000000001
1.1500000000000001	0.097202
1.1500000000000001	0.097272
1.1500000000000001	0.097312
1.1500000000000001	0.09742
1.1500000000000001	0.097498
1.1500000000000001	0.097638
1.1500000000000001	0.097774
1.1500000000000001	0.097922
1.1500000000000001	0.098142
1.1500000000000001	0.09826
1.1500000000000001	0.09859799999999999
1.1500000000000001	0.098648
1.1500000000000001	0.099074
1.1500000000000001	0.099142
1.1500000000000001	0.09952799999999999
1.1500000000000001	0.099772
1.1500000000000001	0.10048399999999999
1.1500000000000001	0.101274
1.1600000000000001	0.09720000000000001
1.1600000000000001	0.097224
1.1600000000000001	0.097268
1.1600000000000001	0.09733
1.1600000000000001	0.09741
1.1600000000000001	0.09752799999999999
1.1600000000000001	0.097626
1.1600000000000001	0.097818
1.1600000000000001	0.09790800000000001
1.1600000000000001	0.09820000000000001
1.1600000000000001	0.098248
1.1600000000000001	0.098638
1.1600000000000001	0.09867200000000001
1.1600000000000001	0.099066
1.1600000000000001	0.099232
1.1600000000000001	0.099524
1.1600000000000001	0.09988
1.1600000000000001	0.100612
1.1600000000000001	0.101424
1.1700000000000002	0.097204
1.1700000000000002	0.09723400000000001
1.1700000000000002	0.09726399999999999
1.1700000000000002	0.09734999999999999
1.1700000000000002	0.097402
1.1700000000000002	0.09756000000000001
1.1700000000000002	0.09761600000000001
1.1700000000000002	0.097862
1.1700000000000002	0.09789600000000001
1.1700000000000002	0.098238
1.1700000000000002	0.098258
1.1700000000000002	0.09862800000000001
1.1700000000000002	0.098746
1.1700000000000002	0.09905800000000001
1.1700000000000002	0.099326
1.1700000000000002	0.09952
1.1700000000000002	0.099992
1.1700000000000002	0.100742
1.1700000000000002	0.10157400000000001
1.1800000000000002	0.09720799999999999
1.1800000000000002	0.097244
1.1800000000000002	0.09726
1.1800000000000002	0.09737199999999999
1.1800000000000002	0.09739400000000001
1.1800000000000002	0.097592
1.1800000000000002	0.097884
1.1800000000000002	0.09790800000000001
1.1800000000000002	0.09822600000000001
1.1800000000000002	0.09832
1.1800000000000002	0.09861800000000001
1.1800000000000002	0.098824
1.1800000000000002	0.099052
1.1800000000000002	0.09942000000000001
1.1800000000000002	0.09951600000000001
1.1800000000000002	0.100106
1.1800000000000002	0.10087600000000001
1.1800000000000002	0.10172600000000001
1.1900000000000002	0.09720999999999999
1.1900000000000002	0.097256
1.1900000000000002	0.097386
1.1900000000000002	0.097594
1.1900000000000002	0.09762599999999999
1.1900000000000002	0.097872
1.1900000000000002	0.097956
1.1900000000000002	0.098214
1.1900000000000002	0.098382
1.1900000000000002	0.098608
1.1900000000000002	0.098902
1.1900000000000002	0.099044
1.1900000000000002	0.099512
1.1900000000000002	0.10022
1.1900000000000002	0.10101
1.1900000000000002	0.101882
1.2000000000000002	0.097214
1.2000000000000002	0.097254
1.2000000000000002	0.097268
1.2000000000000002	0.09737799999999999
1.2000000000000002	0.097416
1.2000000000000002	0.097584
1.2000000000000002	0.09766
1.2000000000000002	0.09786
1.2000000000000002	0.09800400000000001
1.2000000000000002	0.098202
1.2000000000000002	0.098446
1.2000000000000002	0.09859799999999999
1.2000000000000002	0.09898399999999999
1.2000000000000002	0.099036
1.2000000000000002	0.099508
1.2000000000000002	0.09961400000000001
1.2000000000000002	0.100338
1.2000000000000002	0.10114800000000002
1.2100000000000002	0.097218
1.2100000000000002	0.097252
1.2100000000000002	0.09728
1.2100000000000002	0.09737199999999999
1.2100000000000002	0.097438
1.2100000000000002	0.09757400000000001
1.2100000000000002	0.097696
1.2100000000000002	0.09784999999999999
1.2100000000000002	0.098054
1.2100000000000002	0.09819
1.2100000000000002	0.09851
1.2100000000000002	0.09858800000000001
1.2100000000000002	0.09903
1.2100000000000002	0.09906600000000002
1.2100000000000002	0.09950400000000001
1.2100000000000002	0.099716
1.2100000000000002	0.10045599999999999
1.2100000000000002	0.10128600000000001
1.22	0.097224
1.22	0.09725
1.22	0.097294
1.22	0.097364
1.22	0.097464
1.22	0.09756400000000001
1.22	0.09773400000000002
1.22	0.09783800000000001
1.22	0.098104
1.22	0.09818
1.22	0.098578
1.22	0.09902200000000001
1.22	0.099148
1.22	0.0995
1.22	0.09981599999999999
1.22	0.10057800000000001
1.22	0.10142599999999999
1.23	0.09723000000000001
1.23	0.097248
1.23	0.09731000000000001
1.23	0.097358
1.23	0.09748799999999999
1.23	0.097554
1.23	0.097772
1.23	0.097826
1.23	0.098168
1.23	0.098568
1.23	0.098646
1.23	0.099014
1.23	0.099234
1.23	0.099496
1.23	0.09992000000000001
1.23	0.10070000000000001
1.23	0.10157
1.24	0.09723600000000002
1.24	0.097324
1.24	0.097352
1.24	0.097516
1.24	0.09754399999999999
1.24	0.09781000000000001
1.24	0.098156
1.24	0.09820999999999999
1.24	0.098558
1.24	0.098716
1.24	0.09900800000000001
1.24	0.099322
1.24	0.099492
1.24	0.10002599999999999
1.24	0.100826
1.24	0.101714
1.25	0.097246
1.25	0.097346
1.25	0.09753400000000001
1.25	0.097804
1.25	0.09784999999999999
1.25	0.098146
1.25	0.09826599999999999
1.25	0.098548
1.25	0.09878600000000001
1.25	0.099
1.25	0.09941
1.25	0.099488
1.25	0.10013400000000001
1.25	0.100952
1.25	0.10186200000000001
1.26	0.09725
1.26	0.09734000000000001
1.26	0.097358
1.26	0.097526
1.26	0.097572
1.26	0.097794
1.26	0.097892
1.26	0.098134
1.26	0.09832199999999999
1.26	0.098538
1.26	0.098858
1.26	0.098992
1.26	0.0995
1.26	0.10024200000000001
1.26	0.10108
1.27	0.097248
1.27	0.097258
1.27	0.097336
1.27	0.09737599999999999
1.27	0.097516
1.27	0.09759999999999999
1.27	0.09778200000000001
1.27	0.097936
1.27	0.098124
1.27	0.09838
1.27	0.09852799999999999
1.27	0.098934
1.27	0.09898599999999999
1.27	0.09948
1.27	0.099592
1.27	0.100352
1.27	0.101212
1.28	0.097248
1.28	0.097268
1.28	0.09733
1.28	0.09739400000000001
1.28	0.097508
1.28	0.09763
1.28	0.097772
1.28	0.09798000000000001
1.28	0.098112
1.28	0.098438
1.28	0.09852
1.28	0.098978
1.28	0.09900800000000001
1.28	0.099476
1.28	0.09968600000000001
1.28	0.10046600000000001
1.28	0.10134399999999999
1.29	0.09725
1.29	0.097278
1.29	0.097326
1.29	0.097414
1.29	0.0975
1.29	0.097662
1.29	0.09776199999999999
1.29	0.098024
1.29	0.098102
1.29	0.09851
1.29	0.09897
1.29	0.09908600000000001
1.29	0.099472
1.29	0.09978000000000001
1.29	0.10058
1.29	0.101478
1.3	0.097252
1.3	0.097288
1.3	0.09732199999999999
1.3	0.09743399999999999
1.3	0.097492
1.3	0.09769399999999999
1.3	0.097752
1.3	0.09807
1.3	0.098092
1.3	0.0985
1.3	0.09856000000000001
1.3	0.098964
1.3	0.099164
1.3	0.099468
1.3	0.099878
1.3	0.10069600000000001
1.3	0.10161400000000001
1.31	0.097254
1.31	0.09729800000000001
1.31	0.097318
1.31	0.097454
1.31	0.097484
1.31	0.097742
1.31	0.098082
1.31	0.098118
1.31	0.09849
1.31	0.098624
1.31	0.098956
1.31	0.099244
1.31	0.099464
1.31	0.099976
1.31	0.10081200000000001
1.31	0.10175000000000001
1.32	0.097258
1.32	0.09731000000000001
1.32	0.09747600000000001
1.32	0.09773200000000001
1.32	0.09776199999999999
1.32	0.09807
1.32	0.098166
1.32	0.09848000000000001
1.32	0.098688
1.32	0.09895000000000001
1.32	0.099326
1.32	0.09945999999999999
1.32	0.10007600000000001
1.32	0.100932
1.32	0.10189000000000001
1.33	0.097262
1.33	0.09732199999999999
1.33	0.09747
1.33	0.0975
1.33	0.097722
1.33	0.09779600000000001
1.33	0.09806000000000001
1.33	0.098216
1.33	0.098472
1.33	0.098754
1.33	0.098942
1.33	0.09940800000000001
1.33	0.099456
1.33	0.100176
1.33	0.101052
1.3399999999999999	0.09726399999999999
1.3399999999999999	0.09731000000000001
1.3399999999999999	0.097334
1.3399999999999999	0.09746200000000001
1.3399999999999999	0.097522
1.3399999999999999	0.097712
1.3399999999999999	0.097832
1.3399999999999999	0.09805
1.3399999999999999	0.09826599999999999
1.3399999999999999	0.09846200000000001
1.3399999999999999	0.09881999999999999
1.3399999999999999	0.098934
1.3399999999999999	0.09945200000000001
1.3399999999999999	0.099492
1.3399999999999999	0.10028000000000001
1.3399999999999999	0.101176
1.3499999999999999	0.097268
1.3499999999999999	0.09730799999999999
1.3499999999999999	0.097348
1.3499999999999999	0.097456
1.3499999999999999	0.097546
1.3499999999999999	0.097704
1.3499999999999999	0.09787
1.3499999999999999	0.09804
1.3499999999999999	0.098318
1.3499999999999999	0.09845200000000001
1.3499999999999999	0.098888
1.3499999999999999	0.098928
1.3499999999999999	0.09945000000000001
1.3499999999999999	0.099578
1.3499999999999999	0.100384
1.3499999999999999	0.1013
1.3599999999999999	0.097272
1.3599999999999999	0.097306
1.3599999999999999	0.097362
1.3599999999999999	0.09745000000000001
1.3599999999999999	0.097572
1.3599999999999999	0.09769399999999999
1.3599999999999999	0.09790800000000001
1.3599999999999999	0.09803
1.3599999999999999	0.09837
1.3599999999999999	0.098444
1.3599999999999999	0.09892000000000001
1.3599999999999999	0.098956
1.3599999999999999	0.099446
1.3599999999999999	0.099666
1.3599999999999999	0.10049
1.3599999999999999	0.10142599999999999
1.3699999999999999	0.09728
1.3699999999999999	0.097304
1.3699999999999999	0.09737599999999999
1.3699999999999999	0.097442
1.3699999999999999	0.09759799999999999
1.3699999999999999	0.097684
1.3699999999999999	0.09794800000000001
1.3699999999999999	0.09802
1.3699999999999999	0.098424
1.3699999999999999	0.098914
1.3699999999999999	0.099028
1.3699999999999999	0.099442
1.3699999999999999	0.099754
1.3699999999999999	0.100598
1.3699999999999999	0.101552
1.38	0.09728600000000001
1.38	0.097392
1.38	0.097436
1.38	0.097624
1.38	0.09767600000000001
1.38	0.09798799999999999
1.38	0.09801
1.38	0.098426
1.38	0.09848000000000001
1.38	0.09890600000000001
1.38	0.0991
1.38	0.099438
1.38	0.099844
1.38	0.100706
1.38	0.10168200000000001
1.39	0.097294
1.39	0.09740800000000001
1.39	0.097432
1.39	0.097652
1.39	0.097668
1.39	0.098
1.39	0.098028
1.39	0.098416
1.39	0.098536
1.39	0.0989
1.39	0.09917200000000001
1.39	0.099434
1.39	0.099934
1.39	0.10081599999999999
1.39	0.10181200000000001
1.4	0.0973
1.4	0.097426
1.4	0.097658
1.4	0.09768
1.4	0.09799
1.4	0.09807
1.4	0.09840600000000001
1.4	0.098592
1.4	0.09889200000000001
1.4	0.099246
1.4	0.09943
1.4	0.100028
1.4	0.10092799999999999
1.4	0.10194399999999999
1.41	0.09729
1.41	0.09730799999999999
1.41	0.09742
1.41	0.097442
1.41	0.09765
1.41	0.09770999999999999
1.41	0.09798000000000001
1.41	0.098112
1.41	0.09839800000000001
1.41	0.098652
1.41	0.098886
1.41	0.099322
1.41	0.099426
1.41	0.100122
1.41	0.101042
1.42	0.097304
1.42	0.097416
1.42	0.09745999999999999
1.42	0.09764199999999999
1.42	0.09774
1.42	0.097972
1.42	0.098156
1.42	0.098388
1.42	0.09870999999999999
1.42	0.098878
1.42	0.0994
1.42	0.099422
1.42	0.100216
1.42	0.101156
1.43	0.097304
1.43	0.09741
1.43	0.097478
1.43	0.097634
1.43	0.09777
1.43	0.097962
1.43	0.098202
1.43	0.09838
1.43	0.098772
1.43	0.098872
1.43	0.099418
1.43	0.099478
1.43	0.10031400000000001
1.43	0.101274
1.44	0.0973
1.44	0.097334
1.44	0.097406
1.44	0.097498
1.44	0.097626
1.44	0.09780200000000001
1.44	0.09795200000000001
1.44	0.098248
1.44	0.09837199999999999
1.44	0.098834
1.44	0.098864
1.44	0.099414
1.44	0.099556
1.44	0.10041199999999999
1.44	0.101392
1.45	0.097304
1.45	0.09734400000000001
1.45	0.097402
1.45	0.09751800000000001
1.45	0.09761800000000001
1.45	0.097834
1.45	0.097944
1.45	0.098294
1.45	0.098362
1.45	0.098858
1.45	0.09889600000000001
1.45	0.09941
1.45	0.099636
1.45	0.10051
1.45	0.10151
1.46	0.09730799999999999
1.46	0.097354
1.46	0.09739800000000001
1.46	0.097538
1.46	0.097612
1.46	0.097868
1.46	0.097934
1.46	0.09834200000000001
1.46	0.09885
1.46	0.09895999999999999
1.46	0.09940600000000001
1.46	0.099718
1.46	0.100612
1.46	0.10163
1.47	0.097312
1.47	0.097364
1.47	0.097396
1.47	0.09756000000000001
1.47	0.097604
1.47	0.097902
1.47	0.097926
1.47	0.098344
1.47	0.09839
1.47	0.09884400000000002
1.47	0.099026
1.47	0.099402
1.47	0.099802
1.47	0.100714
1.47	0.10175400000000001
1.48	0.09731400000000001
1.48	0.097392
1.48	0.097582
1.48	0.09791799999999999
1.48	0.098336
1.48	0.09844
1.48	0.09883600000000001
1.48	0.099092
1.48	0.09939800000000001
1.48	0.099886
1.48	0.10081599999999999
1.48	0.10187600000000001
1.49	0.097318
1.49	0.097388
1.49	0.09759000000000001
1.49	0.09790800000000001
1.49	0.097972
1.49	0.098328
1.49	0.09849
1.49	0.09883
1.49	0.099158
1.49	0.09939400000000001
1.49	0.099972
1.49	0.100922
1.5	0.09732199999999999
1.5	0.0974
1.5	0.097584
1.5	0.097628
1.5	0.0979
1.5	0.09800800000000001
1.5	0.09832
1.5	0.09854199999999999
1.5	0.098824
1.5	0.09922600000000001
1.5	0.09939
1.5	0.10005800000000001
1.5	0.101028
1.51	0.097326
1.51	0.097384
1.51	0.09741200000000001
1.51	0.097576
1.51	0.097652
1.51	0.097892
1.51	0.098046
1.51	0.09831000000000001
1.51	0.098594
1.51	0.09881599999999999
1.51	0.09929600000000001
1.51	0.099388
1.51	0.100146
1.51	0.10113400000000002
1.52	0.09733
1.52	0.097382
1.52	0.097426
1.52	0.09757
1.52	0.09767600000000001
1.52	0.097882
1.52	0.09808399999999999
1.52	0.098302
1.52	0.098648
1.52	0.09881000000000001
1.52	0.099366
1.52	0.100234
1.52	0.101244
1.53	0.097332
1.53	0.09738
1.53	0.09744
1.53	0.09756400000000001
1.53	0.097702
1.53	0.09787399999999999
1.53	0.098122
1.53	0.098294
1.53	0.098702
1.53	0.098802
1.53	0.09938
1.53	0.099438
1.53	0.100324
1.53	0.101352
1.54	0.09734000000000001
1.54	0.09737799999999999
1.54	0.09745400000000001
1.54	0.097558
1.54	0.09772800000000001
1.54	0.097866
1.54	0.098162
1.54	0.09828600000000001
1.54	0.098758
1.54	0.098796
1.54	0.09937599999999999
1.54	0.099512
1.54	0.10041599999999999
1.54	0.101464
1.55	0.097346
1.55	0.09737599999999999
1.55	0.09747
1.55	0.097552
1.55	0.09775400000000001
1.55	0.097858
1.55	0.098202
1.55	0.098278
1.55	0.09879
1.55	0.098814
1.55	0.09937199999999999
1.55	0.099584
1.55	0.100508
1.55	0.101576
1.56	0.097352
1.56	0.09737599999999999
1.56	0.097484
1.56	0.097546
1.56	0.09778200000000001
1.56	0.09784999999999999
1.56	0.098244
1.56	0.09827
1.56	0.09878200000000001
1.56	0.098872
1.56	0.099368
1.56	0.09966
1.56	0.100602
1.56	0.10169
1.57	0.097358
1.57	0.0975
1.57	0.09754199999999999
1.57	0.09781000000000001
1.57	0.09784200000000001
1.57	0.09826
1.57	0.09828600000000001
1.57	0.098776
1.57	0.09893
1.57	0.09936400000000001
1.57	0.099736
1.57	0.10069600000000001
1.57	0.101804
1.58	0.09734999999999999
1.58	0.09737399999999999
1.58	0.09751800000000001
1.58	0.09783800000000001
1.58	0.098252
1.58	0.098328
1.58	0.09877
1.58	0.09898799999999999
1.58	0.09936
1.58	0.099812
1.58	0.10079199999999999
1.58	0.10192000000000001
1.59	0.09737199999999999
1.59	0.097534
1.59	0.097828
1.59	0.097866
1.59	0.098244
1.59	0.09837199999999999
1.59	0.09876199999999999
1.59	0.099048
1.59	0.099356
1.59	0.09989
1.59	0.10089000000000001
1.6	0.09738
1.6	0.097526
1.6	0.097552
1.6	0.09782
1.6	0.09789600000000001
1.6	0.098236
1.6	0.098416
1.6	0.098756
1.6	0.09911
1.6	0.099352
1.6	0.09997
1.6	0.10098800000000001
1.61	0.09736
1.61	0.097388
1.61	0.097522
1.61	0.09757
1.61	0.097812
1.61	0.097928
1.61	0.09822800000000001
1.61	0.09846200000000001
1.61	0.09875
1.61	0.09917200000000001
1.61	0.09935
1.61	0.10005
1.61	0.101088
1.62	0.09737599999999999
1.62	0.097516
1.62	0.09758800000000001
1.62	0.097804
1.62	0.097958
1.62	0.098222
1.62	0.098508
1.62	0.098742
1.62	0.099234
1.62	0.099346
1.62	0.10013
1.62	0.10118800000000001
1.6300000000000001	0.09737599999999999
1.6300000000000001	0.097404
1.6300000000000001	0.097512
1.6300000000000001	0.097608
1.6300000000000001	0.09779800000000001
1.6300000000000001	0.09799
1.6300000000000001	0.098214
1.6300000000000001	0.098556
1.6300000000000001	0.098736
1.6300000000000001	0.099298
1.6300000000000001	0.09934200000000001
1.6300000000000001	0.10021200000000001
1.6300000000000001	0.10129
1.6400000000000001	0.09737799999999999
1.6400000000000001	0.097414
1.6400000000000001	0.097508
1.6400000000000001	0.097628
1.6400000000000001	0.09779
1.6400000000000001	0.098024
1.6400000000000001	0.09820599999999999
1.6400000000000001	0.098602
1.6400000000000001	0.09873
1.6400000000000001	0.09933800000000001
1.6400000000000001	0.099362
1.6400000000000001	0.10029600000000001
1.6400000000000001	0.101392
1.6500000000000001	0.097374
1.6500000000000001	0.097424
1.6500000000000001	0.09750400000000001
1.6500000000000001	0.097648
1.6500000000000001	0.09778400000000001
1.6500000000000001	0.098056
1.6500000000000001	0.09819800000000001
1.6500000000000001	0.098652
1.6500000000000001	0.098724
1.6500000000000001	0.099334
1.6500000000000001	0.099428
1.6500000000000001	0.10038
1.6500000000000001	0.101496
1.6600000000000001	0.09737799999999999
1.6600000000000001	0.09743399999999999
1.6600000000000001	0.0975
1.6600000000000001	0.097668
1.6600000000000001	0.097776
1.6600000000000001	0.09809000000000001
1.6600000000000001	0.09819
1.6600000000000001	0.09870000000000001
1.6600000000000001	0.098716
1.6600000000000001	0.09933
1.6600000000000001	0.099494
1.6600000000000001	0.100464
1.6600000000000001	0.1016
1.6700000000000002	0.097382
1.6700000000000002	0.097444
1.6700000000000002	0.097498
1.6700000000000002	0.09769
1.6700000000000002	0.09777
1.6700000000000002	0.098126
1.6700000000000002	0.098182
1.6700000000000002	0.09870999999999999
1.6700000000000002	0.09875
1.6700000000000002	0.099326
1.6700000000000002	0.09956200000000001
1.6700000000000002	0.10055
1.6700000000000002	0.101706
1.6800000000000002	0.097386
1.6800000000000002	0.097456
1.6800000000000002	0.097494
1.6800000000000002	0.097712
1.6800000000000002	0.09776399999999999
1.6800000000000002	0.09816
1.6800000000000002	0.098704
1.6800000000000002	0.098802
1.6800000000000002	0.099322
1.6800000000000002	0.09963
1.6800000000000002	0.100638
1.6800000000000002	0.101814
1.6900000000000002	0.097388
1.6900000000000002	0.09746600000000001
1.6900000000000002	0.09749
1.6900000000000002	0.097734
1.6900000000000002	0.097758
1.6900000000000002	0.098168
1.6900000000000002	0.098196
1.6900000000000002	0.098698
1.6900000000000002	0.098854
1.6900000000000002	0.09931999999999999
1.6900000000000002	0.09970000000000001
1.6900000000000002	0.10072600000000001
1.6900000000000002	0.101922
1.7	0.097392
1.7	0.097488
1.7	0.097758
1.7	0.09816
1.7	0.09823400000000002
1.7	0.098692
1.7	0.09890600000000001
1.7	0.09931599999999999
1.7	0.09977
1.7	0.100814
1.71	0.09739600000000001
1.71	0.09749
1.71	0.09774400000000001
1.71	0.09778
1.71	0.09815199999999999
1.71	0.09827
1.71	0.09868600000000001
1.71	0.098958
1.71	0.099312
1.71	0.09984
1.71	0.100904
1.72	0.09739800000000001
1.72	0.097482
1.72	0.09750400000000001
1.72	0.097738
1.72	0.097806
1.72	0.098146
1.72	0.09830799999999999
1.72	0.098678
1.72	0.099014
1.72	0.099308
1.72	0.099912
1.72	0.100996
1.73	0.097402
1.73	0.09748000000000001
1.73	0.097516
1.73	0.09773200000000001
1.73	0.09783
1.73	0.09813799999999999
1.73	0.098348
1.73	0.09867200000000001
1.73	0.099068
1.73	0.09930399999999999
1.73	0.09998399999999999
1.73	0.101088
1.74	0.097406
1.74	0.097478
1.74	0.09753
1.74	0.09772600000000001
1.74	0.097854
1.74	0.098132
1.74	0.098386
1.74	0.098666
1.74	0.099124
1.74	0.0993
1.74	0.10005800000000001
1.74	0.10117999999999999
1.75	0.09741200000000001
1.75	0.09747600000000001
1.75	0.09754399999999999
1.75	0.09772
1.75	0.09788
1.75	0.098124
1.75	0.098426
1.75	0.09866
1.75	0.09918
1.75	0.09929600000000001
1.75	0.100132
1.75	0.101274
1.76	0.097416
1.76	0.09747399999999999
1.76	0.097558
1.76	0.097716
1.76	0.097906
1.76	0.098118
1.76	0.098468
1.76	0.09865399999999999
1.76	0.099236
1.76	0.09929400000000001
1.76	0.100208
1.76	0.10137
1.77	0.097416
1.77	0.097472
1.77	0.097572
1.77	0.09770999999999999
1.77	0.097934
1.77	0.09811
1.77	0.098508
1.77	0.098648
1.77	0.09929
1.77	0.100284
1.77	0.10146599999999999
1.78	0.09742
1.78	0.097472
1.78	0.09758800000000001
1.78	0.097704
1.78	0.09795999999999999
1.78	0.098104
1.78	0.09855
1.78	0.098642
1.78	0.09928600000000001
1.78	0.099354
1.78	0.10036199999999999
1.78	0.101562
1.79	0.097432
1.79	0.09747
1.79	0.097602
1.79	0.09770000000000001
1.79	0.09798799999999999
1.79	0.09809599999999999
1.79	0.098594
1.79	0.098636
1.79	0.09928200000000001
1.79	0.099414
1.79	0.10044
1.79	0.10166
1.8	0.09744
1.8	0.09747
1.8	0.09761800000000001
1.8	0.09769399999999999
1.8	0.09801800000000001
1.8	0.09809000000000001
1.8	0.098636
1.8	0.099278
1.8	0.09947399999999999
1.8	0.100518
1.8	0.10175800000000002
1.81	0.09743
1.81	0.097446
1.81	0.097468
1.81	0.097636
1.81	0.097688
1.81	0.098046
1.81	0.09808399999999999
1.81	0.098624
1.81	0.09868
1.81	0.099274
1.81	0.099534
1.81	0.100598
1.81	0.101858
1.82	0.09745200000000001
1.82	0.097468
1.82	0.097652
1.82	0.097684
1.82	0.09807600000000001
1.82	0.09861800000000001
1.82	0.09872600000000001
1.82	0.09927
1.82	0.09959599999999999
1.82	0.100678
1.82	0.10196
1.83	0.097438
1.83	0.097468
1.83	0.09768
1.83	0.09807
1.83	0.098106
1.83	0.09861
1.83	0.09877
1.83	0.099268
1.83	0.099658
1.83	0.10076
1.84	0.09744
1.84	0.097468
1.84	0.09768600000000001
1.84	0.09806400000000001
1.84	0.098136
1.84	0.098604
1.84	0.09881599999999999
1.84	0.09926399999999999
1.84	0.099722
1.84	0.10084200000000001
1.85	0.097468
1.85	0.09767
1.85	0.097704
1.85	0.098058
1.85	0.098168
1.85	0.09859799999999999
1.85	0.098862
1.85	0.09926
1.85	0.09978600000000001
1.85	0.100926
1.86	0.097448
1.86	0.097468
1.86	0.097666
1.86	0.097722
1.86	0.09805
1.86	0.09819800000000001
1.86	0.098594
1.86	0.09891
1.86	0.099256
1.86	0.09985
1.86	0.10101
1.87	0.09745000000000001
1.87	0.097468
1.87	0.09749
1.87	0.097662
1.87	0.097742
1.87	0.09804399999999999
1.87	0.09823200000000001
1.87	0.09858800000000001
1.87	0.098958
1.87	0.09925199999999999
1.87	0.099916
1.87	0.10109399999999999
1.8800000000000001	0.09747
1.8800000000000001	0.0975
1.8800000000000001	0.097658
1.8800000000000001	0.09776199999999999
1.8800000000000001	0.098038
1.8800000000000001	0.09826399999999999
1.8800000000000001	0.098582
1.8800000000000001	0.09900600000000001
1.8800000000000001	0.09925
1.8800000000000001	0.09998199999999999
1.8800000000000001	0.10117999999999999
1.8900000000000001	0.09747
1.8900000000000001	0.097508
1.8900000000000001	0.09765399999999999
1.8900000000000001	0.09778
1.8900000000000001	0.098032
1.8900000000000001	0.09829600000000001
1.8900000000000001	0.098576
1.8900000000000001	0.099056
1.8900000000000001	0.099246
1.8900000000000001	0.10005
1.8900000000000001	0.10126600000000001
1.9000000000000001	0.097472
1.9000000000000001	0.09751800000000001
1.9000000000000001	0.09765
1.9000000000000001	0.09780200000000001
1.9000000000000001	0.098026
1.9000000000000001	0.09833
1.9000000000000001	0.09856999999999999
1.9000000000000001	0.099106
1.9000000000000001	0.09924200000000001
1.9000000000000001	0.100118
1.9000000000000001	0.10135400000000001
1.9100000000000001	0.09747399999999999
1.9100000000000001	0.097526
1.9100000000000001	0.097646
1.9100000000000001	0.097822
1.9100000000000001	0.09802
1.9100000000000001	0.098366
1.9100000000000001	0.09856400000000001
1.9100000000000001	0.099156
1.9100000000000001	0.099238
1.9100000000000001	0.100186
1.9100000000000001	0.101442
1.9200000000000002	0.097468
1.9200000000000002	0.097536
1.9200000000000002	0.09764199999999999
1.9200000000000002	0.09784200000000001
1.9200000000000002	0.098014
1.9200000000000002	0.0984
1.9200000000000002	0.098558
1.9200000000000002	0.09920799999999999
1.9200000000000002	0.099234
1.9200000000000002	0.10025600000000001
1.9200000000000002	0.10153000000000001
1.9300000000000002	0.097472
1.9300000000000002	0.097546
1.9300000000000002	0.097638
1.9300000000000002	0.09786399999999999
1.9300000000000002	0.09800800000000001
1.9300000000000002	0.098436
1.9300000000000002	0.098552
1.9300000000000002	0.099232
1.9300000000000002	0.099258
1.9300000000000002	0.100326
1.9300000000000002	0.10162
1.94	0.097478
1.94	0.097558
1.94	0.097636
1.94	0.097886
1.94	0.098002
1.94	0.098472
1.94	0.098546
1.94	0.09922800000000001
1.94	0.099312
1.94	0.100396
1.94	0.10171
1.95	0.097478
1.95	0.09756800000000002
1.95	0.09763200000000001
1.95	0.09790800000000001
1.95	0.097996
1.95	0.098508
1.95	0.09854
1.95	0.099224
1.95	0.09936400000000001
1.95	0.100468
1.95	0.10180199999999999
1.96	0.097482
1.96	0.097578
1.96	0.09763
1.96	0.09793
1.96	0.09799
1.96	0.09854399999999999
1.96	0.09922
1.96	0.099418
1.96	0.10054
1.96	0.101894
1.97	0.09748599999999999
1.97	0.09759000000000001
1.97	0.097626
1.97	0.09795400000000001
1.97	0.097986
1.97	0.09853
1.97	0.098582
1.97	0.099216
1.97	0.099472
1.97	0.100612
1.97	0.101986
1.98	0.09748799999999999
1.98	0.097602
1.98	0.097624
1.98	0.09798000000000001
1.98	0.098524
1.98	0.09862
1.98	0.099214
1.98	0.09952799999999999
1.98	0.10068600000000001
1.99	0.097492
1.99	0.097614
1.99	0.097974
1.99	0.098002
1.99	0.09851800000000001
1.99	0.09866
1.99	0.09920999999999999
1.99	0.099582
1.99	0.10076
2.	0.097496
2.	0.09761800000000001
2.	0.097968
2.	0.098026
2.	0.098512
2.	0.098698
2.	0.09920599999999999
2.	0.099638
2.	0.100836
2.01	0.0975
2.01	0.09761600000000001
2.01	0.09764
2.01	0.097964
2.01	0.09805
2.01	0.098508
2.01	0.098738
2.01	0.099202
2.01	0.099696
2.01	0.10091
2.02	0.097502
2.02	0.097614
2.02	0.097652
2.02	0.097958
2.02	0.09807600000000001
2.02	0.098502
2.02	0.098778
2.02	0.09920000000000001
2.02	0.099754
2.02	0.10098800000000001
2.03	0.09750600000000001
2.03	0.097612
2.03	0.097666
2.03	0.09795400000000001
2.03	0.098102
2.03	0.098496
2.03	0.09881799999999999
2.03	0.099196
2.03	0.099812
2.03	0.101064
2.04	0.09751
2.04	0.09761
2.04	0.09768
2.04	0.09794800000000001
2.04	0.098128
2.04	0.09849
2.04	0.09886
2.04	0.099192
2.04	0.09987
2.04	0.101142
2.05	0.097516
2.05	0.097608
2.05	0.09769399999999999
2.05	0.097942
2.05	0.09815399999999999
2.05	0.09848599999999999
2.05	0.098902
2.05	0.099188
2.05	0.09993
2.05	0.10122
2.06	0.097516
2.06	0.097606
2.06	0.09770799999999999
2.06	0.097938
2.06	0.098182
2.06	0.09848000000000001
2.06	0.098944
2.06	0.099186
2.06	0.09999
2.06	0.1013
2.07	0.09752
2.07	0.097604
2.07	0.097722
2.07	0.097934
2.07	0.09820799999999999
2.07	0.09847399999999999
2.07	0.09898799999999999
2.07	0.099182
2.07	0.10005
2.07	0.10138
2.08	0.09753
2.08	0.097602
2.08	0.097736
2.08	0.097928
2.08	0.098236
2.08	0.09847
2.08	0.09903
2.08	0.09917800000000002
2.08	0.10011
2.08	0.10146
2.09	0.097536
2.09	0.097602
2.09	0.097752
2.09	0.097924
2.09	0.09826399999999999
2.09	0.098464
2.09	0.099074
2.09	0.09917400000000001
2.09	0.100172
2.09	0.101542
2.1	0.09753
2.1	0.09759999999999999
2.1	0.097768
2.1	0.09791799999999999
2.1	0.098294
2.1	0.098458
2.1	0.099118
2.1	0.09917200000000001
2.1	0.100234
2.1	0.101624
2.11	0.097548
2.11	0.09759999999999999
2.11	0.09778400000000001
2.11	0.097914
2.11	0.09832199999999999
2.11	0.09845400000000001
2.11	0.099168
2.11	0.100298
2.11	0.101706
2.12	0.097554
2.12	0.09759799999999999
2.12	0.0978
2.12	0.09791
2.12	0.098352
2.12	0.09844800000000001
2.12	0.099164
2.12	0.09920999999999999
2.12	0.10036199999999999
2.12	0.10178999999999999
2.13	0.09754
2.13	0.09756000000000001
2.13	0.09759799999999999
2.13	0.097816
2.13	0.097906
2.13	0.098382
2.13	0.098444
2.13	0.09916
2.13	0.099256
2.13	0.10042599999999999
2.13	0.10187399999999999
2.14	0.09756600000000001
2.14	0.09759799999999999
2.14	0.097834
2.14	0.0979
2.14	0.09841200000000001
2.14	0.098438
2.14	0.099158
2.14	0.099302
2.14	0.10049
2.14	0.101958
2.15	0.097548
2.15	0.097572
2.15	0.09759599999999999
2.15	0.09784999999999999
2.15	0.09789600000000001
2.15	0.098442
2.15	0.09915399999999999
2.15	0.099348
2.15	0.100556
2.16	0.09755
2.16	0.09758
2.16	0.097868
2.16	0.097892
2.16	0.098428
2.16	0.09847399999999999
2.16	0.09915
2.16	0.09939600000000001
2.16	0.10062199999999999
2.17	0.097554
2.17	0.097596
2.17	0.097888
2.17	0.098422
2.17	0.09850600000000001
2.17	0.099148
2.17	0.099444
2.17	0.100688
2.1799999999999997	0.097558
2.1799999999999997	0.097596
2.1799999999999997	0.097904
2.1799999999999997	0.098418
2.1799999999999997	0.098538
2.1799999999999997	0.099144
2.1799999999999997	0.099492
2.1799999999999997	0.100756
2.1899999999999995	0.09756000000000001
2.1899999999999995	0.09759599999999999
2.1899999999999995	0.09788
2.1899999999999995	0.097922
2.1899999999999995	0.09841200000000001
2.1899999999999995	0.09856999999999999
2.1899999999999995	0.09914
2.1899999999999995	0.09954199999999999
2.1899999999999995	0.100824
2.1999999999999997	0.09756400000000001
2.1999999999999997	0.09761
2.1999999999999997	0.09787599999999999
2.1999999999999997	0.097942
2.1999999999999997	0.09840800000000001
2.1999999999999997	0.098604
2.1999999999999997	0.09913799999999999
2.1999999999999997	0.099592
2.1999999999999997	0.10089200000000001
2.2099999999999995	0.09756800000000002
2.2099999999999995	0.09759599999999999
2.2099999999999995	0.09761800000000001
2.2099999999999995	0.097872
2.2099999999999995	0.09795999999999999
2.2099999999999995	0.098402
2.2099999999999995	0.098636
2.2099999999999995	0.099134
2.2099999999999995	0.099642
2.2099999999999995	0.10096
2.2199999999999998	0.09757
2.2199999999999998	0.09759799999999999
2.2199999999999998	0.09762599999999999
2.2199999999999998	0.097868
2.2199999999999998	0.09798000000000001
2.2199999999999998	0.09839800000000001
2.2199999999999998	0.09867000000000001
2.2199999999999998	0.09913
2.2199999999999998	0.099692
2.2199999999999998	0.10103000000000001
2.2299999999999995	0.09759799999999999
2.2299999999999995	0.097634
2.2299999999999995	0.09786399999999999
2.2299999999999995	0.098
2.2299999999999995	0.09839400000000001
2.2299999999999995	0.098704
2.2299999999999995	0.099126
2.2299999999999995	0.099744
2.2299999999999995	0.1011
2.24	0.097578
2.24	0.09759799999999999
2.24	0.09764199999999999
2.24	0.097862
2.24	0.09802
2.24	0.098388
2.24	0.098738
2.24	0.099124
2.24	0.099796
2.24	0.10117000000000001
2.25	0.097582
2.25	0.09759999999999999
2.25	0.097652
2.25	0.097858
2.25	0.09804
2.25	0.098384
2.25	0.098774
2.25	0.09912
2.25	0.099848
2.25	0.10124200000000001
2.2600000000000002	0.09759999999999999
2.2600000000000002	0.09766
2.2600000000000002	0.097854
2.2600000000000002	0.09806000000000001
2.2600000000000002	0.098378
2.2600000000000002	0.09881000000000001
2.2600000000000002	0.09911600000000001
2.2600000000000002	0.0999
2.2600000000000002	0.10131400000000002
2.27	0.097602
2.27	0.09767
2.27	0.09784999999999999
2.27	0.098082
2.27	0.09837399999999999
2.27	0.098846
2.27	0.09911400000000001
2.27	0.09995200000000001
2.27	0.101386
2.2800000000000002	0.097592
2.2800000000000002	0.09768
2.2800000000000002	0.097848
2.2800000000000002	0.098104
2.2800000000000002	0.09837
2.2800000000000002	0.098882
2.2800000000000002	0.09911
2.2800000000000002	0.100006
2.2800000000000002	0.101458
2.29	0.097594
2.29	0.09769
2.29	0.09784400000000001
2.29	0.098124
2.29	0.09836400000000001
2.29	0.09891799999999999
2.29	0.099106
2.29	0.10006000000000001
2.29	0.101532
2.3	0.09759799999999999
2.3	0.09770000000000001
2.3	0.09784200000000001
2.3	0.098146
2.3	0.09836
2.3	0.098954
2.3	0.099104
2.3	0.10011600000000001
2.3	0.101606
2.3099999999999996	0.097608
2.3099999999999996	0.09770999999999999
2.3099999999999996	0.09783800000000001
2.3099999999999996	0.09817000000000001
2.3099999999999996	0.098356
2.3099999999999996	0.098992
2.3099999999999996	0.0991
2.3099999999999996	0.10017000000000001
2.3099999999999996	0.10167999999999999
2.32	0.09761
2.32	0.09772
2.32	0.097836
2.32	0.098192
2.32	0.09834999999999999
2.32	0.09903
2.32	0.09909799999999999
2.32	0.100226
2.32	0.101756
2.3299999999999996	0.097608
2.3299999999999996	0.09773200000000001
2.3299999999999996	0.097832
2.3299999999999996	0.098216
2.3299999999999996	0.098346
2.3299999999999996	0.099068
2.3299999999999996	0.099094
2.3299999999999996	0.10028200000000001
2.3299999999999996	0.101832
2.34	0.097612
2.34	0.097742
2.34	0.09783
2.34	0.098238
2.34	0.09834200000000001
2.34	0.09909000000000001
2.34	0.099108
2.34	0.100338
2.34	0.101908
2.3499999999999996	0.09761600000000001
2.3499999999999996	0.09775400000000001
2.3499999999999996	0.097826
2.3499999999999996	0.098262
2.3499999999999996	0.09833800000000001
2.3499999999999996	0.099088
2.3499999999999996	0.099146
2.3499999999999996	0.100396
2.3499999999999996	0.101984
2.3600000000000003	0.09761800000000001
2.3600000000000003	0.09776599999999999
2.3600000000000003	0.097824
2.3600000000000003	0.09828600000000001
2.3600000000000003	0.098332
2.3600000000000003	0.09908399999999999
2.3600000000000003	0.099186
2.3600000000000003	0.100454
2.37	0.097622
2.37	0.097778
2.37	0.097822
2.37	0.09831000000000001
2.37	0.098328
2.37	0.09908
2.37	0.09922600000000001
2.37	0.100512
2.3800000000000003	0.097626
2.3800000000000003	0.09779
2.3800000000000003	0.097818
2.3800000000000003	0.098324
2.3800000000000003	0.099078
2.3800000000000003	0.099266
2.3800000000000003	0.10056999999999999
2.39	0.097628
2.39	0.09780200000000001
2.39	0.09832
2.39	0.09836
2.39	0.099074
2.39	0.099308
2.39	0.10062800000000001
2.4000000000000004	0.09763200000000001
2.4000000000000004	0.097814
2.4000000000000004	0.098316
2.4000000000000004	0.098386
2.4000000000000004	0.09906999999999999
2.4000000000000004	0.099348
2.4000000000000004	0.100688
2.41	0.097634
2.41	0.097812
2.41	0.098312
2.41	0.09841
2.41	0.099068
2.41	0.09939
2.41	0.10074799999999999
2.42	0.097638
2.42	0.09781000000000001
2.42	0.09784000000000001
2.42	0.098306
2.42	0.098436
2.42	0.09906400000000001
2.42	0.099432
2.42	0.10080800000000001
2.4299999999999997	0.09764199999999999
2.4299999999999997	0.097808
2.4299999999999997	0.09785200000000001
2.4299999999999997	0.098302
2.4299999999999997	0.09846200000000001
2.4299999999999997	0.09906200000000001
2.4299999999999997	0.09947399999999999
2.4299999999999997	0.10087
2.44	0.097646
2.44	0.097806
2.44	0.097866
2.44	0.09829800000000001
2.44	0.09849
2.44	0.09905800000000001
2.44	0.09951800000000001
2.44	0.100932
2.4499999999999997	0.097648
2.4499999999999997	0.097804
2.4499999999999997	0.09788
2.4499999999999997	0.098294
2.4499999999999997	0.098516
2.4499999999999997	0.099054
2.4499999999999997	0.09956000000000001
2.4499999999999997	0.100994
2.46	0.097652
2.46	0.09780200000000001
2.46	0.09789400000000001
2.46	0.09829
2.46	0.09854399999999999
2.46	0.099052
2.46	0.099604
2.46	0.101056
2.4699999999999998	0.097658
2.4699999999999998	0.0978
2.4699999999999998	0.09790800000000001
2.4699999999999998	0.09828600000000001
2.4699999999999998	0.09857199999999999
2.4699999999999998	0.099048
2.4699999999999998	0.099648
2.4699999999999998	0.101118
2.48	0.097662
2.48	0.09779800000000001
2.48	0.097922
2.48	0.09828200000000001
2.48	0.09859799999999999
2.48	0.099046
2.48	0.099692
2.48	0.101182
2.4899999999999998	0.097662
2.4899999999999998	0.09779600000000001
2.4899999999999998	0.097936
2.4899999999999998	0.098278
2.4899999999999998	0.09862800000000001
2.4899999999999998	0.099042
2.4899999999999998	0.09973800000000001
2.4899999999999998	0.10124599999999999
2.5	0.09767200000000001
2.5	0.097794
2.5	0.09795200000000001
2.5	0.098274
2.5	0.098656
2.5	0.09904
2.5	0.09978200000000001
2.5	0.10131000000000001
2.51	0.09767600000000001
2.51	0.097794
2.51	0.097966
2.51	0.09827
2.51	0.09868400000000001
2.51	0.099036
2.51	0.099828
2.51	0.101374
2.52	0.09767200000000001
2.52	0.097792
2.52	0.097982
2.52	0.09826599999999999
2.52	0.098714
2.52	0.099032
2.52	0.09987399999999999
2.52	0.10144
2.53	0.09768600000000001
2.53	0.09779
2.53	0.097996
2.53	0.098262
2.53	0.098744
2.53	0.09903
2.53	0.09992000000000001
2.53	0.101504
2.54	0.097692
2.54	0.09779
2.54	0.098012
2.54	0.098258
2.54	0.098772
2.54	0.099026
2.54	0.099968
2.54	0.10157
2.55	0.097682
2.55	0.097698
2.55	0.09778800000000001
2.55	0.098028
2.55	0.098256
2.55	0.098802
2.55	0.099024
2.55	0.100014
2.55	0.101638
2.56	0.097702
2.56	0.09778800000000001
2.56	0.09804399999999999
2.56	0.098252
2.56	0.098834
2.56	0.09902
2.56	0.10006200000000001
2.56	0.10170399999999999
2.57	0.097688
2.57	0.09770799999999999
2.57	0.09778600000000001
2.57	0.09806200000000001
2.57	0.098248
2.57	0.098864
2.57	0.09901800000000001
2.57	0.10011
2.57	0.101772
2.58	0.097692
2.58	0.097714
2.58	0.09778600000000001
2.58	0.098078
2.58	0.098244
2.58	0.09889600000000001
2.58	0.099014
2.58	0.100158
2.58	0.10184
2.59	0.097694
2.59	0.09772
2.59	0.09778400000000001
2.59	0.098094
2.59	0.09824
2.59	0.098926
2.59	0.099012
2.59	0.100208
2.59	0.101908
2.6	0.097698
2.6	0.09772600000000001
2.6	0.09778400000000001
2.6	0.098112
2.6	0.098236
2.6	0.098958
2.6	0.09900800000000001
2.6	0.10025600000000001
2.6	0.101976
2.61	0.097702
2.61	0.09773200000000001
2.61	0.09778400000000001
2.61	0.09813
2.61	0.09823400000000002
2.61	0.09899
2.61	0.100306
2.62	0.09770399999999999
2.62	0.09774
2.62	0.09778400000000001
2.62	0.098146
2.62	0.09823000000000001
2.62	0.099002
2.62	0.09902200000000001
2.62	0.100356
2.63	0.09770799999999999
2.63	0.097746
2.63	0.09778200000000001
2.63	0.098164
2.63	0.09822600000000001
2.63	0.099
2.63	0.099056
2.63	0.100406
2.64	0.097712
2.64	0.09775400000000001
2.64	0.09778200000000001
2.64	0.098182
2.64	0.098222
2.64	0.098996
2.64	0.099088
2.64	0.100458
2.65	0.097714
2.65	0.09776
2.65	0.09778200000000001
2.65	0.098202
2.65	0.09822
2.65	0.098994
2.65	0.099122
2.65	0.100508
2.66	0.097718
2.66	0.09778200000000001
2.66	0.098216
2.66	0.09899
2.66	0.09915399999999999
2.66	0.10056000000000001
2.67	0.097722
2.67	0.09778200000000001
2.67	0.098212
2.67	0.098238
2.67	0.09898799999999999
2.67	0.099188
2.67	0.100612
2.68	0.097724
2.68	0.09778200000000001
2.68	0.09820999999999999
2.68	0.098258
2.68	0.09898399999999999
2.68	0.099224
2.68	0.100664
2.69	0.09772800000000001
2.69	0.09778200000000001
2.69	0.09820599999999999
2.69	0.098276
2.69	0.09898199999999999
2.69	0.099258
2.69	0.100716
2.7	0.09773200000000001
2.7	0.09778200000000001
2.7	0.09779800000000001
2.7	0.098204
2.7	0.09829600000000001
2.7	0.098978
2.7	0.099292
2.7	0.10077
2.71	0.097734
2.71	0.09778200000000001
2.71	0.097806
2.71	0.09820000000000001
2.71	0.098316
2.71	0.098976
2.71	0.099328
2.71	0.10082200000000001
2.72	0.097738
2.72	0.09778200000000001
2.72	0.097814
2.72	0.098196
2.72	0.098336
2.72	0.098972
2.72	0.09936400000000001
2.72	0.10087600000000001
2.73	0.097742
2.73	0.09778400000000001
2.73	0.097822
2.73	0.098194
2.73	0.098356
2.73	0.09897
2.73	0.09939800000000001
2.73	0.10092999999999999
2.74	0.09774400000000001
2.74	0.09778400000000001
2.74	0.09783
2.74	0.09819
2.74	0.09837599999999999
2.74	0.098966
2.74	0.099436
2.74	0.10098599999999999
2.75	0.097748
2.75	0.09778400000000001
2.75	0.09783800000000001
2.75	0.098188
2.75	0.09839800000000001
2.75	0.098964
2.75	0.099472
2.75	0.10104
2.7600000000000002	0.097752
2.7600000000000002	0.09778600000000001
2.7600000000000002	0.097848
2.7600000000000002	0.09818400000000001
2.7600000000000002	0.098418
2.7600000000000002	0.09895999999999999
2.7600000000000002	0.099508
2.7600000000000002	0.101096
2.77	0.09775400000000001
2.77	0.09778600000000001
2.77	0.09785600000000001
2.77	0.098182
2.77	0.09844
2.77	0.098958
2.77	0.099546
2.77	0.10115199999999999
2.7800000000000002	0.097758
2.7800000000000002	0.09778600000000001
2.7800000000000002	0.097866
2.7800000000000002	0.09817800000000002
2.7800000000000002	0.09845999999999999
2.7800000000000002	0.098956
2.7800000000000002	0.099582
2.7800000000000002	0.101208
2.79	0.09776
2.79	0.09778800000000001
2.79	0.09787399999999999
2.79	0.09817600000000001
2.79	0.098482
2.79	0.09895200000000001
2.79	0.09962
2.79	0.10126399999999999
2.8000000000000003	0.097764
2.8000000000000003	0.09779
2.8000000000000003	0.097884
2.8000000000000003	0.09817200000000001
2.8000000000000003	0.09850400000000001
2.8000000000000003	0.09895000000000001
2.8000000000000003	0.099658
2.8000000000000003	0.10132
2.81	0.097768
2.81	0.09779
2.81	0.09789400000000001
2.81	0.09817000000000001
2.81	0.098526
2.81	0.098946
2.81	0.099696
2.81	0.10137800000000001
2.8200000000000003	0.09777
2.8200000000000003	0.097792
2.8200000000000003	0.097902
2.8200000000000003	0.098168
2.8200000000000003	0.098548
2.8200000000000003	0.098944
2.8200000000000003	0.099734
2.8200000000000003	0.101434
2.83	0.097792
2.83	0.097912
2.83	0.098164
2.83	0.09857199999999999
2.83	0.09894
2.83	0.099774
2.83	0.101492
2.84	0.097778
2.84	0.097922
2.84	0.098162
2.84	0.098594
2.84	0.098938
2.84	0.099812
2.84	0.10155
2.8499999999999996	0.09778
2.8499999999999996	0.09793199999999999
2.8499999999999996	0.09816
2.8499999999999996	0.09861600000000001
2.8499999999999996	0.098936
2.8499999999999996	0.09985200000000001
2.8499999999999996	0.10161
2.86	0.09779800000000001
2.86	0.097944
2.86	0.098156
2.86	0.09864
2.86	0.09893199999999999
2.86	0.09989200000000001
2.86	0.10166800000000001
2.8699999999999997	0.0978
2.8699999999999997	0.09795400000000001
2.8699999999999997	0.09815399999999999
2.8699999999999997	0.098664
2.8699999999999997	0.09893
2.8699999999999997	0.09993199999999999
2.8699999999999997	0.101728
2.88	0.09779
2.88	0.097964
2.88	0.09815199999999999
2.88	0.098688
2.88	0.098926
2.88	0.099972
2.88	0.101786
2.8899999999999997	0.097794
2.8899999999999997	0.097974
2.8899999999999997	0.09815
2.8899999999999997	0.098712
2.8899999999999997	0.098924
2.8899999999999997	0.100014
2.8899999999999997	0.10184599999999999
2.9	0.097804
2.9	0.09798599999999999
2.9	0.098146
2.9	0.098736
2.9	0.098922
2.9	0.100054
2.9	0.101908
2.9099999999999997	0.0978
2.9099999999999997	0.097998
2.9099999999999997	0.098144
2.9099999999999997	0.09876
2.9099999999999997	0.09891799999999999
2.9099999999999997	0.100096
2.9099999999999997	0.10196799999999999
2.92	0.097804
2.92	0.09800800000000001
2.92	0.098142
2.92	0.09878400000000001
2.92	0.098916
2.92	0.10013799999999999
2.9299999999999997	0.097812
2.9299999999999997	0.09802
2.9299999999999997	0.09814
2.9299999999999997	0.09881000000000001
2.9299999999999997	0.098914
2.9299999999999997	0.10017999999999999
2.94	0.09781000000000001
2.94	0.098032
2.94	0.09813799999999999
2.94	0.098834
2.94	0.09891
2.94	0.100222
2.9499999999999997	0.097816
2.9499999999999997	0.09804399999999999
2.9499999999999997	0.098136
2.9499999999999997	0.09886
2.9499999999999997	0.09890800000000001
2.9499999999999997	0.10026399999999999
2.96	0.097816
2.96	0.098054
2.96	0.098134
2.96	0.098886
2.96	0.100306
2.9699999999999998	0.09782
2.9699999999999998	0.098068
2.9699999999999998	0.09813
2.9699999999999998	0.098902
2.9699999999999998	0.10035
2.98	0.097824
2.98	0.09808
2.98	0.098128
2.98	0.0989
2.98	0.098938
2.98	0.10039400000000001
2.9899999999999998	0.097826
2.9899999999999998	0.098092
2.9899999999999998	0.098126
2.9899999999999998	0.098898
2.9899999999999998	0.098964
2.9899999999999998	0.10043600000000001
3.	0.09783
3.	0.098124
3.	0.09889400000000001
3.	0.09899
3.	0.10048
3.01	0.097832
3.01	0.098122
3.01	0.09889200000000001
3.01	0.09901800000000001
3.01	0.100526
3.02	0.097836
3.02	0.09813
3.02	0.09889
3.02	0.099044
3.02	0.10056999999999999
3.03	0.09784000000000001
3.03	0.098118
3.03	0.098142
3.03	0.098886
3.03	0.09907200000000001
3.03	0.10061400000000001
3.04	0.09784200000000001
3.04	0.09811600000000001
3.04	0.098156
3.04	0.098884
3.04	0.09909799999999999
3.04	0.10066
3.05	0.097846
3.05	0.09811600000000001
3.05	0.09817000000000001
3.05	0.098882
3.05	0.099126
3.05	0.100706
3.06	0.097848
3.06	0.098114
3.06	0.098182
3.06	0.098878
3.06	0.09915399999999999
3.06	0.10075
3.07	0.09785200000000001
3.07	0.098112
3.07	0.098196
3.07	0.09887599999999999
3.07	0.099182
3.07	0.100796
3.08	0.09785600000000001
3.08	0.09811
3.08	0.09820999999999999
3.08	0.09887399999999999
3.08	0.099212
3.08	0.100844
3.09	0.09786
3.09	0.098108
3.09	0.098224
3.09	0.098872
3.09	0.09924
3.09	0.10089000000000001
3.1	0.09786399999999999
3.1	0.098106
3.1	0.098238
3.1	0.098868
3.1	0.099268
3.1	0.100936
3.11	0.097868
3.11	0.098106
3.11	0.098252
3.11	0.098866
3.11	0.099298
3.11	0.100984
3.12	0.097872
3.12	0.098104
3.12	0.098268
3.12	0.098864
3.12	0.099326
3.12	0.10103200000000001
3.13	0.09787599999999999
3.13	0.098102
3.13	0.09828200000000001
3.13	0.09886
3.13	0.099356
3.13	0.10108
3.14	0.09788
3.14	0.09809999999999999
3.14	0.09829600000000001
3.14	0.098858
3.14	0.099386
3.14	0.101128
3.15	0.09787799999999999
3.15	0.09809999999999999
3.15	0.098312
3.15	0.09885600000000001
3.15	0.099416
3.15	0.101176
3.16	0.09789
3.16	0.09809799999999999
3.16	0.098326
3.16	0.098854
3.16	0.099446
3.16	0.10122400000000001
3.17	0.097884
3.17	0.09809599999999999
3.17	0.09834200000000001
3.17	0.09885200000000001
3.17	0.099476
3.17	0.101274
3.18	0.097898
3.18	0.09809599999999999
3.18	0.098358
3.18	0.098848
3.18	0.099508
3.18	0.101322
3.19	0.09789
3.19	0.098094
3.19	0.09837399999999999
3.19	0.098846
3.19	0.099538
3.19	0.10137199999999999
3.2	0.09790800000000001
3.2	0.098092
3.2	0.09839
3.2	0.09884400000000002
3.2	0.09956999999999999
3.2	0.10142200000000001
3.21	0.097912
3.21	0.098092
3.21	0.098406
3.21	0.09884200000000001
3.21	0.0996
3.21	0.101472
3.22	0.0979
3.22	0.09791799999999999
3.22	0.09809000000000001
3.22	0.098422
3.22	0.09883800000000001
3.22	0.09963200000000001
3.22	0.101522
3.23	0.097904
3.23	0.097922
3.23	0.09809000000000001
3.23	0.098438
3.23	0.09883600000000001
3.23	0.099664
3.23	0.101572
3.24	0.097906
3.24	0.097928
3.24	0.098088
3.24	0.09845400000000001
3.24	0.098834
3.24	0.099696
3.24	0.10162200000000002
3.25	0.09791
3.25	0.097934
3.25	0.098088
3.25	0.09847
3.25	0.098832
3.25	0.099728
3.25	0.101674
3.2600000000000002	0.097912
3.2600000000000002	0.097938
3.2600000000000002	0.098086
3.2600000000000002	0.09848799999999999
3.2600000000000002	0.09883
3.2600000000000002	0.09976199999999999
3.2600000000000002	0.10172600000000001
3.27	0.097916
3.27	0.097944
3.27	0.098086
3.27	0.09850400000000001
3.27	0.098828
3.27	0.09979400000000001
3.27	0.10177800000000001
3.2800000000000002	0.09792000000000001
3.2800000000000002	0.09795000000000001
3.2800000000000002	0.09808399999999999
3.2800000000000002	0.098522
3.2800000000000002	0.098824
3.2800000000000002	0.099826
3.2800000000000002	0.101828
3.29	0.097922
3.29	0.097956
3.29	0.09808399999999999
3.29	0.098538
3.29	0.098822
3.29	0.09986
3.29	0.101882
3.3000000000000003	0.097926
3.3000000000000003	0.097962
3.3000000000000003	0.09808399999999999
3.3000000000000003	0.098556
3.3000000000000003	0.09881999999999999
3.3000000000000003	0.09989400000000001
3.3000000000000003	0.101934
3.31	0.097928
3.31	0.097966
3.31	0.098082
3.31	0.098574
3.31	0.09881799999999999
3.31	0.099928
3.31	0.101986
3.32	0.09793199999999999
3.32	0.097972
3.32	0.098082
3.32	0.098592
3.32	0.09881599999999999
3.32	0.09996
3.33	0.097936
3.33	0.09798000000000001
3.33	0.098082
3.33	0.09861
3.33	0.098814
3.33	0.099994
3.34	0.097938
3.34	0.09798599999999999
3.34	0.09808
3.34	0.09862800000000001
3.34	0.09881000000000001
3.34	0.10003000000000001
3.35	0.097942
3.35	0.097992
3.35	0.09808
3.35	0.098646
3.35	0.098808
3.35	0.100064
3.36	0.097944
3.36	0.097998
3.36	0.09808
3.36	0.098664
3.36	0.098806
3.36	0.10009799999999999
3.3699999999999997	0.09794800000000001
3.3699999999999997	0.09800400000000001
3.3699999999999997	0.09808
3.3699999999999997	0.098682
3.3699999999999997	0.098804
3.3699999999999997	0.10013400000000001
3.38	0.09795000000000001
3.38	0.09801
3.38	0.098078
3.38	0.09870000000000001
3.38	0.098802
3.38	0.100168
3.3899999999999997	0.09795400000000001
3.3899999999999997	0.09801800000000001
3.3899999999999997	0.098078
3.3899999999999997	0.09872
3.3899999999999997	0.0988
3.3899999999999997	0.100204
3.4	0.097958
3.4	0.098024
3.4	0.098078
3.4	0.098738
3.4	0.098798
3.4	0.10024
3.41	0.09795999999999999
3.41	0.098032
3.41	0.098078
3.41	0.098758
3.41	0.098796
3.41	0.100276
3.42	0.097964
3.42	0.098038
3.42	0.098078
3.42	0.098778
3.42	0.100312
3.43	0.097966
3.43	0.098046
3.43	0.098078
3.43	0.098796
3.43	0.10034799999999999
3.44	0.09797
3.44	0.098052
3.44	0.098078
3.44	0.09878800000000001
3.44	0.09881599999999999
3.44	0.100384
3.45	0.097974
3.45	0.09806000000000001
3.45	0.098078
3.45	0.09878600000000001
3.45	0.09883600000000001
3.45	0.10042000000000001
3.46	0.09797600000000001
3.46	0.098078
3.46	0.09878400000000001
3.46	0.09885600000000001
3.46	0.100458
3.4699999999999998	0.09798000000000001
3.4699999999999998	0.09807400000000001
3.4699999999999998	0.09878200000000001
3.4699999999999998	0.09887599999999999
3.4699999999999998	0.100494
3.48	0.097982
3.48	0.098082
3.48	0.09878
3.48	0.09889600000000001
3.48	0.100532
3.4899999999999998	0.09798599999999999
3.4899999999999998	0.09809000000000001
3.4899999999999998	0.098778
3.4899999999999998	0.09891799999999999
3.4899999999999998	0.10056999999999999
3.5	0.09798799999999999
3.5	0.098078
3.5	0.09809799999999999
3.5	0.098776
3.5	0.098938
3.5	0.10060799999999999
3.5100000000000002	0.097992
3.5100000000000002	0.098078
3.5100000000000002	0.098104
3.5100000000000002	0.098774
3.5100000000000002	0.098958
3.5100000000000002	0.10064600000000001
3.52	0.097996
3.52	0.098078
3.52	0.098112
3.52	0.098772
3.52	0.09898
3.52	0.100684
3.5300000000000002	0.097998
3.5300000000000002	0.098078
3.5300000000000002	0.09812
3.5300000000000002	0.09877
3.5300000000000002	0.099
3.5300000000000002	0.100722
3.54	0.098002
3.54	0.098078
3.54	0.09813
3.54	0.098768
3.54	0.09902200000000001
3.54	0.10076
3.5500000000000003	0.09800400000000001
3.5500000000000003	0.09808
3.5500000000000003	0.09813799999999999
3.5500000000000003	0.09876599999999999
3.5500000000000003	0.099044
3.5500000000000003	0.1008
3.56	0.09800800000000001
3.56	0.09808
3.56	0.098146
3.56	0.09876399999999999
3.56	0.09906400000000001
3.56	0.10083800000000001
3.57	0.09801
3.57	0.09808
3.57	0.09815399999999999
3.57	0.09876199999999999
3.57	0.09908600000000001
3.57	0.100878
3.58	0.098014
3.58	0.09808
3.58	0.098162
3.58	0.09876
3.58	0.099108
3.58	0.100918
3.59	0.098016
3.59	0.098082
3.59	0.09817200000000001
3.59	0.098758
3.59	0.09913
3.59	0.10095799999999999
3.6	0.09802
3.6	0.098082
3.6	0.09818
3.6	0.098756
3.6	0.09915199999999999
3.6	0.100996
3.61	0.098024
3.61	0.098082
3.61	0.098188
3.61	0.098754
3.61	0.09917600000000001
3.61	0.101038
3.6199999999999997	0.098026
3.6199999999999997	0.098082
3.6199999999999997	0.09819800000000001
3.6199999999999997	0.09875199999999999
3.6199999999999997	0.09919800000000001
3.6199999999999997	0.101078
3.63	0.09803
3.63	0.09808399999999999
3.63	0.09820599999999999
3.63	0.09875
3.63	0.09922
3.63	0.101118
3.6399999999999997	0.098032
3.6399999999999997	0.09808399999999999
3.6399999999999997	0.098216
3.6399999999999997	0.09874799999999999
3.6399999999999997	0.099244
3.6399999999999997	0.101158
3.65	0.098036
3.65	0.098086
3.65	0.09822600000000001
3.65	0.098746
3.65	0.099266
3.65	0.1012
3.66	0.098038
3.66	0.098086
3.66	0.09823400000000002
3.66	0.098744
3.66	0.09929
3.66	0.10124
3.67	0.098042
3.67	0.098088
3.67	0.098244
3.67	0.098742
3.67	0.099312
3.67	0.10128200000000001
3.68	0.09804399999999999
3.68	0.098088
3.68	0.098254
3.68	0.098742
3.68	0.09933600000000001
3.68	0.101324
3.69	0.098048
3.69	0.09809000000000001
3.69	0.09826399999999999
3.69	0.09874
3.69	0.09936
3.69	0.101366
3.7	0.098052
3.7	0.09809000000000001
3.7	0.098272
3.7	0.098738
3.7	0.099384
3.7	0.10140800000000001
3.71	0.098054
3.71	0.098092
3.71	0.09828200000000001
3.71	0.098736
3.71	0.09940800000000001
3.71	0.10145
3.7199999999999998	0.098058
3.7199999999999998	0.098092
3.7199999999999998	0.098292
3.7199999999999998	0.098734
3.7199999999999998	0.099432
3.7199999999999998	0.101492
3.73	0.09806000000000001
3.73	0.098094
3.73	0.098302
3.73	0.098732
3.73	0.099456
3.73	0.10153400000000001
3.7399999999999998	0.09806400000000001
3.7399999999999998	0.098096
3.7399999999999998	0.098312
3.7399999999999998	0.09873
3.7399999999999998	0.09948
3.7399999999999998	0.10157800000000002
3.75	0.09806600000000001
3.75	0.09809599999999999
3.75	0.09832199999999999
3.75	0.098728
3.75	0.09950600000000001
3.75	0.10162
3.7600000000000002	0.09807
3.7600000000000002	0.09809799999999999
3.7600000000000002	0.098334
3.7600000000000002	0.09872600000000001
3.7600000000000002	0.09953000000000001
3.7600000000000002	0.101664
3.77	0.098072
3.77	0.09809999999999999
3.77	0.09834400000000001
3.77	0.09872600000000001
3.77	0.099556
3.77	0.101706
3.7800000000000002	0.09807600000000001
3.7800000000000002	0.09809999999999999
3.7800000000000002	0.098354
3.7800000000000002	0.098724
3.7800000000000002	0.09958
3.7800000000000002	0.10175000000000001
3.79	0.098078
3.79	0.098102
3.79	0.09836400000000001
3.79	0.098722
3.79	0.099606
3.79	0.10179400000000001
3.8000000000000003	0.098082
3.8000000000000003	0.098104
3.8000000000000003	0.09837599999999999
3.8000000000000003	0.09872
3.8000000000000003	0.09963
3.8000000000000003	0.10183800000000001
3.81	0.098106
3.81	0.098386
3.81	0.098718
3.81	0.099656
3.81	0.101882
3.82	0.098088
3.82	0.098106
3.82	0.09839800000000001
3.82	0.098716
3.82	0.099682
3.82	0.101926
3.83	0.098092
3.83	0.098108
3.83	0.09840800000000001
3.83	0.098716
3.83	0.09970799999999999
3.83	0.101972
3.84	0.09811
3.84	0.09842000000000001
3.84	0.098714
3.84	0.099734
3.85	0.098112
3.85	0.09843
3.85	0.098712
3.85	0.09976
3.86	0.09809999999999999
3.86	0.098442
3.86	0.09870999999999999
3.86	0.09978600000000001
3.8699999999999997	0.09811600000000001
3.8699999999999997	0.09845400000000001
3.8699999999999997	0.09870799999999999
3.8699999999999997	0.099812
3.88	0.098118
3.88	0.09846600000000001
3.88	0.09870599999999999
3.88	0.09984
3.8899999999999997	0.09812
3.8899999999999997	0.09847600000000001
3.8899999999999997	0.09870599999999999
3.8899999999999997	0.099866
3.9	0.098122
3.9	0.09848799999999999
3.9	0.098704
3.9	0.09989400000000001
3.91	0.098124
3.91	0.0985
3.91	0.098702
3.91	0.09992000000000001
3.92	0.098126
3.92	0.098512
3.92	0.09870000000000001
3.92	0.09994800000000001
3.93	0.098122
3.93	0.098524
3.93	0.09870000000000001
3.93	0.09997400000000001
3.94	0.09813
3.94	0.098536
3.94	0.098698
3.94	0.100002
3.95	0.098128
3.95	0.098548
3.95	0.098696
3.95	0.10003000000000001
3.96	0.098136
3.96	0.09856200000000001
3.96	0.09869399999999999
3.96	0.10005800000000001
3.9699999999999998	0.098134
3.9699999999999998	0.098574
3.9699999999999998	0.09869399999999999
3.9699999999999998	0.10008600000000001
3.98	0.09814
3.98	0.09858600000000001
3.98	0.098692
3.98	0.100114
3.9899999999999998	0.09814
3.9899999999999998	0.09859799999999999
3.9899999999999998	0.09869
3.9899999999999998	0.100142
4.	0.098144
4.	0.098612
4.	0.09869
4.	0.100172
4.01	0.098146
4.01	0.098624
4.01	0.098688
4.01	0.10020000000000001
4.02	0.09815
4.02	0.098638
4.02	0.09868600000000001
4.02	0.10022800000000001
4.029999999999999	0.09815199999999999
4.029999999999999	0.09865
4.029999999999999	0.09868400000000001
4.029999999999999	0.100258
4.04	0.098156
4.04	0.098664
4.04	0.09868400000000001
4.04	0.10028600000000001
4.05	0.098158
4.05	0.098682
4.05	0.100316
4.0600000000000005	0.098162
4.0600000000000005	0.09869
4.0600000000000005	0.100346
4.07	0.098164
4.07	0.09868
4.07	0.098704
4.07	0.100374
4.08	0.098168
4.08	0.098678
4.08	0.098718
4.08	0.10040400000000001
4.090000000000001	0.09817000000000001
4.090000000000001	0.09867600000000001
4.090000000000001	0.09873
4.090000000000001	0.100434
4.1000000000000005	0.09817400000000001
4.1000000000000005	0.09867600000000001
4.1000000000000005	0.098744
4.1000000000000005	0.100464
4.109999999999999	0.09817600000000001
4.109999999999999	0.09867400000000001
4.109999999999999	0.098758
4.109999999999999	0.100494
4.119999999999999	0.09818
4.119999999999999	0.09867400000000001
4.119999999999999	0.098772
4.119999999999999	0.10052400000000002
4.129999999999999	0.098182
4.129999999999999	0.09867200000000001
4.129999999999999	0.09878600000000001
4.129999999999999	0.100556
4.14	0.098186
4.14	0.09867000000000001
4.14	0.0988
4.14	0.100586
4.1499999999999995	0.098188
4.1499999999999995	0.09867000000000001
4.1499999999999995	0.098816
4.1499999999999995	0.100616
4.16	0.098192
4.16	0.098668
4.16	0.09883
4.16	0.100648
4.17	0.098196
4.17	0.098668
4.17	0.09884400000000002
4.17	0.100678
4.18	0.09819800000000001
4.18	0.098666
4.18	0.098858
4.18	0.10071
4.19	0.09820000000000001
4.19	0.098664
4.19	0.09887399999999999
4.19	0.10074
4.2	0.098206
4.2	0.098664
4.2	0.098888
4.2	0.100772
4.21	0.09820999999999999
4.21	0.098662
4.21	0.098902
4.21	0.100804
4.22	0.098214
4.22	0.098662
4.22	0.09891799999999999
4.22	0.100836
4.2299999999999995	0.098212
4.2299999999999995	0.09866
4.2299999999999995	0.098934
4.2299999999999995	0.100868
4.24	0.098216
4.24	0.09866
4.24	0.09894800000000001
4.24	0.1009
4.25	0.098218
4.25	0.098658
4.25	0.098964
4.25	0.100932
4.26	0.09822800000000001
4.26	0.098658
4.26	0.098978
4.26	0.10096400000000001
4.27	0.098224
4.27	0.098656
4.27	0.098994
4.27	0.100996
4.279999999999999	0.09823600000000002
4.279999999999999	0.098656
4.279999999999999	0.09901
4.279999999999999	0.10103000000000001
4.29	0.09823000000000001
4.29	0.09865399999999999
4.29	0.099026
4.29	0.10106200000000001
4.3	0.098244
4.3	0.09865399999999999
4.3	0.099042
4.3	0.101096
4.3100000000000005	0.098248
4.3100000000000005	0.098652
4.3100000000000005	0.09905800000000001
4.3100000000000005	0.101128
4.32	0.09824
4.32	0.098652
4.32	0.099074
4.32	0.101162
4.33	0.09824200000000001
4.33	0.098258
4.33	0.09865
4.33	0.09909000000000001
4.33	0.101196
4.340000000000001	0.098262
4.340000000000001	0.09865
4.340000000000001	0.099106
4.340000000000001	0.10122800000000001
4.3500000000000005	0.098248
4.3500000000000005	0.098648
4.3500000000000005	0.099122
4.3500000000000005	0.101262
4.359999999999999	0.09825
4.359999999999999	0.09827
4.359999999999999	0.098648
4.359999999999999	0.09913799999999999
4.359999999999999	0.10129600000000001
4.369999999999999	0.098274
4.369999999999999	0.098646
4.369999999999999	0.09915399999999999
4.369999999999999	0.10133
4.379999999999999	0.098256
4.379999999999999	0.098278
4.379999999999999	0.098646
4.379999999999999	0.09917200000000001
4.379999999999999	0.10136400000000001
4.39	0.09826
4.39	0.09828400000000001
4.39	0.098644
4.39	0.099188
4.39	0.10139800000000002
4.3999999999999995	0.098262
4.3999999999999995	0.098288
4.3999999999999995	0.098644
4.3999999999999995	0.099204
4.3999999999999995	0.10143200000000001
4.41	0.09826599999999999
4.41	0.098292
4.41	0.098644
4.41	0.099222
4.41	0.101468
4.42	0.098268
4.42	0.09829800000000001
4.42	0.098642
4.42	0.099238
4.42	0.10150200000000001
4.43	0.098272
4.43	0.098302
4.43	0.098642
4.43	0.099256
4.43	0.101536
4.44	0.098274
4.44	0.098306
4.44	0.09864
4.44	0.099274
4.44	0.101572
4.45	0.098278
4.45	0.098312
4.45	0.09864
4.45	0.09929
4.45	0.101606
4.46	0.09828
4.46	0.098316
4.46	0.09864
4.46	0.099308
4.46	0.10164200000000001
4.47	0.09828400000000001
4.47	0.09832199999999999
4.47	0.098638
4.47	0.099326
4.47	0.101678
4.4799999999999995	0.09828600000000001
4.4799999999999995	0.098326
4.4799999999999995	0.098638
4.4799999999999995	0.09934200000000001
4.4799999999999995	0.101712
4.49	0.09829
4.49	0.098332
4.49	0.098638
4.49	0.09936
4.49	0.10174799999999999
4.5	0.098292
4.5	0.098336
4.5	0.098636
4.5	0.099378
4.5	0.10178400000000001
4.51	0.09829600000000001
4.51	0.09834200000000001
4.51	0.098636
4.51	0.09939600000000001
4.51	0.10182
4.52	0.09829800000000001
4.52	0.098346
4.52	0.098636
4.52	0.099414
4.52	0.10185599999999999
4.529999999999999	0.0983
4.529999999999999	0.098352
4.529999999999999	0.098634
4.529999999999999	0.099432
4.529999999999999	0.10189200000000001
4.54	0.098304
4.54	0.098358
4.54	0.098634
4.54	0.09945000000000001
4.54	0.10192799999999999
4.55	0.098306
4.55	0.098362
4.55	0.098634
4.55	0.099468
4.55	0.101966
4.5600000000000005	0.09831000000000001
4.5600000000000005	0.098368
4.5600000000000005	0.09863200000000001
4.5600000000000005	0.099488
4.57	0.098312
4.57	0.09837399999999999
4.57	0.09863200000000001
4.57	0.09950600000000001
4.58	0.098316
4.58	0.09838
4.58	0.09863200000000001
4.58	0.099524
4.590000000000001	0.098318
4.590000000000001	0.098384
4.590000000000001	0.09863200000000001
4.590000000000001	0.099544
4.6000000000000005	0.09832199999999999
4.6000000000000005	0.09839
4.6000000000000005	0.09863
4.6000000000000005	0.09956200000000001
4.61	0.098324
4.61	0.09839600000000001
4.61	0.09863
4.61	0.09958
4.62	0.098328
4.62	0.098402
4.62	0.09863
4.62	0.0996
4.63	0.09833
4.63	0.09840800000000001
4.63	0.09862800000000001
4.63	0.09961800000000001
4.640000000000001	0.098334
4.640000000000001	0.098414
4.640000000000001	0.09862800000000001
4.640000000000001	0.099638
4.65	0.098336
4.65	0.09842000000000001
4.65	0.09862800000000001
4.65	0.099658
4.66	0.09833800000000001
4.66	0.098426
4.66	0.09862800000000001
4.66	0.09967600000000001
4.67	0.09834200000000001
4.67	0.098432
4.67	0.09862800000000001
4.67	0.099696
4.68	0.09834400000000001
4.68	0.098438
4.68	0.098626
4.68	0.099716
4.69	0.098348
4.69	0.098444
4.69	0.098626
4.69	0.099736
4.7	0.09834999999999999
4.7	0.09845000000000001
4.7	0.098626
4.7	0.099756
4.71	0.098354
4.71	0.098456
4.71	0.098626
4.71	0.099776
4.72	0.098356
4.72	0.09846200000000001
4.72	0.098626
4.72	0.099796
4.7299999999999995	0.09836
4.7299999999999995	0.098468
4.7299999999999995	0.098624
4.7299999999999995	0.09981599999999999
4.74	0.098362
4.74	0.09847399999999999
4.74	0.098624
4.74	0.09983600000000001
4.75	0.09836400000000001
4.75	0.09848000000000001
4.75	0.098624
4.75	0.099856
4.76	0.098368
4.76	0.09848799999999999
4.76	0.098624
4.76	0.09987599999999999
4.77	0.09837
4.77	0.098494
4.77	0.098624
4.77	0.09989600000000001
4.779999999999999	0.09837399999999999
4.779999999999999	0.0985
4.779999999999999	0.098624
4.779999999999999	0.09991799999999999
4.79	0.09837599999999999
4.79	0.098508
4.79	0.098624
4.79	0.099938
4.8	0.09838
4.8	0.098514
4.8	0.098624
4.8	0.099958
4.8100000000000005	0.098382
4.8100000000000005	0.09852
4.8100000000000005	0.098622
4.8100000000000005	0.09998
4.82	0.098384
4.82	0.09852799999999999
4.82	0.098622
4.82	0.1
4.83	0.098388
4.83	0.098534
4.83	0.098622
4.83	0.10002200000000001
4.840000000000001	0.09839
4.840000000000001	0.09854
4.840000000000001	0.098622
4.840000000000001	0.100042
4.8500000000000005	0.09839400000000001
4.8500000000000005	0.098548
4.8500000000000005	0.098622
4.8500000000000005	0.100064
4.86	0.09839600000000001
4.86	0.098554
4.86	0.098622
4.86	0.10008600000000001
4.87	0.0984
4.87	0.09856200000000001
4.87	0.098622
4.87	0.100106
4.88	0.098402
4.88	0.09856999999999999
4.88	0.098622
4.88	0.100128
4.890000000000001	0.098404
4.890000000000001	0.098576
4.890000000000001	0.098622
4.890000000000001	0.10015
4.9	0.09840800000000001
4.9	0.098584
4.9	0.098622
4.9	0.100172
4.91	0.09841
4.91	0.09859000000000001
4.91	0.098622
4.91	0.100194
4.92	0.098414
4.92	0.09859799999999999
4.92	0.098622
4.92	0.100216
4.93	0.098416
4.93	0.098622
4.93	0.10023800000000001
4.94	0.09842000000000001
4.94	0.098622
4.94	0.10026
4.95	0.098422
4.95	0.098622
4.95	0.10028200000000001
4.96	0.098424
4.96	0.098622
4.96	0.10030399999999999
4.97	0.098428
4.97	0.098622
4.97	0.100326
4.9799999999999995	0.09843
4.9799999999999995	0.098622
4.9799999999999995	0.098642
4.9799999999999995	0.10035
4.99	0.098434
4.99	0.098622
4.99	0.09865
4.99	0.10037199999999999
5.	0.098436
5.	0.098622
5.	0.098658
5.	0.10039400000000001