10.	0.0006092399999999999
10.	0.00063096
10.	0.00065
10.05	0.0006090399999999999
10.05	0.00063088
10.05	0.00065
10.1	0.0006088399999999999
10.1	0.0006307999999999999
10.1	0.00065
10.15	0.0006086399999999999
10.15	0.00063068
10.15	0.00065
10.2	0.0006084399999999999
10.2	0.0006305999999999999
10.2	0.00065
10.25	0.0006082399999999999
10.25	0.00063052
10.25	0.00065
10.3	0.00060804
10.3	0.0006304399999999999
10.3	0.00065
10.35	0.00060784
10.35	0.00063036
10.35	0.00065
10.4	0.00060764
10.4	0.00063024
10.4	0.00065
10.450000000000001	0.00060748
10.450000000000001	0.00063016
10.450000000000001	0.00065
10.5	0.00060728
10.5	0.00063008
10.5	0.00065
10.55	0.00060708
10.55	0.0006299999999999999
10.55	0.00065
10.6	0.00060688
10.6	0.00062992
10.6	0.00065
10.65	0.00060668
10.65	0.00062984
10.65	0.00065
10.700000000000001	0.0006064800000000001
10.700000000000001	0.00062972
10.700000000000001	0.00065
10.75	0.0006062800000000001
10.75	0.0006296399999999999
10.75	0.00065
10.8	0.0006060799999999999
10.8	0.0006295599999999999
10.8	0.00065
10.850000000000001	0.0006058799999999999
10.850000000000001	0.0006294799999999999
10.850000000000001	0.00065
10.9	0.0006056799999999999
10.9	0.0006293999999999999
10.9	0.00065
10.950000000000001	0.00060548
10.950000000000001	0.00062928
10.950000000000001	0.00065
11.	0.0006052799999999999
11.	0.0006291999999999999
11.	0.00065
11.05	0.0006050799999999999
11.05	0.0006291199999999999
11.05	0.00065
11.100000000000001	0.00060488
11.100000000000001	0.0006290399999999999
11.100000000000001	0.00065
11.15	0.00060468
11.15	0.0006289599999999999
11.15	0.00065
11.2	0.0006044799999999999
11.2	0.00062888
11.2	0.00065
11.25	0.00060428
11.25	0.0006287999999999999
11.25	0.00065
11.299999999999999	0.00060408
11.299999999999999	0.00062868
11.299999999999999	0.00065
11.35	0.00060388
11.35	0.0006286
11.35	0.00065
11.399999999999999	0.00060368
11.399999999999999	0.0006285199999999999
11.399999999999999	0.00065
11.45	0.00060348
11.45	0.00062844
11.45	0.00065
11.5	0.0006032799999999999
11.5	0.00062836
11.5	0.00065
11.549999999999999	0.00060312
11.549999999999999	0.0006282799999999999
11.549999999999999	0.00065
11.6	0.00060292
11.6	0.00062816
11.6	0.00065
11.65	0.00060272
11.65	0.0006280799999999999
11.65	0.00065
11.7	0.00060252
11.7	0.000628
11.7	0.00065
11.75	0.00060232
11.75	0.0006279199999999999
11.75	0.00065
11.799999999999999	0.00060212
11.799999999999999	0.00062784
11.799999999999999	0.00065
11.85	0.0006019199999999999
11.85	0.00062776
11.85	0.00065
11.9	0.00060172
11.9	0.00062768
11.9	0.00065
11.95	0.00060152
11.95	0.0006275599999999999
11.95	0.00065
12.	0.00060132
12.	0.0006274799999999999
12.	0.00065
12.05	0.0006011199999999999
12.05	0.0006274
12.05	0.00065
12.1	0.0006009199999999999
12.1	0.00062732
12.1	0.00065
12.15	0.00060072
12.15	0.0006272399999999999
12.15	0.00065
12.2	0.00060056
12.2	0.00062716
12.2	0.00065
12.25	0.00060036
12.25	0.00062708
12.25	0.00065
12.3	0.00060016
12.3	0.000627
12.3	0.00065
12.35	0.0005999599999999999
12.35	0.00062688
12.35	0.00065
12.4	0.00059976
12.4	0.0006268
12.4	0.00065
12.450000000000001	0.00059956
12.450000000000001	0.00062672
12.450000000000001	0.00065
12.5	0.00059936
12.5	0.0006266399999999999
12.5	0.00065
12.55	0.00059916
12.55	0.00062656
12.55	0.00065
12.6	0.0005989599999999999
12.6	0.00062648
12.6	0.00065
12.65	0.0005987599999999999
12.65	0.0006263999999999999
12.65	0.00065
12.700000000000001	0.00059856
12.700000000000001	0.00062632
12.700000000000001	0.00065
12.75	0.0005984
12.75	0.0006262
12.75	0.00065
12.8	0.0005981999999999999
12.8	0.00062612
12.8	0.00065
12.850000000000001	0.000598
12.850000000000001	0.0006260399999999999
12.850000000000001	0.00065
12.9	0.0005978
12.9	0.00062596
12.9	0.00065
12.950000000000001	0.0005976
12.950000000000001	0.0006258800000000001
12.950000000000001	0.00065
13.	0.0005974
13.	0.0006257999999999999
13.	0.00065
13.05	0.0005972
13.05	0.0006257200000000001
13.05	0.00065
13.100000000000001	0.000597
13.100000000000001	0.0006256399999999999
13.100000000000001	0.00065
13.15	0.0005968
13.15	0.00062556
13.15	0.00065
13.2	0.0005966400000000001
13.2	0.0006254799999999999
13.2	0.00065
13.25	0.00059644
13.25	0.0006253599999999999
13.25	0.00065
13.299999999999999	0.0005962399999999999
13.299999999999999	0.00062528
13.299999999999999	0.00065
13.35	0.0005960399999999999
13.35	0.0006252
13.35	0.00065
13.399999999999999	0.0005958399999999999
13.399999999999999	0.00062512
13.399999999999999	0.00065
13.45	0.0005956399999999999
13.45	0.0006250399999999999
13.45	0.00065
13.5	0.00059544
13.5	0.0006249599999999999
13.5	0.00065
13.549999999999999	0.00059524
13.549999999999999	0.00062488
13.549999999999999	0.00065
13.6	0.00059508
13.6	0.0006248
13.6	0.00065
13.65	0.00059488
13.65	0.00062472
13.65	0.00065
13.7	0.00059468
13.7	0.00062464
13.7	0.00065
13.75	0.00059448
13.75	0.00062456
13.75	0.00065
13.799999999999999	0.00059428
13.799999999999999	0.00062448
13.799999999999999	0.00065
13.85	0.00059408
13.85	0.00062436
13.85	0.00065
13.9	0.00059388
13.9	0.00062428
13.9	0.00065
13.95	0.00059372
13.95	0.0006242
13.95	0.00065
14.	0.0005935199999999999
14.	0.0006241199999999999
14.	0.00065
14.05	0.0005933199999999999
14.05	0.00062404
14.05	0.00065
14.1	0.00059312
14.1	0.00062396
14.1	0.00065
14.15	0.00059292
14.15	0.00062388
14.15	0.00065
14.2	0.0005927199999999999
14.2	0.0006238
14.2	0.00065
14.25	0.00059256
14.25	0.00062372
14.25	0.00065
14.3	0.0005923599999999999
14.3	0.00062364
14.3	0.00065
14.35	0.00059216
14.35	0.00062356
14.35	0.00065
14.4	0.00059196
14.4	0.0006234799999999999
14.4	0.00065
14.450000000000001	0.00059176
14.450000000000001	0.0006234
14.450000000000001	0.00065
14.5	0.00059156
14.5	0.0006233199999999999
14.5	0.00065
14.55	0.0005914
14.55	0.00062324
14.55	0.00065
14.6	0.0005912
14.6	0.00062316
14.6	0.00065
14.65	0.0005909999999999999
14.65	0.0006230399999999999
14.65	0.00065
14.700000000000001	0.0005907999999999999
14.700000000000001	0.00062296
14.700000000000001	0.00065
14.75	0.0005905999999999999
14.75	0.0006228799999999999
14.75	0.00065
14.8	0.0005903999999999999
14.8	0.0006228
14.8	0.00065
14.850000000000001	0.00059024
14.850000000000001	0.00062272
14.850000000000001	0.00065
14.9	0.00059004
14.9	0.00062264
14.9	0.00065
14.950000000000001	0.0005898399999999999
14.950000000000001	0.00062256
14.950000000000001	0.00065
15.	0.00058964
15.	0.00062248
15.	0.00065
15.05	0.00058944
15.05	0.0006224
15.05	0.00065
15.100000000000001	0.00058928
15.100000000000001	0.00062232
15.100000000000001	0.00065
15.15	0.00058908
15.15	0.00062224
15.15	0.00065
15.2	0.00058888
15.2	0.00062216
15.2	0.00065
15.25	0.00058868
15.25	0.00062208
15.25	0.00065
15.299999999999999	0.00058848
15.299999999999999	0.0006219999999999999
15.299999999999999	0.00065
15.35	0.0005882799999999999
15.35	0.00062192
15.35	0.00065
15.399999999999999	0.0005881199999999999
15.399999999999999	0.00062184
15.399999999999999	0.00065
15.45	0.0005879199999999999
15.45	0.0006217600000000001
15.45	0.00065
15.5	0.00058772
15.5	0.00062168
15.5	0.00065
15.55	0.00058752
15.55	0.0006216
15.55	0.00065
15.600000000000001	0.00058736
15.600000000000001	0.00062152
15.600000000000001	0.00065
15.65	0.00058716
15.65	0.00062144
15.65	0.00065
15.700000000000001	0.0005869599999999999
15.700000000000001	0.00062136
15.700000000000001	0.00065
15.75	0.00058676
15.75	0.00062128
15.75	0.00065
15.8	0.00058656
15.8	0.0006211999999999999
15.8	0.00065
15.850000000000001	0.0005863999999999999
15.850000000000001	0.00062112
15.850000000000001	0.00065
15.9	0.0005862
15.9	0.00062104
15.9	0.00065
15.950000000000001	0.0005859999999999999
15.950000000000001	0.0006209599999999999
15.950000000000001	0.00065
16.	0.0005858
16.	0.00062088
16.	0.00065
16.05	0.0005856
16.05	0.0006208
16.05	0.00065
16.1	0.0005854399999999999
16.1	0.00062072
16.1	0.00065
16.15	0.0005852399999999999
16.15	0.00062064
16.15	0.00065
16.2	0.0005850399999999999
16.2	0.00062056
16.2	0.00065
16.25	0.00058484
16.25	0.00062048
16.25	0.00065
16.3	0.00058468
16.3	0.0006204
16.3	0.00065
16.35	0.00058448
16.35	0.0006203199999999999
16.35	0.00065
16.4	0.0005842800000000001
16.4	0.00062024
16.4	0.00065
16.45	0.0005840800000000001
16.45	0.00062016
16.45	0.00065
16.5	0.00058392
16.5	0.0006200800000000001
16.5	0.00065
16.55	0.00058372
16.55	0.00062
16.55	0.00065
16.6	0.0005835199999999999
16.6	0.00061992
16.6	0.00065
16.650000000000002	0.00058332
16.650000000000002	0.00061984
16.650000000000002	0.00065
16.700000000000003	0.0005831599999999999
16.700000000000003	0.00061976
16.700000000000003	0.00065
16.75	0.00058296
16.75	0.00061968
16.75	0.00065
16.8	0.00058276
16.8	0.0006196
16.8	0.00065
16.85	0.00058256
16.85	0.0006195199999999999
16.85	0.00065
16.900000000000002	0.0005824000000000001
16.900000000000002	0.00061944
16.900000000000002	0.00065
16.95	0.0005822
16.95	0.00061936
16.95	0.00065
17.	0.000582
17.	0.00061928
17.	0.00065
17.05	0.0005818
17.05	0.0006192
17.05	0.00065
17.099999999999998	0.00058164
17.099999999999998	0.00061912
17.099999999999998	0.00065
17.15	0.0005814399999999999
17.15	0.00061904
17.15	0.00065
17.2	0.0005812399999999999
17.2	0.00061896
17.2	0.00065
17.25	0.00058108
17.25	0.0006188799999999999
17.25	0.00065
17.3	0.00058088
17.3	0.0006188
17.3	0.00065
17.35	0.00058068
17.35	0.0006187199999999999
17.35	0.00065
17.400000000000002	0.00058048
17.400000000000002	0.0006186399999999999
17.400000000000002	0.00065
17.45	0.00058032
17.45	0.00061856
17.45	0.00065
17.5	0.00058012
17.5	0.00061848
17.5	0.00065
17.55	0.00057992
17.55	0.0006184
17.55	0.00065
17.6	0.00057976
17.6	0.00061832
17.6	0.00065
17.65	0.00057956
17.65	0.0006182399999999999
17.65	0.00065
17.7	0.0005793599999999999
17.7	0.00061816
17.7	0.00065
17.75	0.00057916
17.75	0.0006180799999999999
17.75	0.00065
17.799999999999997	0.000579
17.799999999999997	0.000618
17.799999999999997	0.00065
17.849999999999998	0.0005788
17.849999999999998	0.0006179199999999999
17.849999999999998	0.00065
17.9	0.0005786
17.9	0.0006178399999999999
17.9	0.00065
17.95	0.0005784399999999999
17.95	0.00061776
17.95	0.00065
18.	0.00057824
18.	0.00061768
18.	0.00065
18.05	0.0005780399999999999
18.05	0.0006175999999999999
18.05	0.00065
18.1	0.00057788
18.1	0.00061752
18.1	0.00065
18.15	0.0005776799999999999
18.15	0.0006174399999999999
18.15	0.00065
18.2	0.0005774799999999999
18.2	0.0006173999999999999
18.2	0.00065
18.25	0.0005772799999999999
18.25	0.00061732
18.25	0.00065
18.3	0.00057712
18.3	0.0006172399999999999
18.3	0.00065
18.35	0.00057692
18.35	0.00061716
18.35	0.00065
18.400000000000002	0.00057672
18.400000000000002	0.00061708
18.400000000000002	0.00065
18.450000000000003	0.0005765599999999999
18.450000000000003	0.0006169999999999999
18.450000000000003	0.00065
18.5	0.0005763599999999999
18.5	0.00061692
18.5	0.00065
18.55	0.0005761599999999999
18.55	0.00061684
18.55	0.00065
18.6	0.0005759999999999999
18.6	0.00061676
18.6	0.00065
18.650000000000002	0.0005757999999999999
18.650000000000002	0.00061668
18.650000000000002	0.00065
18.700000000000003	0.0005756
18.700000000000003	0.0006165999999999999
18.700000000000003	0.00065
18.750000000000004	0.00057544
18.750000000000004	0.00061652
18.750000000000004	0.00065
18.800000000000004	0.00057524
18.800000000000004	0.00061644
18.800000000000004	0.00065
18.85	0.00057504
18.85	0.0006163599999999999
18.85	0.00065
18.900000000000002	0.00057488
18.900000000000002	0.00061628
18.900000000000002	0.00065
18.950000000000003	0.0005746799999999999
18.950000000000003	0.0006161999999999999
18.950000000000003	0.00065
19.000000000000004	0.0005744799999999999
19.000000000000004	0.0006161599999999999
19.000000000000004	0.00065
19.05	0.0005743199999999999
19.05	0.00061608
19.05	0.00065
19.1	0.00057412
19.1	0.000616
19.1	0.00065
19.150000000000002	0.00057392
19.150000000000002	0.0006159199999999999
19.150000000000002	0.00065
19.2	0.00057376
19.2	0.0006158399999999999
19.2	0.00065
19.25	0.00057356
19.25	0.00061576
19.25	0.00065
19.3	0.0005734
19.3	0.00061568
19.3	0.00065
19.35	0.0005732000000000001
19.35	0.0006156
19.35	0.00065
19.4	0.0005729999999999999
19.4	0.0006155199999999999
19.4	0.00065
19.45	0.00057284
19.45	0.00061544
19.45	0.00065
19.5	0.00057264
19.5	0.00061536
19.5	0.00065
19.549999999999997	0.00057244
19.549999999999997	0.00061528
19.549999999999997	0.00065
19.599999999999998	0.00057228
19.599999999999998	0.00061524
19.599999999999998	0.00065
19.65	0.00057208
19.65	0.00061516
19.65	0.00065
19.7	0.00057192
19.7	0.0006150799999999999
19.7	0.00065
19.75	0.00057172
19.75	0.000615
19.75	0.00065
19.8	0.0005715200000000001
19.8	0.0006149199999999999
19.8	0.00065
19.85	0.00057136
19.85	0.00061484
19.85	0.00065
19.9	0.00057116
19.9	0.00061476
19.9	0.00065
19.95	0.00057096
19.95	0.00061468
19.95	0.00065
20.	0.0005708
20.	0.0006146
20.	0.00065
20.05	0.0005706
20.05	0.00061452
20.05	0.00065
20.1	0.00057044
20.1	0.0006144799999999999
20.1	0.00065
20.150000000000002	0.00057024
20.150000000000002	0.0006144
20.150000000000002	0.00065
20.200000000000003	0.00057004
20.200000000000003	0.00061432
20.200000000000003	0.00065
20.25	0.0005698799999999999
20.25	0.00061424
20.25	0.00065
20.3	0.00056968
20.3	0.00061416
20.3	0.00065
20.35	0.0005695199999999999
20.35	0.00061408
20.35	0.00065
20.400000000000002	0.00056932
20.400000000000002	0.000614
20.400000000000002	0.00065
20.450000000000003	0.00056912
20.450000000000003	0.0006139199999999999
20.450000000000003	0.00065
20.500000000000004	0.00056896
20.500000000000004	0.0006138399999999999
20.500000000000004	0.00065
20.550000000000004	0.00056876
20.550000000000004	0.00061376
20.550000000000004	0.00065
20.6	0.0005685999999999999
20.6	0.00061372
20.6	0.00065
20.650000000000002	0.0005683999999999999
20.650000000000002	0.0006136399999999999
20.650000000000002	0.00065
20.700000000000003	0.0005681999999999999
20.700000000000003	0.00061356
20.700000000000003	0.00065
20.750000000000004	0.00056804
20.750000000000004	0.00061348
20.750000000000004	0.00065
20.8	0.00056784
20.8	0.0006134
20.8	0.00065
20.85	0.00056768
20.85	0.00061332
20.85	0.00065
20.900000000000002	0.00056748
20.900000000000002	0.0006132399999999999
20.900000000000002	0.00065
20.95	0.00056732
20.95	0.00061316
20.95	0.00065
21.	0.00056712
21.	0.00061312
21.	0.00065
21.05	0.0005669199999999999
21.05	0.00061304
21.05	0.00065
21.1	0.0005667599999999999
21.1	0.00061296
21.1	0.00065
21.15	0.00056656
21.15	0.00061288
21.15	0.00065
21.2	0.0005664
21.2	0.0006127999999999999
21.2	0.00065
21.25	0.0005662
21.25	0.00061272
21.25	0.00065
21.299999999999997	0.00056604
21.299999999999997	0.00061264
21.299999999999997	0.00065
21.349999999999998	0.00056584
21.349999999999998	0.0006126
21.349999999999998	0.00065
21.4	0.00056568
21.4	0.00061252
21.4	0.00065
21.45	0.0005654799999999999
21.45	0.0006124399999999999
21.45	0.00065
21.5	0.0005652799999999999
21.5	0.0006123599999999999
21.5	0.00065
21.55	0.0005651199999999999
21.55	0.00061228
21.55	0.00065
21.6	0.00056492
21.6	0.0006122
21.6	0.00065
21.65	0.0005647599999999999
21.65	0.00061212
21.65	0.00065
21.7	0.00056456
21.7	0.00061208
21.7	0.00065
21.75	0.0005644
21.75	0.0006119999999999999
21.75	0.00065
21.8	0.0005641999999999999
21.8	0.00061192
21.8	0.00065
21.85	0.0005640399999999999
21.85	0.00061184
21.85	0.00065
21.900000000000002	0.0005638399999999999
21.900000000000002	0.0006117599999999999
21.900000000000002	0.00065
21.950000000000003	0.00056368
21.950000000000003	0.00061168
21.950000000000003	0.00065
22.	0.00056348
22.	0.0006116
22.	0.00065
22.05	0.00056332
22.05	0.0006115599999999999
22.05	0.00065
22.1	0.00056312
22.1	0.00061148
22.1	0.00065
22.150000000000002	0.0005629599999999999
22.150000000000002	0.0006114
22.150000000000002	0.00065
22.200000000000003	0.00056276
22.200000000000003	0.00061132
22.200000000000003	0.00065
22.250000000000004	0.0005626
22.250000000000004	0.0006112400000000001
22.250000000000004	0.00065
22.300000000000004	0.0005624
22.300000000000004	0.00061116
22.300000000000004	0.00065
22.35	0.00056224
22.35	0.0006111199999999999
22.35	0.00065
22.400000000000002	0.00056204
22.400000000000002	0.00061104
22.400000000000002	0.00065
22.450000000000003	0.0005618800000000001
22.450000000000003	0.00061096
22.450000000000003	0.00065
22.500000000000004	0.00056168
22.500000000000004	0.0006108800000000001
22.500000000000004	0.00065
22.55	0.00056152
22.55	0.0006108
22.55	0.00065
22.6	0.0005613199999999999
22.6	0.00061072
22.6	0.00065
22.650000000000002	0.00056116
22.650000000000002	0.00061068
22.650000000000002	0.00065
22.7	0.0005609599999999999
22.7	0.0006106
22.7	0.00065
22.75	0.0005608
22.75	0.00061052
22.75	0.00065
22.8	0.0005606
22.8	0.00061044
22.8	0.00065
22.85	0.0005604399999999999
22.85	0.00061036
22.85	0.00065
22.9	0.0005602399999999999
22.9	0.00061028
22.9	0.00065
22.95	0.0005600799999999999
22.95	0.00061024
22.95	0.00065
23.	0.0005598799999999999
23.	0.00061016
23.	0.00065
23.049999999999997	0.0005597199999999999
23.049999999999997	0.00061008
23.049999999999997	0.00065
23.099999999999998	0.00055952
23.099999999999998	0.00061
23.099999999999998	0.00065
23.15	0.00055936
23.15	0.00060992
23.15	0.00065
23.2	0.00055916
23.2	0.00060984
23.2	0.00065
23.25	0.000559
23.25	0.0006098
23.25	0.00065
23.3	0.0005588
23.3	0.00060972
23.3	0.00065
23.35	0.00055864
23.35	0.00060964
23.35	0.00065
23.4	0.0005584399999999999
23.4	0.00060956
23.4	0.00065
23.45	0.00055828
23.45	0.0006094799999999999
23.45	0.00065
23.5	0.00055808
23.5	0.0006094399999999999
23.5	0.00065
23.55	0.0005579199999999999
23.55	0.00060936
23.55	0.00065
23.6	0.00055776
23.6	0.00060928
23.6	0.00065
23.650000000000002	0.00055756
23.650000000000002	0.0006092
23.650000000000002	0.00065
23.700000000000003	0.0005574
23.700000000000003	0.00060912
23.700000000000003	0.00065
23.75	0.0005572
23.75	0.0006090799999999999
23.75	0.00065
23.8	0.00055704
23.8	0.000609
23.8	0.00065
23.85	0.00055684
23.85	0.00060892
23.85	0.00065
23.900000000000002	0.00055668
23.900000000000002	0.0006088399999999999
23.900000000000002	0.00065
23.950000000000003	0.00055648
23.950000000000003	0.00060876
23.950000000000003	0.00065
24.000000000000004	0.00055632
24.000000000000004	0.0006087199999999999
24.000000000000004	0.00065
24.050000000000004	0.00055616
24.050000000000004	0.0006086399999999999
24.050000000000004	0.00065
24.1	0.00055596
24.1	0.00060856
24.1	0.00065
24.150000000000002	0.0005558
24.150000000000002	0.00060848
24.150000000000002	0.00065
24.200000000000003	0.0005556
24.200000000000003	0.0006084
24.200000000000003	0.00065
24.250000000000004	0.0005554399999999999
24.250000000000004	0.00060836
24.250000000000004	0.00065
24.3	0.0005552399999999999
24.3	0.00060828
24.3	0.00065
24.35	0.00055508
24.35	0.0006081999999999999
24.35	0.00065
24.400000000000002	0.00055492
24.400000000000002	0.00060812
24.400000000000002	0.00065
24.45	0.00055472
24.45	0.00060804
24.45	0.00065
24.5	0.00055456
24.5	0.000608
24.5	0.00065
24.55	0.0005543599999999999
24.55	0.00060792
24.55	0.00065
24.6	0.0005542
24.6	0.00060784
24.6	0.00065
24.65	0.00055404
24.65	0.0006077599999999999
24.65	0.00065
24.7	0.00055384
24.7	0.00060772
24.7	0.00065
24.75	0.00055368
24.75	0.00060764
24.75	0.00065
24.799999999999997	0.00055348
24.799999999999997	0.0006075599999999999
24.799999999999997	0.00065
24.849999999999998	0.00055332
24.849999999999998	0.00060748
24.849999999999998	0.00065
24.9	0.00055316
24.9	0.0006073999999999999
24.9	0.00065
24.95	0.00055296
24.95	0.0006073599999999999
24.95	0.00065
25.	0.0005528
25.	0.00060728
25.	0.00065
25.05	0.0005526
25.05	0.0006071999999999999
25.05	0.00065
25.1	0.00055244
25.1	0.00060712
25.1	0.00065
25.15	0.0005522799999999999
25.15	0.00060708
25.15	0.00065
25.2	0.0005520799999999999
25.2	0.0006069999999999999
25.2	0.00065
25.25	0.00055192
25.25	0.0006069199999999999
25.25	0.00065
25.3	0.00055172
25.3	0.00060684
25.3	0.00065
25.35	0.00055156
25.35	0.0006068
25.35	0.00065
25.400000000000002	0.0005514
25.400000000000002	0.0006067199999999999
25.400000000000002	0.00065
25.450000000000003	0.0005512
25.450000000000003	0.00060664
25.450000000000003	0.00065
25.5	0.0005510399999999999
25.5	0.0006065599999999999
25.5	0.00065
25.55	0.0005508799999999999
25.55	0.0006065199999999999
25.55	0.00065
25.6	0.0005506799999999999
25.6	0.00060644
25.6	0.00065
25.650000000000002	0.0005505199999999999
25.650000000000002	0.00060636
25.650000000000002	0.00065
25.700000000000003	0.00055036
25.700000000000003	0.0006062800000000001
25.700000000000003	0.00065
25.750000000000004	0.00055016
25.750000000000004	0.0006062
25.750000000000004	0.00065
25.800000000000004	0.0005499999999999999
25.800000000000004	0.00060616
25.800000000000004	0.00065
25.85	0.0005497999999999999
25.85	0.0006060799999999999
25.85	0.00065
25.900000000000002	0.00054964
25.900000000000002	0.000606
25.900000000000002	0.00065
25.950000000000003	0.00054948
25.950000000000003	0.00060592
25.950000000000003	0.00065
26.000000000000004	0.00054928
26.000000000000004	0.0006058799999999999
26.000000000000004	0.00065
26.05	0.00054912
26.05	0.0006058
26.05	0.00065
26.1	0.0005489599999999999
26.1	0.0006057199999999999
26.1	0.00065
26.150000000000002	0.0005487599999999999
26.150000000000002	0.0006056799999999999
26.150000000000002	0.00065
26.2	0.0005486
26.2	0.0006056
26.2	0.00065
26.25	0.0005484400000000001
26.25	0.00060552
26.25	0.00065
26.3	0.00054824
26.3	0.00060544
26.3	0.00065
26.35	0.00054808
26.35	0.0006054
26.35	0.00065
26.400000000000002	0.00054792
26.400000000000002	0.00060532
26.400000000000002	0.00065
26.450000000000003	0.00054772
26.450000000000003	0.0006052399999999999
26.450000000000003	0.00065
26.500000000000004	0.00054756
26.500000000000004	0.00060516
26.500000000000004	0.00065
26.55	0.0005474
26.55	0.00060512
26.55	0.00065
26.6	0.0005472
26.6	0.0006050399999999999
26.6	0.00065
26.650000000000002	0.0005470399999999999
26.650000000000002	0.00060496
26.650000000000002	0.00065
26.700000000000003	0.0005468799999999999
26.700000000000003	0.00060488
26.700000000000003	0.00065
26.75	0.0005467199999999999
26.75	0.0006048399999999999
26.75	0.00065
26.8	0.00054652
26.8	0.00060476
26.8	0.00065
26.85	0.00054636
26.85	0.00060468
26.85	0.00065
26.9	0.0005461999999999999
26.9	0.0006046
26.9	0.00065
26.95	0.000546
26.95	0.00060456
26.95	0.00065
27.	0.00054584
27.	0.0006044799999999999
27.	0.00065
27.05	0.00054568
27.05	0.0006044
27.05	0.00065
27.1	0.00054548
27.1	0.00060436
27.1	0.00065
27.150000000000002	0.00054532
27.150000000000002	0.00060428
27.150000000000002	0.00065
27.200000000000003	0.0005451599999999999
27.200000000000003	0.0006041999999999999
27.200000000000003	0.00065
27.25	0.0005449999999999999
27.25	0.00060412
27.25	0.00065
27.3	0.0005448
27.3	0.00060408
27.3	0.00065
27.35	0.00054464
27.35	0.0006039999999999999
27.35	0.00065
27.400000000000002	0.00054448
27.400000000000002	0.00060392
27.400000000000002	0.00065
27.45	0.0005442800000000001
27.45	0.00060388
27.45	0.00065
27.5	0.00054412
27.5	0.0006038
27.5	0.00065
27.55	0.00054396
27.55	0.00060372
27.55	0.00065
27.599999999999998	0.0005438
27.599999999999998	0.00060364
27.599999999999998	0.00065
27.65	0.0005436
27.65	0.0006035999999999999
27.65	0.00065
27.7	0.00054344
27.7	0.0006035200000000001
27.7	0.00065
27.75	0.0005432799999999999
27.75	0.0006034399999999999
27.75	0.00065
27.8	0.0005430799999999999
27.8	0.0006033999999999999
27.8	0.00065
27.85	0.0005429199999999999
27.85	0.00060332
27.85	0.00065
27.900000000000002	0.00054276
27.900000000000002	0.00060324
27.900000000000002	0.00065
27.95	0.0005425599999999999
27.95	0.0006031599999999999
27.95	0.00065
28.	0.0005424
28.	0.00060312
28.	0.00065
28.05	0.0005422399999999999
28.05	0.00060304
28.05	0.00065
28.1	0.0005420399999999999
28.1	0.0006029599999999999
28.1	0.00065
28.150000000000002	0.00054188
28.150000000000002	0.00060292
28.150000000000002	0.00065
28.200000000000003	0.0005416799999999999
28.200000000000003	0.00060284
28.200000000000003	0.00065
28.250000000000004	0.00054152
28.250000000000004	0.0006027599999999999
28.250000000000004	0.00065
28.3	0.00054132
28.3	0.00060268
28.3	0.00065
28.35	0.00054116
28.35	0.00060264
28.35	0.00065
28.400000000000002	0.0005409599999999999
28.400000000000002	0.0006025599999999999
28.400000000000002	0.00065
28.450000000000003	0.0005407599999999999
28.450000000000003	0.0006024800000000001
28.450000000000003	0.00065
28.5	0.00054056
28.5	0.0006024
28.5	0.00065
28.55	0.0005403599999999999
28.55	0.00060232
28.55	0.00065
28.6	0.0005401199999999999
28.6	0.00060228
28.6	0.00065
28.65	0.0005399199999999999
28.65	0.0006022
28.65	0.00065
28.7	0.00053968
28.7	0.00060212
28.7	0.00065
28.75	0.00053944
28.75	0.0006020400000000001
28.75	0.00065
28.8	0.00053916
28.8	0.00060196
28.8	0.00065
28.85	0.00053888
28.85	0.00060188
28.85	0.00065
28.900000000000002	0.00053856
28.900000000000002	0.00060176
28.900000000000002	0.00065
28.950000000000003	0.0005382399999999999
28.950000000000003	0.00060168
28.950000000000003	0.00065
29.	0.00053792
29.	0.0006015599999999999
29.	0.00065
29.05	0.0005375199999999999
29.05	0.0006014799999999999
29.05	0.00065
29.1	0.00053712
29.1	0.00060136
29.1	0.00064996
29.150000000000002	0.00053664
29.150000000000002	0.00060124
29.150000000000002	0.00064996
29.200000000000003	0.0005361599999999999
29.200000000000003	0.0006011199999999999
29.200000000000003	0.00064996
29.250000000000004	0.0005356
29.250000000000004	0.00060096
29.250000000000004	0.00064996
29.300000000000004	0.000535
29.300000000000004	0.0006008
29.300000000000004	0.00064996
29.35	0.0005343199999999999
29.35	0.0006006399999999999
29.35	0.00064996
29.400000000000002	0.0005336
29.400000000000002	0.00060044
29.400000000000002	0.00064992
29.450000000000003	0.0005327600000000001
29.450000000000003	0.0006002399999999999
29.450000000000003	0.00064992
29.500000000000004	0.00053184
29.500000000000004	0.0006000399999999999
29.500000000000004	0.00064988
29.55	0.00053084
29.55	0.0005997999999999999
29.55	0.00064988
29.6	0.00052972
29.6	0.0005995199999999999
29.6	0.0006498399999999999
29.650000000000002	0.00052852
29.650000000000002	0.00059924
29.650000000000002	0.0006498399999999999
29.7	0.00052716
29.7	0.00059892
29.7	0.0006498
29.75	0.00052564
29.75	0.00059856
29.75	0.0006497599999999999
29.8	0.0005239999999999999
29.8	0.0005981999999999999
29.8	0.00064972
29.85	0.0005222
29.85	0.0005978
29.85	0.0006496799999999999
29.900000000000002	0.0005202
29.900000000000002	0.00059736
29.900000000000002	0.0006496
29.950000000000003	0.000518
29.950000000000003	0.0005968799999999999
29.950000000000003	0.00064956
30.000000000000004	0.0005156399999999999
30.000000000000004	0.00059636
30.000000000000004	0.0006494799999999999
30.05	0.00051304
30.05	0.0005958
30.05	0.0006494
30.1	0.0005101999999999999
30.1	0.00059524
30.1	0.0006493199999999999
30.150000000000002	0.00050712
30.150000000000002	0.0005946
30.150000000000002	0.0006492
30.200000000000003	0.0005038
30.200000000000003	0.0005939599999999999
30.200000000000003	0.0006491199999999999
30.25	0.0005001999999999999
30.25	0.0005932800000000001
30.25	0.000649
30.3	0.0004963599999999999
30.3	0.00059256
30.3	0.0006488399999999999
30.35	0.0004921999999999999
30.35	0.0005918
30.35	0.00064872
30.4	0.00048775999999999995
30.4	0.0005909999999999999
30.4	0.00064856
30.45	0.00048303999999999996
30.45	0.0005901999999999999
30.45	0.0006483999999999999
30.5	0.000478
30.5	0.00058932
30.5	0.0006482
30.55	0.00047267999999999995
30.55	0.00058844
30.55	0.0006479999999999999
30.6	0.00046708
30.6	0.00058752
30.6	0.00064776
30.650000000000002	0.00046115999999999996
30.650000000000002	0.00058656
30.650000000000002	0.0006475200000000001
30.700000000000003	0.000455
30.700000000000003	0.0005855599999999999
30.700000000000003	0.00064728
30.75	0.00044851999999999994
30.75	0.0005845199999999999
30.75	0.000647
30.8	0.0004418
30.8	0.0005834
30.8	0.0006466799999999998
30.85	0.0004348399999999999
30.85	0.00058228
30.85	0.00064636
30.900000000000002	0.00042763999999999996
30.900000000000002	0.00058108
30.900000000000002	0.00064604
30.950000000000003	0.00042024
30.950000000000003	0.0005798400000000001
30.950000000000003	0.00064564
31.000000000000004	0.0004126399999999999
31.000000000000004	0.00057856
31.000000000000004	0.0006452399999999999
31.050000000000004	0.00040492
31.050000000000004	0.00057716
31.050000000000004	0.0006448
31.1	0.00039704
31.1	0.0005757199999999999
31.1	0.00064432
31.150000000000002	0.00038908
31.150000000000002	0.0005742
31.150000000000002	0.0006438
31.200000000000003	0.00038099999999999994
31.200000000000003	0.0005725600000000001
31.200000000000003	0.00064328
31.250000000000004	0.00037288
31.250000000000004	0.00057084
31.250000000000004	0.00064268
31.3	0.00036476
31.3	0.000569
31.3	0.00064204
31.35	0.00035668
31.35	0.00056708
31.35	0.0006414
31.400000000000002	0.0003486
31.400000000000002	0.000565
31.400000000000002	0.00064068
31.45	0.0003406
31.45	0.00056276
31.45	0.0006399199999999999
31.5	0.00033267999999999997
31.5	0.0005604
31.5	0.00063912
31.55	0.00032491999999999997
31.55	0.00055788
31.55	0.00063828
31.6	0.00031727999999999997
31.6	0.00055516
31.6	0.00063736
31.650000000000002	0.00030984
31.650000000000002	0.0005522799999999999
31.650000000000002	0.0006364399999999999
31.700000000000003	0.0003026
31.700000000000003	0.0005491999999999999
31.700000000000003	0.00063544
31.750000000000004	0.00029555999999999994
31.750000000000004	0.00054588
31.750000000000004	0.0006344
31.8	0.00028876
31.8	0.00054232
31.8	0.0006333199999999999
31.85	0.00028224
31.85	0.00053856
31.85	0.0006322
31.900000000000002	0.00027592
31.900000000000002	0.0005345199999999999
31.900000000000002	0.0006309999999999999
31.950000000000003	0.00026992
31.950000000000003	0.00053024
31.950000000000003	0.0006298
32.	0.00026419999999999997
32.	0.0005256799999999999
32.	0.0006285199999999999
32.05	0.00025876
32.05	0.0005208400000000001
32.05	0.0006272
32.1	0.0002536
32.1	0.00051572
32.1	0.0006258800000000001
32.15	0.00024872
32.15	0.00051032
32.15	0.00062448
32.2	0.00024416
32.2	0.00050464
32.2	0.0006230399999999999
32.25	0.00023988
32.25	0.0004986400000000001
32.25	0.00062152
32.3	0.00023587999999999997
32.3	0.00049236
32.3	0.00062
32.35	0.00023216
32.35	0.00048579999999999994
32.35	0.0006184
32.4	0.00022867999999999999
32.4	0.00047899999999999993
32.4	0.00061676
32.45	0.00022548
32.45	0.00047187999999999993
32.45	0.0006150799999999999
32.5	0.00022256
32.5	0.00046456
32.5	0.00061332
32.550000000000004	0.00021983999999999996
32.550000000000004	0.00045699999999999994
32.550000000000004	0.00061148
32.6	0.00021736
32.6	0.00044919999999999997
32.6	0.0006096
32.65	0.00021507999999999998
32.65	0.00044123999999999997
32.65	0.0006076
32.7	0.000213
32.7	0.00043311999999999995
32.7	0.00060556
32.75	0.00021108
32.75	0.00042484
32.75	0.0006033999999999999
32.800000000000004	0.00020936
32.800000000000004	0.00041648
32.800000000000004	0.00060116
32.85	0.0002078
32.85	0.00040799999999999994
32.85	0.0005988
32.900000000000006	0.00020639999999999998
32.900000000000006	0.00039947999999999996
32.900000000000006	0.00059632
32.95	0.00020507999999999998
32.95	0.00039096
32.95	0.00059372
33.	0.00020392
33.	0.00038248
33.	0.0005909999999999999
33.05	0.00020284
33.05	0.000374
33.05	0.0005881199999999999
33.099999999999994	0.00020184
33.099999999999994	0.00036564
33.099999999999994	0.00058508
33.15	0.00020088
33.15	0.0003574
33.15	0.00058188
33.199999999999996	0.00019999999999999998
33.199999999999996	0.00034931999999999997
33.199999999999996	0.0005784799999999999
33.25	0.00019915999999999998
33.25	0.00034139999999999995
33.25	0.00057496
33.3	0.00019836
33.3	0.00033371999999999997
33.3	0.0005712
33.349999999999994	0.00019756
33.349999999999994	0.00032627999999999997
33.349999999999994	0.00056724
33.400000000000006	0.0001968
33.400000000000006	0.00031908
33.400000000000006	0.00056308
33.45	0.00019596
33.45	0.00031224
33.45	0.00055868
33.50000000000001	0.00019516
33.50000000000001	0.00030567999999999996
33.50000000000001	0.00055408
33.550000000000004	0.00019428000000000002
33.550000000000004	0.00029947999999999997
33.550000000000004	0.0005492399999999999
33.60000000000001	0.00019335999999999998
33.60000000000001	0.00029363999999999996
33.60000000000001	0.00054412
33.650000000000006	0.0001924
33.650000000000006	0.0002882
33.650000000000006	0.0005388
33.7	0.0001914
33.7	0.00028312
33.7	0.0005332
33.75	0.00019028
33.75	0.0002784
33.75	0.0005273599999999999
33.8	0.00018915999999999998
33.8	0.00027411999999999993
33.8	0.00052124
33.85	0.00018796
33.85	0.00027019999999999995
33.85	0.00051488
33.9	0.00018668
33.9	0.00026664
33.9	0.00050824
33.95	0.00018536
33.95	0.00026347999999999996
33.95	0.00050136
34.	0.00018404
34.	0.0002606
34.	0.00049424
34.05	0.00018268
34.05	0.00025808
34.05	0.00048684
34.1	0.00018127999999999997
34.1	0.00025588
34.1	0.0004792399999999999
34.15	0.00017991999999999997
34.15	0.00025392
34.15	0.00047139999999999997
34.2	0.00017856
34.2	0.0002522
34.2	0.00046336
34.25	0.00017724
34.25	0.00025068
34.25	0.00045512
34.300000000000004	0.00017596000000000002
34.300000000000004	0.0002494
34.300000000000004	0.00044671999999999995
34.35	0.00017472
34.35	0.00024824
34.35	0.00043811999999999996
34.4	0.00017356
34.4	0.00024728
34.4	0.00042940000000000003
34.45	0.00017244
34.45	0.0002464
34.45	0.00042055999999999994
34.5	0.0001714
34.5	0.00024568
34.5	0.0004116
34.550000000000004	0.00017039999999999997
34.550000000000004	0.000245
34.550000000000004	0.00040256
34.6	0.00016947999999999998
34.6	0.00024444
34.6	0.00039351999999999996
34.650000000000006	0.0001686
34.650000000000006	0.00024392
34.650000000000006	0.00038439999999999997
34.7	0.00016779999999999999
34.7	0.00024348
34.7	0.00037531999999999995
34.75	0.00016704
34.75	0.00024308
34.75	0.00036632
34.8	0.00016632000000000002
34.8	0.00024268
34.8	0.00035732
34.849999999999994	0.00016564
34.849999999999994	0.00024232
34.849999999999994	0.00034847999999999997
34.9	0.000165
34.9	0.00024192
34.9	0.00033976
34.949999999999996	0.00016436
34.949999999999996	0.00024155999999999996
34.949999999999996	0.0003312
35.	0.00016376000000000002
35.	0.00024115999999999997
35.	0.00032288
35.05	0.00016312
35.05	0.00024067999999999998
35.05	0.00031479999999999995
35.099999999999994	0.00016251999999999998
35.099999999999994	0.00024019999999999996
35.099999999999994	0.00030704
35.150000000000006	0.00016188000000000002
35.150000000000006	0.00023956
35.150000000000006	0.0002996
35.2	0.00016124
35.2	0.00023883999999999998
35.2	0.00029256000000000003
35.25000000000001	0.00016055999999999997
35.25000000000001	0.00023795999999999998
35.25000000000001	0.000286
35.300000000000004	0.00015979999999999998
35.300000000000004	0.00023684
35.300000000000004	0.00027996
35.35000000000001	0.000159
35.35000000000001	0.00023548
35.35000000000001	0.00027452
35.400000000000006	0.00015816
35.400000000000006	0.00023376
35.400000000000006	0.00026975999999999997
35.45	0.0001572
35.45	0.00023171999999999998
35.45	0.00026572
35.5	0.00015616
35.5	0.00022931999999999998
35.5	0.0002624
35.55	0.00015504
35.55	0.00022664
35.55	0.00025976
35.6	0.00015384
35.6	0.0002238
35.6	0.00025772
35.65	0.00015248
35.65	0.00022088
35.65	0.00025612
35.7	0.00015107999999999997
35.7	0.00021799999999999999
35.7	0.00025488
35.75	0.00014956
35.75	0.00021523999999999998
35.75	0.00025392
35.8	0.00014792
35.8	0.00021264000000000002
35.8	0.0002532
35.85	0.00014624
35.85	0.00021023999999999997
35.85	0.0002526
35.9	0.00014452
35.9	0.00020804
35.9	0.00025212
35.95	0.00014272
35.95	0.00020607999999999998
35.95	0.00025175999999999996
36.	0.00014092
36.	0.00020432
36.	0.00025148
36.050000000000004	0.00013916
36.050000000000004	0.00020272
36.050000000000004	0.0002512
36.1	0.00013736
36.1	0.00020136
36.1	0.00025100000000000003
36.15	0.0001356
36.15	0.00020011999999999997
36.15	0.00025084
36.2	0.00013392000000000002
36.2	0.00019904
36.2	0.00025072
36.25	0.00013228
36.25	0.00019812
36.25	0.0002506
36.300000000000004	0.00013068
36.300000000000004	0.00019727999999999998
36.300000000000004	0.00025051999999999995
36.35	0.00012916
36.35	0.00019656
36.35	0.00025044
36.400000000000006	0.00012775999999999998
36.400000000000006	0.00019591999999999998
36.400000000000006	0.00025036
36.45	0.00012639999999999998
36.45	0.00019535999999999997
36.45	0.00025027999999999997
36.5	0.00012512
36.5	0.00019487999999999998
36.5	0.00025024
36.55	0.00012396
36.55	0.00019444
36.55	0.0002502
36.599999999999994	0.00012284
36.599999999999994	0.00019404
36.599999999999994	0.00025016
36.65	0.00012179999999999999
36.65	0.00019372
36.65	0.00025016
36.699999999999996	0.00012083999999999999
36.699999999999996	0.00019339999999999998
36.699999999999996	0.00025012
36.75	0.00011996
36.75	0.00019312
36.75	0.00025012
36.8	0.00011915999999999999
36.8	0.00019287999999999998
36.8	0.00025007999999999996
36.849999999999994	0.00011839999999999999
36.849999999999994	0.00019268
36.849999999999994	0.00025007999999999996
36.900000000000006	0.00011767999999999998
36.900000000000006	0.00019248
36.900000000000006	0.00025007999999999996
36.95	0.00011703999999999999
36.95	0.00019232
36.95	0.00025004
37.00000000000001	0.00011648000000000001
37.00000000000001	0.00019216
37.00000000000001	0.00025004
37.050000000000004	0.00011592
37.050000000000004	0.000192
37.050000000000004	0.00025004
37.10000000000001	0.00011540000000000001
37.10000000000001	0.00019188
37.10000000000001	0.00025004
37.150000000000006	0.00011496
37.150000000000006	0.00019176
37.150000000000006	0.00025004
37.2	0.00011451999999999998
37.2	0.00019164
37.2	0.00025004
37.25	0.00011411999999999998
37.25	0.00019151999999999998
37.25	0.00025
37.3	0.00011376
37.3	0.00019144000000000002
37.3	0.00025
37.35	0.0001134
37.35	0.00019132
37.35	0.00025
37.4	0.00011311999999999999
37.4	0.00019124
37.4	0.00025
37.45	0.00011279999999999999
37.45	0.00019116
37.45	0.00025
37.5	0.00011252
37.5	0.00019108
37.5	0.00025
37.55	0.00011228
37.55	0.00019099999999999998
37.55	0.00025
37.6	0.000112
37.6	0.00019091999999999997
37.6	0.00025
37.65	0.00011176
37.65	0.00019084
37.65	0.00025
37.7	0.00011156
37.7	0.00019076
37.7	0.00025
37.75	0.00011132
37.75	0.00019072
37.75	0.00025
37.800000000000004	0.00011112
37.800000000000004	0.00019063999999999998
37.800000000000004	0.00025
37.85	0.00011091999999999999
37.85	0.00019056
37.85	0.00025
37.9	0.00011075999999999999
37.9	0.00019051999999999999
37.9	0.00025
37.95	0.00011056
37.95	0.00019043999999999997
37.95	0.00025
38.	0.00011036000000000001
38.	0.00019036
38.	0.00025
38.050000000000004	0.0001102
38.050000000000004	0.00019031999999999998
38.050000000000004	0.00025
38.1	0.00011004
38.1	0.00019024
38.1	0.00025
38.150000000000006	0.00010983999999999999
38.150000000000006	0.0001902
38.150000000000006	0.00025
38.2	0.00010968000000000001
38.2	0.00019011999999999998
38.2	0.00025
38.25	0.00010952
38.25	0.00019007999999999997
38.25	0.00025
38.3	0.00010936
38.3	0.00018999999999999998
38.3	0.00025
38.349999999999994	0.00010919999999999998
38.349999999999994	0.00018995999999999998
38.349999999999994	0.00025
38.4	0.00010903999999999999
38.4	0.00018988
38.4	0.00025
38.449999999999996	0.00010888
38.449999999999996	0.00018983999999999998
38.449999999999996	0.00025
38.5	0.00010872
38.5	0.00018976
38.5	0.00025
38.55	0.00010855999999999999
38.55	0.00018972
38.55	0.00025
38.599999999999994	0.00010844
38.599999999999994	0.00018963999999999998
38.599999999999994	0.00025
38.650000000000006	0.00010827999999999999
38.650000000000006	0.0001896
38.650000000000006	0.00025
38.7	0.00010811999999999999
38.7	0.00018952
38.7	0.00025
38.75000000000001	0.00010796
38.75000000000001	0.00018948
38.75000000000001	0.00025
38.800000000000004	0.00010779999999999999
38.800000000000004	0.0001894
38.800000000000004	0.00025
38.85000000000001	0.00010763999999999999
38.85000000000001	0.00018936
38.85000000000001	0.00025
38.900000000000006	0.00010752
38.900000000000006	0.00018927999999999998
38.900000000000006	0.00025
38.95	0.00010735999999999999
38.95	0.00018924
38.95	0.00025
39.	0.0001072
39.	0.00018915999999999998
39.	0.00025
39.05	0.00010704
39.05	0.00018911999999999998
39.05	0.00025
39.1	0.00010692
39.1	0.00018903999999999997
39.1	0.00025
39.15	0.00010676
39.15	0.00018899999999999999
39.15	0.00025
39.2	0.00010660000000000002
39.2	0.00018892
39.2	0.00025
39.25	0.00010643999999999999
39.25	0.00018888
39.25	0.00025
39.3	0.00010631999999999998
39.3	0.00018879999999999998
39.3	0.00025
39.35	0.00010615999999999999
39.35	0.00018875999999999997
39.35	0.00025
39.4	0.000106
39.4	0.00018872
39.4	0.00025
39.45	0.00010584
39.45	0.00018863999999999998
39.45	0.00025
39.5	0.00010572
39.5	0.00018859999999999998
39.5	0.00025
39.550000000000004	0.00010556
39.550000000000004	0.00018851999999999996
39.550000000000004	0.00025
39.6	0.0001054
39.6	0.00018848
39.6	0.00025
39.65	0.00010524
39.65	0.00018839999999999997
39.65	0.00025
39.7	0.00010512000000000001
39.7	0.00018836
39.7	0.00025
39.75	0.00010496
39.75	0.00018827999999999998
39.75	0.00025
39.800000000000004	0.00010479999999999999
39.800000000000004	0.00018824
39.800000000000004	0.00025
39.85	0.00010468
39.85	0.00018816
39.85	0.00025
39.900000000000006	0.00010452
39.900000000000006	0.00018811999999999998
39.900000000000006	0.00025
39.95	0.00010436
39.95	0.00018803999999999997
39.95	0.00025
40.	0.0001042
40.	0.000188
40.	0.00025