10.	0.0006092399999999999
10.	0.00063096
10.	0.00065
10.05	0.0006090399999999999
10.05	0.00063088
10.05	0.00065
10.1	0.0006088399999999999
10.1	0.0006307999999999999
10.1	0.00065
10.15	0.0006086399999999999
10.15	0.00063068
10.15	0.00065
10.2	0.0006084
10.2	0.0006305999999999999
10.2	0.00065
10.25	0.0006081999999999999
10.25	0.00063052
10.25	0.00065
10.3	0.0006079599999999999
10.3	0.0006304399999999999
10.3	0.00065
10.35	0.00060772
10.35	0.0006303199999999999
10.35	0.00065
10.4	0.0006074399999999999
10.4	0.00063024
10.4	0.00065
10.450000000000001	0.0006071599999999999
10.450000000000001	0.00063012
10.450000000000001	0.00065
10.5	0.00060688
10.5	0.0006300399999999999
10.5	0.00065
10.55	0.0006065199999999999
10.55	0.00062992
10.55	0.00065
10.6	0.00060612
10.6	0.0006298
10.6	0.00065
10.65	0.00060564
10.65	0.00062968
10.65	0.00065
10.700000000000001	0.0006050799999999999
10.700000000000001	0.00062952
10.700000000000001	0.00065
10.75	0.0006044399999999999
10.75	0.0006293999999999999
10.75	0.00065
10.8	0.00060364
10.8	0.0006291999999999999
10.8	0.00064996
10.850000000000001	0.00060268
10.850000000000001	0.000629
10.850000000000001	0.00064996
10.9	0.0006015599999999999
10.9	0.00062876
10.9	0.00064996
10.950000000000001	0.00060016
10.950000000000001	0.0006285199999999999
10.950000000000001	0.00064992
11.	0.00059844
11.	0.00062824
11.	0.00064992
11.05	0.0005964
11.05	0.0006278799999999999
11.05	0.00064988
11.100000000000001	0.0005939599999999999
11.100000000000001	0.00062752
11.100000000000001	0.0006498399999999999
11.15	0.0005910399999999999
11.15	0.00062716
11.15	0.0006498
11.2	0.00058756
11.2	0.00062672
11.2	0.0006497599999999999
11.25	0.00058344
11.25	0.00062628
11.25	0.0006496799999999999
11.299999999999999	0.00057868
11.299999999999999	0.0006257999999999999
11.299999999999999	0.0006496
11.35	0.00057312
11.35	0.00062528
11.35	0.00064952
11.399999999999999	0.0005667599999999999
11.399999999999999	0.0006248
11.399999999999999	0.0006494399999999999
11.45	0.00055952
11.45	0.0006242400000000001
11.45	0.00064936
11.5	0.0005514
11.5	0.0006236799999999999
11.5	0.0006492399999999999
11.549999999999999	0.00054236
11.549999999999999	0.00062308
11.549999999999999	0.00064908
11.6	0.0005323999999999999
11.6	0.00062248
11.6	0.00064896
11.65	0.0005215199999999999
11.65	0.0006217999999999999
11.65	0.00064876
11.7	0.0005098
11.7	0.00062108
11.7	0.00064856
11.75	0.00049732
11.75	0.00062028
11.75	0.00064836
11.799999999999999	0.00048412
11.799999999999999	0.00061944
11.799999999999999	0.0006480799999999999
11.85	0.00047027999999999995
11.85	0.0006184399999999999
11.85	0.0006477999999999999
11.9	0.00045596
11.9	0.00061736
11.9	0.00064748
11.95	0.00044132
11.95	0.00061612
11.95	0.00064708
12.	0.00042643999999999994
12.	0.00061472
12.	0.0006466799999999998
12.05	0.00041151999999999996
12.05	0.00061308
12.05	0.00064616
12.1	0.00039667999999999995
12.1	0.00061116
12.1	0.00064564
12.15	0.00038208
12.15	0.00060896
12.15	0.0006450399999999999
12.2	0.00036784
12.2	0.0006064
12.2	0.00064436
12.25	0.00035412
12.25	0.0006034399999999999
12.25	0.00064364
12.3	0.00034104
12.3	0.0005999599999999999
12.3	0.00064288
12.35	0.00032864
12.35	0.00059592
12.35	0.00064208
12.4	0.00031704
12.4	0.0005912799999999999
12.4	0.00064124
12.450000000000001	0.00030628
12.450000000000001	0.00058596
12.450000000000001	0.00064036
12.5	0.0002964
12.5	0.0005798400000000001
12.5	0.00063944
12.55	0.00028740000000000005
12.55	0.00057296
12.55	0.00063852
12.6	0.00027927999999999997
12.6	0.0005652
12.6	0.00063752
12.65	0.00027204
12.65	0.00055656
12.65	0.00063652
12.700000000000001	0.0002656
12.700000000000001	0.0005470399999999999
12.700000000000001	0.0006354799999999999
12.75	0.00026000000000000003
12.75	0.0005366
12.75	0.0006344
12.8	0.00025508
12.8	0.0005253199999999999
12.8	0.00063324
12.850000000000001	0.00025088
12.850000000000001	0.0005132
12.850000000000001	0.000632
12.9	0.00024724
12.9	0.00050032
12.9	0.00063068
12.950000000000001	0.00024419999999999997
12.950000000000001	0.0004868
12.950000000000001	0.0006291999999999999
13.	0.00024163999999999997
13.	0.00047267999999999995
13.	0.00062764
13.05	0.00023951999999999998
13.05	0.00045812
13.05	0.0006258800000000001
13.100000000000001	0.00023779999999999998
13.100000000000001	0.00044323999999999996
13.100000000000001	0.00062392
13.15	0.00023635999999999997
13.15	0.00042819999999999995
13.15	0.0006217600000000001
13.2	0.0002352
13.2	0.00041312
13.2	0.0006193199999999999
13.25	0.00023428
13.25	0.00039816
13.25	0.0006165999999999999
13.299999999999999	0.00023355999999999998
13.299999999999999	0.00038348
13.299999999999999	0.00061356
13.35	0.00023296000000000002
13.35	0.00036924
13.35	0.0006101199999999999
13.399999999999999	0.00023251999999999998
13.399999999999999	0.00035552
13.399999999999999	0.00060624
13.45	0.00023212
13.45	0.00034243999999999995
13.45	0.0006019199999999999
13.5	0.00023179999999999997
13.5	0.00033012
13.5	0.00059708
13.549999999999999	0.00023147999999999997
13.549999999999999	0.00031863999999999997
13.549999999999999	0.00059168
13.6	0.00023115999999999998
13.6	0.00030807999999999996
13.6	0.00058568
13.65	0.00023076
13.65	0.00029843999999999997
13.65	0.00057904
13.7	0.00023035999999999998
13.7	0.00028975999999999996
13.7	0.0005717599999999999
13.75	0.00022979999999999997
13.75	0.00028208
13.75	0.0005637600000000001
13.799999999999999	0.00022915999999999998
13.799999999999999	0.00027539999999999997
13.799999999999999	0.00055504
13.85	0.00022836
13.85	0.00026968
13.85	0.0005456
13.9	0.0002274
13.9	0.00026488
13.9	0.0005354400000000001
13.95	0.00022627999999999998
13.95	0.00026099999999999995
13.95	0.0005246
14.	0.00022508
14.	0.00025788000000000004
14.	0.00051308
14.05	0.00022376
14.05	0.00025543999999999995
14.05	0.00050092
14.1	0.00022244
14.1	0.00025355999999999995
14.1	0.00048815999999999996
14.15	0.00022116
14.15	0.00025215999999999997
14.15	0.00047495999999999997
14.2	0.00021999999999999998
14.2	0.00025108000000000004
14.2	0.00046127999999999995
14.25	0.00021887999999999996
14.25	0.00025027999999999997
14.25	0.00044728
14.3	0.00021792
14.3	0.00024967999999999995
14.3	0.00043303999999999993
14.35	0.00021707999999999997
14.35	0.00024924
14.35	0.00041867999999999994
14.4	0.00021636
14.4	0.00024888
14.4	0.00040427999999999997
14.450000000000001	0.00021575999999999998
14.450000000000001	0.00024864
14.450000000000001	0.00038999999999999994
14.5	0.00021523999999999998
14.5	0.00024844
14.5	0.00037588000000000004
14.55	0.00021479999999999996
14.55	0.00024832
14.55	0.00036208
14.6	0.00021444000000000001
14.6	0.00024819999999999996
14.6	0.00034864
14.65	0.00021412000000000002
14.65	0.00024811999999999995
14.65	0.00033568
14.700000000000001	0.00021380000000000002
14.700000000000001	0.00024804
14.700000000000001	0.00032332
14.75	0.00021352
14.75	0.00024792
14.75	0.00031155999999999995
14.8	0.00021323999999999998
14.8	0.00024779999999999995
14.8	0.00030052
14.850000000000001	0.00021296
14.850000000000001	0.00024764
14.850000000000001	0.00029027999999999997
14.9	0.00021264000000000002
14.9	0.0002474
14.9	0.00028088
14.950000000000001	0.00021224
14.950000000000001	0.000247
14.950000000000001	0.0002724
15.	0.00021176
15.	0.00024631999999999996
15.	0.00026508
15.05	0.00021112
15.05	0.00024503999999999997
15.05	0.00025916
15.100000000000001	0.00021035999999999998
15.100000000000001	0.00024275999999999999
15.100000000000001	0.00025508
15.15	0.0002094
15.15	0.00023956
15.15	0.00025284
15.2	0.00020824
15.2	0.00023611999999999998
15.2	0.00025167999999999995
15.25	0.00020679999999999999
15.25	0.00023296000000000002
15.25	0.00025108000000000004
15.299999999999999	0.00020516
15.299999999999999	0.00023031999999999998
15.299999999999999	0.00025072
15.35	0.0002034
15.35	0.00022823999999999997
15.35	0.00025051999999999995
15.399999999999999	0.00020152
15.399999999999999	0.00022659999999999998
15.399999999999999	0.00025036
15.45	0.00019967999999999999
15.45	0.00022536
15.45	0.00025024
15.5	0.00019791999999999998
15.5	0.00022439999999999998
15.5	0.0002502
15.55	0.00019627999999999998
15.55	0.00022368
15.55	0.00025016
15.600000000000001	0.00019476
15.600000000000001	0.00022312
15.600000000000001	0.00025012
15.65	0.00019339999999999998
15.65	0.00022264
15.65	0.00025007999999999996
15.700000000000001	0.00019216
15.700000000000001	0.00022227999999999997
15.700000000000001	0.00025004
15.75	0.00019108
15.75	0.00022199999999999998
15.75	0.00025004
15.8	0.00019011999999999998
15.8	0.00022176
15.8	0.00025004
15.850000000000001	0.00018927999999999998
15.850000000000001	0.00022155999999999999
15.850000000000001	0.00025004
15.9	0.00018855999999999997
15.9	0.00022135999999999998
15.9	0.00025
15.950000000000001	0.00018792
15.950000000000001	0.0002212
15.950000000000001	0.00025
16.	0.00018736
16.	0.00022108
16.	0.00025
16.05	0.00018688
16.05	0.00022092
16.05	0.00025
16.1	0.00018644
16.1	0.00022084
16.1	0.00025
16.15	0.00018604
16.15	0.00022072
16.15	0.00025
16.2	0.00018568000000000002
16.2	0.0002206
16.2	0.00025
16.25	0.00018536
16.25	0.00022051999999999998
16.25	0.00025
16.3	0.00018504
16.3	0.00022043999999999997
16.3	0.00025
16.35	0.00018475999999999999
16.35	0.00022032
16.35	0.00025
16.4	0.00018452
16.4	0.00022024
16.4	0.00025
16.45	0.00018428
16.45	0.00022015999999999998
16.45	0.00025
16.5	0.00018404
16.5	0.00022008
16.5	0.00025
16.55	0.00018384
16.55	0.00021999999999999998
16.55	0.00025
16.6	0.0001836
16.6	0.00021991999999999997
16.6	0.00025
16.650000000000002	0.00018339999999999999
16.650000000000002	0.00021983999999999996
16.650000000000002	0.00025
16.700000000000003	0.00018319999999999998
16.700000000000003	0.00021976
16.700000000000003	0.00025
16.75	0.000183
16.75	0.00021967999999999998
16.75	0.00025
16.8	0.00018279999999999997
16.8	0.0002196
16.8	0.00025
16.85	0.0001826
16.85	0.00021951999999999999
16.85	0.00025
16.900000000000002	0.0001824
16.900000000000002	0.00021943999999999997
16.900000000000002	0.00025
16.95	0.00018219999999999998
16.95	0.00021935999999999996
16.95	0.00025
17.	0.00018199999999999998
17.	0.00021928
17.	0.00025
17.05	0.00018183999999999998
17.05	0.0002192
17.05	0.00025
17.099999999999998	0.00018164
17.099999999999998	0.00021911999999999998
17.099999999999998	0.00025
17.15	0.00018143999999999997
17.15	0.00021904
17.15	0.00025
17.2	0.00018123999999999997
17.2	0.00021895999999999998
17.2	0.00025
17.25	0.00018108
17.25	0.00021887999999999996
17.25	0.00025
17.3	0.00018088
17.3	0.00021879999999999998
17.3	0.00025
17.35	0.00018067999999999998
17.35	0.00021872
17.35	0.00025
17.400000000000002	0.00018047999999999998
17.400000000000002	0.00021863999999999998
17.400000000000002	0.00025
17.45	0.00018031999999999998
17.45	0.00021855999999999997
17.45	0.00025
17.5	0.00018011999999999998
17.5	0.00021847999999999998
17.5	0.00025
17.55	0.00017991999999999997
17.55	0.00021839999999999997
17.55	0.00025
17.6	0.00017976
17.6	0.00021831999999999998
17.6	0.00025
17.65	0.00017956
17.65	0.00021824
17.65	0.00025
17.7	0.00017935999999999996
17.7	0.00021815999999999998
17.7	0.00025
17.75	0.00017915999999999999
17.75	0.00021807999999999997
17.75	0.00025
17.799999999999997	0.000179
17.799999999999997	0.00021799999999999999
17.799999999999997	0.00025
17.849999999999998	0.00017879999999999998
17.849999999999998	0.00021792
17.849999999999998	0.00025
17.9	0.00017859999999999998
17.9	0.00021784
17.9	0.00025
17.95	0.00017843999999999998
17.95	0.00021776
17.95	0.00025
18.	0.00017824
18.	0.00021768
18.	0.00025
18.05	0.00017804
18.05	0.0002176
18.05	0.00025
18.1	0.00017787999999999997
18.1	0.00021752000000000002
18.1	0.00025
18.15	0.00017768
18.15	0.00021744
18.15	0.00025
18.2	0.00017748
18.2	0.00021739999999999997
18.2	0.00025
18.25	0.00017728
18.25	0.00021731999999999999
18.25	0.00025
18.3	0.00017711999999999998
18.3	0.00021724
18.3	0.00025
18.35	0.00017692
18.35	0.00021716
18.35	0.00025
18.400000000000002	0.00017672
18.400000000000002	0.00021707999999999997
18.400000000000002	0.00025
18.450000000000003	0.00017655999999999998
18.450000000000003	0.000217
18.450000000000003	0.00025
18.5	0.00017636
18.5	0.00021692
18.5	0.00025
18.55	0.00017616
18.55	0.00021684
18.55	0.00025
18.6	0.000176
18.6	0.00021675999999999998
18.6	0.00025
18.650000000000002	0.0001758
18.650000000000002	0.00021668
18.650000000000002	0.00025
18.700000000000003	0.00017559999999999999
18.700000000000003	0.0002166
18.700000000000003	0.00025
18.750000000000004	0.00017544000000000001
18.750000000000004	0.00021651999999999997
18.750000000000004	0.00025
18.800000000000004	0.00017524
18.800000000000004	0.00021644
18.800000000000004	0.00025
18.85	0.00017503999999999998
18.85	0.00021636
18.85	0.00025
18.900000000000002	0.00017488
18.900000000000002	0.00021627999999999998
18.900000000000002	0.00025
18.950000000000003	0.00017468
18.950000000000003	0.0002162
18.950000000000003	0.00025
19.000000000000004	0.00017447999999999997
19.000000000000004	0.00021616
19.000000000000004	0.00025
19.05	0.00017432
19.05	0.00021607999999999998
19.05	0.00025
19.1	0.00017412
19.1	0.000216
19.1	0.00025
19.150000000000002	0.00017392000000000002
19.150000000000002	0.00021592
19.150000000000002	0.00025
19.2	0.00017376
19.2	0.00021584
19.2	0.00025
19.25	0.00017356
19.25	0.00021575999999999998
19.25	0.00025
19.3	0.00017339999999999999
19.3	0.00021568
19.3	0.00025
19.35	0.0001732
19.35	0.00021559999999999998
19.35	0.00025
19.4	0.00017299999999999998
19.4	0.00021551999999999997
19.4	0.00025
19.45	0.00017283999999999998
19.45	0.00021544
19.45	0.00025
19.5	0.00017263999999999997
19.5	0.00021536
19.5	0.00025
19.549999999999997	0.00017244
19.549999999999997	0.00021527999999999999
19.549999999999997	0.00025
19.599999999999998	0.00017228
19.599999999999998	0.00021523999999999998
19.599999999999998	0.00025
19.65	0.00017208000000000002
19.65	0.00021516
19.65	0.00025
19.7	0.00017192
19.7	0.00021507999999999998
19.7	0.00025
19.75	0.00017172
19.75	0.000215
19.75	0.00025
19.8	0.00017151999999999998
19.8	0.00021492
19.8	0.00025
19.85	0.00017135999999999999
19.85	0.00021484
19.85	0.00025
19.9	0.00017115999999999998
19.9	0.00021475999999999998
19.9	0.00025
19.95	0.00017095999999999998
19.95	0.00021468
19.95	0.00025
20.	0.00017079999999999998
20.	0.00021459999999999998
20.	0.00025
20.05	0.00017059999999999997
20.05	0.00021452
20.05	0.00025
20.1	0.00017043999999999997
20.1	0.00021448
20.1	0.00025
20.150000000000002	0.00017023999999999997
20.150000000000002	0.0002144
20.150000000000002	0.00025
20.200000000000003	0.00017004
20.200000000000003	0.00021432
20.200000000000003	0.00025
20.25	0.00016988
20.25	0.00021423999999999998
20.25	0.00025
20.3	0.00016967999999999996
20.3	0.00021416000000000002
20.3	0.00025
20.35	0.00016952
20.35	0.00021408
20.35	0.00025
20.400000000000002	0.00016931999999999998
20.400000000000002	0.000214
20.400000000000002	0.00025
20.450000000000003	0.00016912
20.450000000000003	0.00021392
20.450000000000003	0.00025
20.500000000000004	0.00016895999999999998
20.500000000000004	0.00021384
20.500000000000004	0.00025
20.550000000000004	0.00016875999999999998
20.550000000000004	0.00021375999999999999
20.550000000000004	0.00025
20.6	0.0001686
20.6	0.00021371999999999998
20.6	0.00025
20.650000000000002	0.0001684
20.650000000000002	0.00021364000000000002
20.650000000000002	0.00025
20.700000000000003	0.0001682
20.700000000000003	0.00021356
20.700000000000003	0.00025
20.750000000000004	0.00016804
20.750000000000004	0.00021348
20.750000000000004	0.00025
20.8	0.00016784
20.8	0.0002134
20.8	0.00025
20.85	0.00016768
20.85	0.00021332
20.85	0.00025
20.900000000000002	0.00016748
20.900000000000002	0.00021323999999999998
20.900000000000002	0.00025
20.95	0.00016732
20.95	0.00021316000000000003
20.95	0.00025
21.	0.00016711999999999999
21.	0.00021312000000000002
21.	0.00025
21.05	0.00016691999999999998
21.05	0.00021304
21.05	0.00025
21.1	0.00016676
21.1	0.00021296
21.1	0.00025
21.15	0.00016656
21.15	0.00021288
21.15	0.00025
21.2	0.00016639999999999998
21.2	0.00021280000000000002
21.2	0.00025
21.25	0.00016619999999999997
21.25	0.00021271999999999998
21.25	0.00025
21.299999999999997	0.00016604
21.299999999999997	0.00021264000000000002
21.299999999999997	0.00025
21.349999999999998	0.00016583999999999997
21.349999999999998	0.0002126
21.349999999999998	0.00025
21.4	0.00016568
21.4	0.00021252
21.4	0.00025
21.45	0.00016548
21.45	0.00021244
21.45	0.00025
21.5	0.00016528000000000002
21.5	0.00021235999999999998
21.5	0.00025
21.55	0.00016512
21.55	0.00021228
21.55	0.00025
21.6	0.00016491999999999999
21.6	0.00021219999999999998
21.6	0.00025
21.65	0.00016476000000000001
21.65	0.00021212
21.65	0.00025
21.7	0.00016455999999999998
21.7	0.00021208
21.7	0.00025
21.75	0.0001644
21.75	0.000212
21.75	0.00025
21.8	0.0001642
21.8	0.00021192
21.8	0.00025
21.85	0.00016404
21.85	0.00021183999999999998
21.85	0.00025
21.900000000000002	0.00016384
21.900000000000002	0.00021176
21.900000000000002	0.00025
21.950000000000003	0.00016368
21.950000000000003	0.00021168
21.950000000000003	0.00025
22.	0.00016347999999999997
22.	0.0002116
22.	0.00025
22.05	0.00016332
22.05	0.00021156
22.05	0.00025
22.1	0.00016312
22.1	0.00021148
22.1	0.00025
22.150000000000002	0.00016295999999999997
22.150000000000002	0.0002114
22.150000000000002	0.00025
22.200000000000003	0.00016276
22.200000000000003	0.00021131999999999998
22.200000000000003	0.00025
22.250000000000004	0.0001626
22.250000000000004	0.00021124000000000002
22.250000000000004	0.00025
22.300000000000004	0.0001624
22.300000000000004	0.00021116
22.300000000000004	0.00025
22.35	0.00016224
22.35	0.00021112
22.35	0.00025
22.400000000000002	0.00016204
22.400000000000002	0.00021103999999999999
22.400000000000002	0.00025
22.450000000000003	0.00016188000000000002
22.450000000000003	0.00021096
22.450000000000003	0.00025
22.500000000000004	0.00016167999999999998
22.500000000000004	0.00021088
22.500000000000004	0.00025
22.55	0.00016151999999999998
22.55	0.0002108
22.55	0.00025
22.6	0.00016131999999999998
22.6	0.00021072000000000002
22.6	0.00025
22.650000000000002	0.00016115999999999998
22.650000000000002	0.00021068
22.650000000000002	0.00025
22.7	0.00016096
22.7	0.00021059999999999997
22.7	0.00025
22.75	0.00016079999999999998
22.75	0.00021051999999999998
22.75	0.00025
22.8	0.00016059999999999997
22.8	0.00021043999999999997
22.8	0.00025
22.85	0.00016044
22.85	0.00021035999999999998
22.85	0.00025
22.9	0.00016024
22.9	0.00021027999999999997
22.9	0.00025
22.95	0.00016007999999999997
22.95	0.00021023999999999997
22.95	0.00025
23.	0.00015988
23.	0.00021015999999999995
23.	0.00025
23.049999999999997	0.00015972
23.049999999999997	0.00021008
23.049999999999997	0.00025
23.099999999999998	0.00015951999999999996
23.099999999999998	0.00020999999999999998
23.099999999999998	0.00025
23.15	0.00015936
23.15	0.00020991999999999997
23.15	0.00025
23.2	0.00015916
23.2	0.00020983999999999998
23.2	0.00025
23.25	0.000159
23.25	0.0002098
23.25	0.00025
23.3	0.0001588
23.3	0.00020971999999999996
23.3	0.00025
23.35	0.00015863999999999999
23.35	0.00020963999999999998
23.35	0.00025
23.4	0.00015844
23.4	0.00020956
23.4	0.00025
23.45	0.00015827999999999998
23.45	0.00020947999999999998
23.45	0.00025
23.5	0.00015808
23.5	0.00020943999999999997
23.5	0.00025
23.55	0.00015792
23.55	0.00020936
23.55	0.00025
23.6	0.00015775999999999998
23.6	0.00020927999999999997
23.6	0.00025
23.650000000000002	0.00015756
23.650000000000002	0.00020919999999999996
23.650000000000002	0.00025
23.700000000000003	0.00015739999999999998
23.700000000000003	0.00020912
23.700000000000003	0.00025
23.75	0.0001572
23.75	0.00020908
23.75	0.00025
23.8	0.00015704
23.8	0.00020899999999999998
23.8	0.00025
23.85	0.00015684
23.85	0.00020891999999999997
23.85	0.00025
23.900000000000002	0.00015667999999999997
23.900000000000002	0.00020883999999999999
23.900000000000002	0.00025
23.950000000000003	0.00015648
23.950000000000003	0.00020876
23.950000000000003	0.00025
24.000000000000004	0.00015632
24.000000000000004	0.00020872
24.000000000000004	0.00025
24.050000000000004	0.00015616
24.050000000000004	0.00020863999999999998
24.050000000000004	0.00025
24.1	0.00015596000000000002
24.1	0.00020856
24.1	0.00025
24.150000000000002	0.0001558
24.150000000000002	0.00020847999999999998
24.150000000000002	0.00025
24.200000000000003	0.00015560000000000001
24.200000000000003	0.0002084
24.200000000000003	0.00025
24.250000000000004	0.00015544000000000002
24.250000000000004	0.00020836
24.250000000000004	0.00025
24.3	0.00015523999999999998
24.3	0.00020828
24.3	0.00025
24.35	0.00015507999999999999
24.35	0.00020819999999999996
24.35	0.00025
24.400000000000002	0.00015492000000000001
24.400000000000002	0.00020811999999999998
24.400000000000002	0.00025
24.45	0.00015472
24.45	0.00020804
24.45	0.00025
24.5	0.00015456
24.5	0.000208
24.5	0.00025
24.55	0.00015436
24.55	0.00020791999999999997
24.55	0.00025
24.6	0.0001542
24.6	0.00020784000000000002
24.6	0.00025
24.65	0.00015404
24.65	0.00020776
24.65	0.00025
24.7	0.00015384
24.7	0.00020772
24.7	0.00025
24.75	0.00015368
24.75	0.00020763999999999998
24.75	0.00025
24.799999999999997	0.00015348
24.799999999999997	0.00020756
24.799999999999997	0.00025
24.849999999999998	0.00015332
24.849999999999998	0.00020747999999999999
24.849999999999998	0.00025
24.9	0.00015316
24.9	0.0002074
24.9	0.00025
24.95	0.00015296
24.95	0.00020735999999999997
24.95	0.00025
25.	0.00015279999999999997
25.	0.00020728
25.	0.00025
25.05	0.00015259999999999997
25.05	0.0002072
25.05	0.00025
25.1	0.00015244
25.1	0.00020711999999999998
25.1	0.00025
25.15	0.00015228
25.15	0.00020707999999999998
25.15	0.00025
25.2	0.00015208
25.2	0.000207
25.2	0.00025
25.25	0.00015192
25.25	0.00020691999999999998
25.25	0.00025
25.3	0.00015172
25.3	0.00020683999999999996
25.3	0.00025
25.35	0.00015156
25.35	0.00020679999999999999
25.35	0.00025
25.400000000000002	0.00015139999999999997
25.400000000000002	0.00020672
25.400000000000002	0.00025
25.450000000000003	0.0001512
25.450000000000003	0.00020664
25.450000000000003	0.00025
25.5	0.00015103999999999996
25.5	0.00020656
25.5	0.00025
25.55	0.00015088
25.55	0.00020652
25.55	0.00025
25.6	0.00015068
25.6	0.00020643999999999998
25.6	0.00025
25.650000000000002	0.00015052
25.650000000000002	0.00020635999999999997
25.650000000000002	0.00025
25.700000000000003	0.00015036
25.700000000000003	0.00020628
25.700000000000003	0.00025
25.750000000000004	0.00015015999999999999
25.750000000000004	0.0002062
25.750000000000004	0.00025
25.800000000000004	0.00015
25.800000000000004	0.00020616
25.800000000000004	0.00025
25.85	0.00014979999999999998
25.85	0.00020607999999999998
25.85	0.00025
25.900000000000002	0.00014963999999999998
25.900000000000002	0.000206
25.900000000000002	0.00025
25.950000000000003	0.00014947999999999999
25.950000000000003	0.00020591999999999998
25.950000000000003	0.00025
26.000000000000004	0.00014927999999999998
26.000000000000004	0.00020587999999999997
26.000000000000004	0.00025
26.05	0.00014911999999999998
26.05	0.0002058
26.05	0.00025
26.1	0.00014895999999999998
26.1	0.00020572
26.1	0.00025
26.150000000000002	0.00014875999999999998
26.150000000000002	0.00020568
26.150000000000002	0.00025
26.2	0.00014859999999999998
26.2	0.0002056
26.2	0.00025
26.25	0.00014844
26.25	0.00020552
26.25	0.00025
26.3	0.00014823999999999998
26.3	0.00020543999999999998
26.3	0.00025
26.35	0.00014808
26.35	0.00020539999999999998
26.35	0.00025
26.400000000000002	0.00014792
26.400000000000002	0.00020532
26.400000000000002	0.00025
26.450000000000003	0.00014771999999999997
26.450000000000003	0.00020524
26.450000000000003	0.00025
26.500000000000004	0.00014756
26.500000000000004	0.00020516
26.500000000000004	0.00025
26.55	0.0001474
26.55	0.00020512
26.55	0.00025
26.6	0.0001472
26.6	0.00020503999999999997
26.6	0.00025
26.650000000000002	0.00014704
26.650000000000002	0.00020496000000000002
26.650000000000002	0.00025
26.700000000000003	0.00014688
26.700000000000003	0.00020488
26.700000000000003	0.00025
26.75	0.00014672
26.75	0.00020484
26.75	0.00025
26.8	0.00014652
26.8	0.00020476
26.8	0.00025
26.85	0.00014636
26.85	0.00020468
26.85	0.00025
26.9	0.0001462
26.9	0.0002046
26.9	0.00025
26.95	0.000146
26.95	0.00020455999999999998
26.95	0.00025
27.	0.00014584
27.	0.00020448000000000002
27.	0.00025
27.05	0.00014568
27.05	0.00020439999999999998
27.05	0.00025
27.1	0.00014548
27.1	0.00020436
27.1	0.00025
27.150000000000002	0.00014532
27.150000000000002	0.00020428
27.150000000000002	0.00025
27.200000000000003	0.00014516
27.200000000000003	0.0002042
27.200000000000003	0.00025
27.25	0.000145
27.25	0.00020412
27.25	0.00025
27.3	0.0001448
27.3	0.00020407999999999998
27.3	0.00025
27.35	0.00014464
27.35	0.000204
27.35	0.00025
27.400000000000002	0.00014448
27.400000000000002	0.00020392
27.400000000000002	0.00025
27.45	0.00014428
27.45	0.00020388
27.45	0.00025
27.5	0.00014412000000000002
27.5	0.0002038
27.5	0.00025
27.55	0.00014396
27.55	0.00020372
27.55	0.00025
27.599999999999998	0.0001438
27.599999999999998	0.00020364
27.599999999999998	0.00025
27.65	0.0001436
27.65	0.00020360000000000002
27.65	0.00025
27.7	0.00014344
27.7	0.00020351999999999998
27.7	0.00025
27.75	0.00014328
27.75	0.00020344000000000002
27.75	0.00025
27.8	0.00014312
27.8	0.0002034
27.8	0.00025
27.85	0.00014292
27.85	0.00020332
27.85	0.00025
27.900000000000002	0.00014276
27.900000000000002	0.00020324
27.900000000000002	0.00025
27.95	0.0001426
27.95	0.00020316
27.95	0.00025
28.	0.0001424
28.	0.00020312
28.	0.00025
28.05	0.00014224
28.05	0.00020303999999999998
28.05	0.00025
28.1	0.00014208
28.1	0.00020296000000000002
28.1	0.00025
28.150000000000002	0.00014192
28.150000000000002	0.00020292000000000002
28.150000000000002	0.00025
28.200000000000003	0.00014172
28.200000000000003	0.00020284
28.200000000000003	0.00025
28.250000000000004	0.00014156
28.250000000000004	0.00020276
28.250000000000004	0.00025
28.3	0.0001414
28.3	0.00020272
28.3	0.00025
28.35	0.00014123999999999997
28.35	0.00020264
28.35	0.00025
28.400000000000002	0.00014108
28.400000000000002	0.00020255999999999999
28.400000000000002	0.00025
28.450000000000003	0.00014088
28.450000000000003	0.00020251999999999998
28.450000000000003	0.00025
28.5	0.00014071999999999997
28.5	0.00020244
28.5	0.00025
28.55	0.00014056
28.55	0.00020236
28.55	0.00025
28.6	0.0001404
28.6	0.00020228
28.6	0.00025
28.65	0.0001402
28.65	0.00020224
28.65	0.00025
28.7	0.00014004
28.7	0.00020215999999999998
28.7	0.00025
28.75	0.00013988
28.75	0.00020208
28.75	0.00025
28.8	0.00013971999999999997
28.8	0.00020204
28.8	0.00025
28.85	0.00013956
28.85	0.00020196
28.85	0.00025
28.900000000000002	0.00013936
28.900000000000002	0.00020187999999999998
28.900000000000002	0.00025
28.950000000000003	0.0001392
28.950000000000003	0.00020184
28.950000000000003	0.00025
29.	0.00013904
29.	0.00020176
29.	0.00025
29.05	0.00013888
29.05	0.00020167999999999998
29.05	0.00025
29.1	0.00013868
29.1	0.00020163999999999997
29.1	0.00025
29.150000000000002	0.00013852
29.150000000000002	0.00020156000000000001
29.150000000000002	0.00025
29.200000000000003	0.00013836
29.200000000000003	0.00020148
29.200000000000003	0.00025
29.250000000000004	0.0001382
29.250000000000004	0.00020144
29.250000000000004	0.00025
29.300000000000004	0.00013803999999999997
29.300000000000004	0.00020136
29.300000000000004	0.00025
29.35	0.00013784
29.35	0.00020128
29.35	0.00025
29.400000000000002	0.00013768
29.400000000000002	0.00020124
29.400000000000002	0.00025
29.450000000000003	0.00013752
29.450000000000003	0.00020115999999999998
29.450000000000003	0.00025
29.500000000000004	0.00013736
29.500000000000004	0.00020108000000000002
29.500000000000004	0.00025
29.55	0.0001372
29.55	0.00020104
29.55	0.00025
29.6	0.00013704
29.6	0.00020096
29.6	0.00025
29.650000000000002	0.00013684
29.650000000000002	0.00020088
29.650000000000002	0.00025
29.7	0.00013668
29.7	0.00020083999999999998
29.7	0.00025
29.75	0.00013652
29.75	0.00020076
29.75	0.00025
29.8	0.00013636
29.8	0.00020067999999999998
29.8	0.00025
29.85	0.0001362
29.85	0.00020063999999999998
29.85	0.00025
29.900000000000002	0.00013604
29.900000000000002	0.00020055999999999996
29.900000000000002	0.00025
29.950000000000003	0.00013584
29.950000000000003	0.00020047999999999995
29.950000000000003	0.00025
30.000000000000004	0.00013568
30.000000000000004	0.00020044
30.000000000000004	0.00025
30.05	0.00013552
30.05	0.00020035999999999999
30.05	0.00025
30.1	0.00013536
30.1	0.00020027999999999997
30.1	0.00025
30.150000000000002	0.00013519999999999998
30.150000000000002	0.00020023999999999997
30.150000000000002	0.00025
30.200000000000003	0.00013504
30.200000000000003	0.00020015999999999998
30.200000000000003	0.00025
30.25	0.00013484
30.25	0.00020007999999999997
30.25	0.00025
30.3	0.00013468
30.3	0.00020003999999999996
30.3	0.00025
30.35	0.00013452
30.35	0.00019996
30.35	0.00025
30.4	0.00013436
30.4	0.00019988
30.4	0.00025
30.45	0.0001342
30.45	0.00019983999999999998
30.45	0.00025
30.5	0.00013404
30.5	0.00019975999999999997
30.5	0.00025
30.55	0.00013388
30.55	0.00019971999999999996
30.55	0.00025
30.6	0.00013368
30.6	0.00019963999999999998
30.6	0.00025
30.650000000000002	0.00013352
30.650000000000002	0.00019956
30.650000000000002	0.00025
30.700000000000003	0.00013336
30.700000000000003	0.00019952
30.700000000000003	0.00025
30.75	0.00013319999999999999
30.75	0.00019944
30.75	0.00025
30.8	0.00013304
30.8	0.00019936
30.8	0.00025
30.85	0.00013288
30.85	0.00019931999999999998
30.85	0.00025
30.900000000000002	0.00013272
30.900000000000002	0.00019923999999999997
30.900000000000002	0.00025
30.950000000000003	0.00013256
30.950000000000003	0.00019915999999999998
30.950000000000003	0.00025
31.000000000000004	0.00013235999999999999
31.000000000000004	0.00019912
31.000000000000004	0.00025
31.050000000000004	0.00013220000000000001
31.050000000000004	0.00019904
31.050000000000004	0.00025
31.1	0.00013204000000000002
31.1	0.00019895999999999998
31.1	0.00025
31.150000000000002	0.00013188
31.150000000000002	0.00019892
31.150000000000002	0.00025
31.200000000000003	0.00013172
31.200000000000003	0.00019884
31.200000000000003	0.00025
31.250000000000004	0.00013156
31.250000000000004	0.00019879999999999998
31.250000000000004	0.00025
31.3	0.0001314
31.3	0.00019871999999999997
31.3	0.00025
31.35	0.00013124
31.35	0.00019864
31.35	0.00025
31.400000000000002	0.00013107999999999997
31.400000000000002	0.0001986
31.400000000000002	0.00025
31.45	0.00013088
31.45	0.00019852
31.45	0.00025
31.5	0.00013072
31.5	0.00019843999999999998
31.5	0.00025
31.55	0.00013055999999999997
31.55	0.00019839999999999997
31.55	0.00025
31.6	0.00013039999999999997
31.6	0.00019831999999999999
31.6	0.00025
31.650000000000002	0.00013024
31.650000000000002	0.00019827999999999998
31.650000000000002	0.00025
31.700000000000003	0.00013007999999999997
31.700000000000003	0.0001982
31.700000000000003	0.00025
31.750000000000004	0.00012991999999999998
31.750000000000004	0.00019812
31.750000000000004	0.00025
31.8	0.00012976
31.8	0.00019808
31.8	0.00025
31.85	0.00012959999999999998
31.85	0.000198
31.85	0.00025
31.900000000000002	0.00012943999999999998
31.900000000000002	0.00019795999999999998
31.900000000000002	0.00025
31.950000000000003	0.00012927999999999998
31.950000000000003	0.00019788
31.950000000000003	0.00025
32.	0.00012912
32.	0.00019779999999999998
32.	0.00025
32.05	0.00012895999999999999
32.05	0.00019775999999999998
32.05	0.00025
32.1	0.00012875999999999998
32.1	0.00019767999999999996
32.1	0.00025
32.15	0.00012859999999999998
32.15	0.00019759999999999998
32.15	0.00025
32.2	0.00012843999999999998
32.2	0.00019756
32.2	0.00025
32.25	0.00012827999999999998
32.25	0.00019747999999999999
32.25	0.00025
32.3	0.00012811999999999999
32.3	0.00019743999999999998
32.3	0.00025
32.35	0.00012796
32.35	0.00019736
32.35	0.00025
32.4	0.00012780000000000002
32.4	0.00019727999999999998
32.4	0.00025
32.45	0.00012764
32.45	0.00019723999999999998
32.45	0.00025
32.5	0.00012748
32.5	0.00019715999999999996
32.5	0.00025
32.550000000000004	0.00012732
32.550000000000004	0.00019712
32.550000000000004	0.00025
32.6	0.00012716
32.6	0.00019704
32.6	0.00025
32.65	0.000127
32.65	0.00019695999999999998
32.65	0.00025
32.7	0.00012684
32.7	0.00019691999999999998
32.7	0.00025
32.75	0.00012668
32.75	0.00019684
32.75	0.00025
32.800000000000004	0.00012652
32.800000000000004	0.0001968
32.800000000000004	0.00025
32.85	0.00012636
32.85	0.00019671999999999997
32.85	0.00025
32.900000000000006	0.0001262
32.900000000000006	0.00019664000000000001
32.900000000000006	0.00025
32.95	0.00012604
32.95	0.00019659999999999998
32.95	0.00025
33.	0.00012588
33.	0.00019652
33.	0.00025
33.05	0.00012572
33.05	0.00019648
33.05	0.00025
33.099999999999994	0.00012555999999999998
33.099999999999994	0.0001964
33.099999999999994	0.00025
33.15	0.00012539999999999999
33.15	0.00019632
33.15	0.00025
33.199999999999996	0.00012524000000000001
33.199999999999996	0.00019627999999999998
33.199999999999996	0.00025
33.25	0.00012508
33.25	0.00019619999999999997
33.25	0.00025
33.3	0.00012492
33.3	0.00019616
33.3	0.00025
33.349999999999994	0.00012476000000000002
33.349999999999994	0.00019608
33.349999999999994	0.00025
33.400000000000006	0.00012460000000000002
33.400000000000006	0.00019604
33.400000000000006	0.00025
33.45	0.00012444
33.45	0.00019596
33.45	0.00025
33.50000000000001	0.00012424
33.50000000000001	0.00019587999999999997
33.50000000000001	0.00025
33.550000000000004	0.00012408
33.550000000000004	0.00019584
33.550000000000004	0.00025
33.60000000000001	0.00012392
33.60000000000001	0.00019576
33.60000000000001	0.00025
33.650000000000006	0.0001238
33.650000000000006	0.00019572
33.650000000000006	0.00025
33.7	0.00012363999999999997
33.7	0.00019564
33.7	0.00025
33.75	0.00012348
33.75	0.00019556
33.75	0.00025
33.8	0.00012332
33.8	0.00019552
33.8	0.00025
33.85	0.00012316
33.85	0.00019543999999999999
33.85	0.00025
33.9	0.000123
33.9	0.0001954
33.9	0.00025
33.95	0.00012284
33.95	0.00019532000000000002
33.95	0.00025
34.	0.00012267999999999998
34.	0.00019528000000000001
34.	0.00025
34.05	0.00012252
34.05	0.0001952
34.05	0.00025
34.1	0.00012236
34.1	0.00019512
34.1	0.00025
34.15	0.0001222
34.15	0.00019508
34.15	0.00025
34.2	0.00012203999999999999
34.2	0.000195
34.2	0.00025
34.25	0.00012187999999999999
34.25	0.00019496
34.25	0.00025
34.300000000000004	0.00012172
34.300000000000004	0.00019487999999999998
34.300000000000004	0.00025
34.35	0.00012156
34.35	0.00019484000000000003
34.35	0.00025
34.4	0.0001214
34.4	0.00019476
34.4	0.00025
34.45	0.00012124
34.45	0.00019468
34.45	0.00025
34.5	0.00012107999999999999
34.5	0.00019464
34.5	0.00025
34.550000000000004	0.00012091999999999999
34.550000000000004	0.00019456
34.550000000000004	0.00025
34.6	0.00012076
34.6	0.00019452
34.6	0.00025
34.650000000000006	0.00012059999999999998
34.650000000000006	0.00019444
34.650000000000006	0.00025
34.7	0.00012043999999999999
34.7	0.0001944
34.7	0.00025
34.75	0.00012028000000000001
34.75	0.00019432000000000002
34.75	0.00025
34.8	0.00012012
34.8	0.00019428000000000002
34.8	0.00025
34.849999999999994	0.00011996
34.849999999999994	0.0001942
34.849999999999994	0.00025
34.9	0.00011979999999999998
34.9	0.00019412
34.9	0.00025
34.949999999999996	0.00011963999999999999
34.949999999999996	0.00019408
34.949999999999996	0.00025
35.	0.00011948
35.	0.000194
35.	0.00025
35.05	0.00011935999999999998
35.05	0.00019396
35.05	0.00025
35.099999999999994	0.0001192
35.099999999999994	0.00019387999999999998
35.099999999999994	0.00025
35.150000000000006	0.00011904
35.150000000000006	0.00019383999999999997
35.150000000000006	0.00025
35.2	0.00011887999999999999
35.2	0.00019376000000000002
35.2	0.00025
35.25000000000001	0.00011871999999999999
35.25000000000001	0.00019372
35.25000000000001	0.00025
35.300000000000004	0.00011855999999999999
35.300000000000004	0.00019364
35.300000000000004	0.00025
35.35000000000001	0.00011839999999999999
35.35000000000001	0.0001936
35.35000000000001	0.00025
35.400000000000006	0.00011823999999999999
35.400000000000006	0.00019352
35.400000000000006	0.00025
35.45	0.00011808
35.45	0.00019344
35.45	0.00025
35.5	0.00011792000000000001
35.5	0.00019339999999999998
35.5	0.00025
35.55	0.00011776
35.55	0.00019331999999999997
35.55	0.00025
35.6	0.0001176
35.6	0.00019328000000000002
35.6	0.00025
35.65	0.00011748
35.65	0.0001932
35.65	0.00025
35.7	0.00011732
35.7	0.00019316
35.7	0.00025
35.75	0.00011716
35.75	0.00019308
35.75	0.00025
35.8	0.000117
35.8	0.00019304
35.8	0.00025
35.85	0.00011684
35.85	0.00019296
35.85	0.00025
35.9	0.00011668
35.9	0.00019292
35.9	0.00025
35.95	0.00011651999999999999
35.95	0.00019284
35.95	0.00025
36.	0.00011635999999999999
36.	0.0001928
36.	0.00025
36.050000000000004	0.00011619999999999998
36.050000000000004	0.00019272
36.050000000000004	0.00025
36.1	0.00011604
36.1	0.00019264
36.1	0.00025
36.15	0.00011592
36.15	0.0001926
36.15	0.00025
36.2	0.00011575999999999999
36.2	0.00019252
36.2	0.00025
36.25	0.00011559999999999999
36.25	0.00019248
36.25	0.00025
36.300000000000004	0.00011544
36.300000000000004	0.0001924
36.300000000000004	0.00025
36.35	0.00011528
36.35	0.00019236
36.35	0.00025
36.400000000000006	0.00011512
36.400000000000006	0.00019228
36.400000000000006	0.00025
36.45	0.00011496
36.45	0.00019224
36.45	0.00025
36.5	0.0001148
36.5	0.00019216
36.5	0.00025
36.55	0.00011467999999999999
36.55	0.00019212
36.55	0.00025
36.599999999999994	0.00011451999999999998
36.599999999999994	0.00019203999999999998
36.599999999999994	0.00025
36.65	0.00011436
36.65	0.000192
36.65	0.00025
36.699999999999996	0.0001142
36.699999999999996	0.00019192000000000002
36.699999999999996	0.00025
36.75	0.00011403999999999999
36.75	0.00019188
36.75	0.00025
36.8	0.00011387999999999999
36.8	0.0001918
36.8	0.00025
36.849999999999994	0.00011372
36.849999999999994	0.00019176
36.849999999999994	0.00025
36.900000000000006	0.00011359999999999998
36.900000000000006	0.00019167999999999998
36.900000000000006	0.00025
36.95	0.00011344
36.95	0.00019164
36.95	0.00025
37.00000000000001	0.00011328
37.00000000000001	0.00019156
37.00000000000001	0.00025
37.050000000000004	0.00011311999999999999
37.050000000000004	0.00019151999999999998
37.050000000000004	0.00025
37.10000000000001	0.00011295999999999999
37.10000000000001	0.00019144000000000002
37.10000000000001	0.00025
37.150000000000006	0.00011279999999999999
37.150000000000006	0.0001914
37.150000000000006	0.00025
37.2	0.00011268
37.2	0.00019132
37.2	0.00025
37.25	0.00011252
37.25	0.00019128
37.25	0.00025
37.3	0.00011235999999999999
37.3	0.0001912
37.3	0.00025
37.35	0.00011219999999999999
37.35	0.00019116
37.35	0.00025
37.4	0.00011204
37.4	0.00019108
37.4	0.00025
37.45	0.00011188
37.45	0.00019104
37.45	0.00025
37.5	0.00011176
37.5	0.00019095999999999997
37.5	0.00025
37.55	0.0001116
37.55	0.00019088000000000002
37.55	0.00025
37.6	0.00011143999999999999
37.6	0.00019084
37.6	0.00025
37.65	0.00011127999999999999
37.65	0.00019076
37.65	0.00025
37.7	0.00011112
37.7	0.00019072
37.7	0.00025
37.75	0.00011099999999999999
37.75	0.00019063999999999998
37.75	0.00025
37.800000000000004	0.00011084
37.800000000000004	0.0001906
37.800000000000004	0.00025
37.85	0.00011067999999999999
37.85	0.00019056
37.85	0.00025
37.9	0.00011051999999999999
37.9	0.00019047999999999998
37.9	0.00025
37.95	0.00011036000000000001
37.95	0.00019043999999999997
37.95	0.00025
38.	0.00011023999999999999
38.	0.00019036
38.	0.00025
38.050000000000004	0.00011008
38.050000000000004	0.00019031999999999998
38.050000000000004	0.00025
38.1	0.00010992
38.1	0.00019024
38.1	0.00025
38.150000000000006	0.00010975999999999999
38.150000000000006	0.0001902
38.150000000000006	0.00025
38.2	0.0001096
38.2	0.00019011999999999998
38.2	0.00025
38.25	0.00010947999999999999
38.25	0.00019007999999999997
38.25	0.00025
38.3	0.00010931999999999999
38.3	0.00018999999999999998
38.3	0.00025
38.349999999999994	0.00010915999999999999
38.349999999999994	0.00018995999999999998
38.349999999999994	0.00025
38.4	0.00010899999999999999
38.4	0.00018988
38.4	0.00025
38.449999999999996	0.00010884
38.449999999999996	0.00018983999999999998
38.449999999999996	0.00025
38.5	0.00010872
38.5	0.00018976
38.5	0.00025
38.55	0.00010855999999999999
38.55	0.00018972
38.55	0.00025
38.599999999999994	0.00010839999999999999
38.599999999999994	0.00018963999999999998
38.599999999999994	0.00025
38.650000000000006	0.00010824000000000001
38.650000000000006	0.0001896
38.650000000000006	0.00025
38.7	0.00010811999999999999
38.7	0.00018952
38.7	0.00025
38.75000000000001	0.00010796
38.75000000000001	0.00018948
38.75000000000001	0.00025
38.800000000000004	0.00010779999999999999
38.800000000000004	0.0001894
38.800000000000004	0.00025
38.85000000000001	0.00010763999999999999
38.85000000000001	0.00018936
38.85000000000001	0.00025
38.900000000000006	0.00010752
38.900000000000006	0.00018927999999999998
38.900000000000006	0.00025
38.95	0.00010735999999999999
38.95	0.00018924
38.95	0.00025
39.	0.0001072
39.	0.00018915999999999998
39.	0.00025
39.05	0.00010704
39.05	0.00018911999999999998
39.05	0.00025
39.1	0.00010692
39.1	0.00018903999999999997
39.1	0.00025
39.15	0.00010676
39.15	0.00018899999999999999
39.15	0.00025
39.2	0.00010660000000000002
39.2	0.00018892
39.2	0.00025
39.25	0.00010643999999999999
39.25	0.00018888
39.25	0.00025
39.3	0.00010631999999999998
39.3	0.00018879999999999998
39.3	0.00025
39.35	0.00010615999999999999
39.35	0.00018875999999999997
39.35	0.00025
39.4	0.000106
39.4	0.00018872
39.4	0.00025
39.45	0.00010584
39.45	0.00018863999999999998
39.45	0.00025
39.5	0.00010572
39.5	0.00018859999999999998
39.5	0.00025
39.550000000000004	0.00010556
39.550000000000004	0.00018851999999999996
39.550000000000004	0.00025
39.6	0.0001054
39.6	0.00018848
39.6	0.00025
39.65	0.00010524
39.65	0.00018839999999999997
39.65	0.00025
39.7	0.00010512000000000001
39.7	0.00018836
39.7	0.00025
39.75	0.00010496
39.75	0.00018827999999999998
39.75	0.00025
39.800000000000004	0.00010479999999999999
39.800000000000004	0.00018824
39.800000000000004	0.00025
39.85	0.00010468
39.85	0.00018816
39.85	0.00025
39.900000000000006	0.00010452
39.900000000000006	0.00018811999999999998
39.900000000000006	0.00025
39.95	0.00010436
39.95	0.00018803999999999997
39.95	0.00025
40.	0.0001042
40.	0.000188
40.	0.00025