0.015	-0.0023
0.015	-0.00047599999999999997
0.03	-0.00298
0.03	-0.0023
0.03	-0.00214
0.03	-0.001464
0.03	-0.00047599999999999997
0.045	-0.0029760000000000003
0.045	-0.002936
0.045	-0.0029
0.045	-0.00286
0.045	-0.0026360000000000003
0.045	-0.0026
0.045	-0.00246
0.045	-0.0023
0.045	-0.0022199999999999998
0.045	-0.00212
0.045	-0.002056
0.045	-0.00184
0.045	-0.001696
0.045	-0.00156
0.045	-0.0013599999999999999
0.045	-0.00047599999999999997
0.06	-0.002948
0.06	-0.002844
0.06	-0.002744
0.06	-0.0026439999999999996
0.06	-0.002496
0.06	-0.0023
0.06	-0.0022199999999999998
0.06	-0.002176
0.06	-0.002128
0.06	-0.002088
0.06	-0.002044
0.06	-0.002004
0.06	-0.00196
0.06	-0.0019199999999999998
0.06	-0.00188
0.06	-0.00184
0.06	-0.0018
0.06	-0.0017599999999999998
0.06	-0.00172
0.06	-0.001684
0.06	-0.0015359999999999998
0.06	-0.001504
0.06	-0.001364
0.06	-0.001156
0.06	-0.001
0.06	-0.0007039999999999997
0.06	-0.00047599999999999997
0.075	-0.002928
0.075	-0.0028640000000000002
0.075	-0.0028
0.075	-0.002736
0.075	-0.0023
0.075	-0.002196
0.075	-0.002144
0.075	-0.002088
0.075	-0.002032
0.075	-0.00198
0.075	-0.001928
0.075	-0.001864
0.075	-0.0018239999999999999
0.075	-0.001776
0.075	-0.001728
0.075	-0.00168
0.075	-0.001584
0.075	-0.00154
0.075	-0.001496
0.075	-0.0013599999999999999
0.075	-0.001176
0.075	-0.00114
0.075	-0.0010400000000000001
0.075	-0.00098
0.075	-0.0009199999999999998
0.075	-0.00084
0.075	-0.00047599999999999997
0.09	-0.00296
0.09	-0.0028840000000000003
0.09	-0.002804
0.09	-0.0027280000000000004
0.09	-0.002576
0.09	-0.002504
0.09	-0.00236
0.09	-0.0023
0.09	-0.0022199999999999998
0.09	-0.0021520000000000003
0.09	-0.002084
0.09	-0.00202
0.09	-0.0019560000000000003
0.09	-0.00186
0.09	-0.0017720000000000001
0.09	-0.001712
0.09	-0.001656
0.09	-0.0015999999999999999
0.09	-0.0015439999999999998
0.09	-0.0014880000000000002
0.09	-0.001436
0.09	-0.001352
0.09	-0.0012879999999999999
0.09	-0.0012439999999999999
0.09	-0.0011959999999999998
0.09	-0.0011519999999999998
0.09	-0.0009559999999999999
0.09	-0.0009199999999999998
0.09	-0.0008559999999999998
0.09	-0.00047999999999999996
0.105	-0.00294
0.105	-0.0028480000000000003
0.105	-0.0027600000000000003
0.105	-0.0026680000000000002
0.105	-0.00258
0.105	-0.0023
0.105	-0.0022519999999999997
0.105	-0.002164
0.105	-0.002084
0.105	-0.0020080000000000002
0.105	-0.0019320000000000001
0.105	-0.001856
0.105	-0.001788
0.105	-0.0017159999999999999
0.105	-0.0016480000000000002
0.105	-0.001584
0.105	-0.00152
0.105	-0.001456
0.105	-0.001396
0.105	-0.001336
0.105	-0.0012799999999999999
0.105	-0.0012239999999999998
0.105	-0.0011719999999999999
0.105	-0.001124
0.105	-0.001076
0.105	-0.0010279999999999998
0.105	-0.000984
0.105	-0.0009399999999999999
0.105	-0.0008999999999999998
0.105	-0.0008599999999999999
0.105	-0.0007599999999999998
0.105	-0.0006999999999999999
0.105	-0.00047999999999999996
0.12	-0.00292
0.12	-0.002816
0.12	-0.002712
0.12	-0.002608
0.12	-0.0025080000000000002
0.12	-0.0023
0.12	-0.002124
0.12	-0.0020360000000000005
0.12	-0.001948
0.12	-0.001864
0.12	-0.00178
0.12	-0.0017
0.12	-0.0016239999999999998
0.12	-0.001548
0.12	-0.0014759999999999999
0.12	-0.001404
0.12	-0.001336
0.12	-0.001272
0.12	-0.0012079999999999999
0.12	-0.0011480000000000001
0.12	-0.0010919999999999999
0.12	-0.001036
0.12	-0.000984
0.12	-0.0009359999999999999
0.12	-0.0008439999999999999
0.12	-0.0008039999999999998
0.12	-0.0006959999999999999
0.12	-0.0006399999999999999
0.12	-0.00047999999999999996
0.135	-0.0029
0.135	-0.00278
0.135	-0.00266
0.135	-0.0025480000000000004
0.135	-0.0023
0.135	-0.002124
0.135	-0.002012
0.135	-0.001912
0.135	-0.001816
0.135	-0.0017239999999999998
0.135	-0.0016359999999999999
0.135	-0.001548
0.135	-0.001464
0.135	-0.001388
0.135	-0.0013319999999999999
0.135	-0.001236
0.135	-0.0011679999999999998
0.135	-0.0010999999999999998
0.135	-0.0010400000000000001
0.135	-0.00098
0.135	-0.0009239999999999998
0.135	-0.0008240000000000001
0.135	-0.0007799999999999999
0.135	-0.0007359999999999998
0.135	-0.0006999999999999999
0.135	-0.0005439999999999997
0.135	-0.00047999999999999996
0.15000000000000002	-0.00296
0.15000000000000002	-0.002824
0.15000000000000002	-0.0026880000000000003
0.15000000000000002	-0.0025599999999999998
0.15000000000000002	-0.0023
0.15000000000000002	-0.00212
0.15000000000000002	-0.002076
0.15000000000000002	-0.00196
0.15000000000000002	-0.00184
0.15000000000000002	-0.001748
0.15000000000000002	-0.0016480000000000002
0.15000000000000002	-0.001548
0.15000000000000002	-0.001456
0.15000000000000002	-0.0013679999999999999
0.15000000000000002	-0.0013239999999999999
0.15000000000000002	-0.001284
0.15000000000000002	-0.0012039999999999998
0.15000000000000002	-0.0011279999999999999
0.15000000000000002	-0.0010559999999999996
0.15000000000000002	-0.000988
0.15000000000000002	-0.0009239999999999998
0.15000000000000002	-0.0008639999999999999
0.15000000000000002	-0.0007639999999999998
0.15000000000000002	-0.0007159999999999997
0.15000000000000002	-0.0006759999999999998
0.15000000000000002	-0.0006399999999999999
0.15000000000000002	-0.0005799999999999998
0.15000000000000002	-0.00048399999999999995
0.16499999999999998	-0.00288
0.16499999999999998	-0.0027320000000000005
0.16499999999999998	-0.002588
0.16499999999999998	-0.002444
0.16499999999999998	-0.0023
0.16499999999999998	-0.002176
0.16499999999999998	-0.002116
0.16499999999999998	-0.0020480000000000003
0.16499999999999998	-0.001924
0.16499999999999998	-0.001836
0.16499999999999998	-0.001804
0.16499999999999998	-0.0016879999999999998
0.16499999999999998	-0.0015799999999999998
0.16499999999999998	-0.0014759999999999999
0.16499999999999998	-0.001376
0.16499999999999998	-0.001316
0.16499999999999998	-0.0012799999999999999
0.16499999999999998	-0.001192
0.16499999999999998	-0.001108
0.16499999999999998	-0.0010279999999999998
0.16499999999999998	-0.0009559999999999999
0.16499999999999998	-0.0008879999999999999
0.16499999999999998	-0.0008240000000000001
0.16499999999999998	-0.0007679999999999998
0.16499999999999998	-0.0007199999999999997
0.16499999999999998	-0.0005959999999999999
0.16499999999999998	-0.00047999999999999996
0.18	-0.002828
0.18	-0.002664
0.18	-0.0025080000000000002
0.18	-0.0023
0.18	-0.002244
0.18	-0.002116
0.18	-0.0020640000000000003
0.18	-0.001928
0.18	-0.0018319999999999999
0.18	-0.0017919999999999998
0.18	-0.0016679999999999998
0.18	-0.001548
0.18	-0.001436
0.18	-0.001304
0.18	-0.0012239999999999998
0.18	-0.001132
0.18	-0.001044
0.18	-0.0009599999999999999
0.18	-0.0008879999999999999
0.18	-0.00082
0.18	-0.0007559999999999998
0.18	-0.0006999999999999999
0.18	-0.000652
0.18	-0.00047999999999999996
0.19499999999999998	-0.002844
0.19499999999999998	-0.002664
0.19499999999999998	-0.0023
0.19499999999999998	-0.00224
0.19499999999999998	-0.002164
0.19499999999999998	-0.002112
0.19499999999999998	-0.002012
0.19499999999999998	-0.001864
0.19499999999999998	-0.0018239999999999999
0.19499999999999998	-0.00172
0.19499999999999998	-0.001588
0.19499999999999998	-0.00146
0.19499999999999998	-0.001344
0.19499999999999998	-0.0012959999999999998
0.19499999999999998	-0.001228
0.19499999999999998	-0.001124
0.19499999999999998	-0.0010279999999999998
0.19499999999999998	-0.0009399999999999999
0.19499999999999998	-0.0008599999999999999
0.19499999999999998	-0.0007879999999999999
0.19499999999999998	-0.0007239999999999997
0.19499999999999998	-0.000668
0.19499999999999998	-0.0006199999999999999
0.19499999999999998	-0.0005799999999999998
0.19499999999999998	-0.00047999999999999996
0.20999999999999996	-0.002972
0.20999999999999996	-0.0027719999999999997
0.20999999999999996	-0.0025840000000000004
0.20999999999999996	-0.002396
0.20999999999999996	-0.0023
0.20999999999999996	-0.00224
0.20999999999999996	-0.0021079999999999996
0.20999999999999996	-0.0020520000000000004
0.20999999999999996	-0.0018880000000000001
0.20999999999999996	-0.00182
0.20999999999999996	-0.0017319999999999998
0.20999999999999996	-0.001588
0.20999999999999996	-0.001448
0.20999999999999996	-0.0013239999999999999
0.20999999999999996	-0.001284
0.20999999999999996	-0.0011959999999999998
0.20999999999999996	-0.001088
0.20999999999999996	-0.000984
0.20999999999999996	-0.0008919999999999998
0.20999999999999996	-0.0008119999999999999
0.20999999999999996	-0.0007399999999999998
0.20999999999999996	-0.0006759999999999998
0.20999999999999996	-0.0006239999999999999
0.20999999999999996	-0.0005759999999999998
0.20999999999999996	-0.0005439999999999999
0.20999999999999996	-0.000488
0.22499999999999998	-0.002828
0.22499999999999998	-0.00262
0.22499999999999998	-0.0024200000000000003
0.22499999999999998	-0.0023
0.22499999999999998	-0.0022359999999999997
0.22499999999999998	-0.002104
0.22499999999999998	-0.00204
0.22499999999999998	-0.0018679999999999999
0.22499999999999998	-0.001812
0.22499999999999998	-0.0017
0.22499999999999998	-0.0015439999999999998
0.22499999999999998	-0.0014
0.22499999999999998	-0.0012879999999999999
0.22499999999999998	-0.001132
0.22499999999999998	-0.0010199999999999999
0.22499999999999998	-0.0009159999999999998
0.22499999999999998	-0.0008240000000000001
0.22499999999999998	-0.0007439999999999998
0.22499999999999998	-0.0006759999999999998
0.22499999999999998	-0.0006159999999999999
0.22499999999999998	-0.000532
0.22499999999999998	-0.00048399999999999995
0.24	-0.002828
0.24	-0.002604
0.24	-0.0023
0.24	-0.00218
0.24	-0.0021000000000000003
0.24	-0.001984
0.24	-0.001816
0.24	-0.001784
0.24	-0.00162
0.24	-0.00146
0.24	-0.001316
0.24	-0.001264
0.24	-0.0011639999999999999
0.24	-0.0010400000000000001
0.24	-0.0009239999999999998
0.24	-0.0008240000000000001
0.24	-0.0007399999999999998
0.24	-0.000664
0.24	-0.0006039999999999998
0.24	-0.0005199999999999998
0.255	-0.002768
0.255	-0.002528
0.255	-0.0023
0.255	-0.0021000000000000003
0.255	-0.00188
0.255	-0.001796
0.255	-0.00168
0.255	-0.001504
0.255	-0.00134
0.255	-0.0012599999999999998
0.255	-0.001176
0.255	-0.001044
0.255	-0.0009199999999999998
0.255	-0.0008119999999999999
0.255	-0.0007199999999999997
0.255	-0.0006439999999999999
0.255	-0.0005839999999999998
0.255	-0.0005359999999999999
0.255	-0.000504
0.26999999999999996	-0.002908
0.26999999999999996	-0.002648
0.26999999999999996	-0.002396
0.26999999999999996	-0.0023
0.26999999999999996	-0.002164
0.26999999999999996	-0.002092
0.26999999999999996	-0.001936
0.26999999999999996	-0.001796
0.26999999999999996	-0.00172
0.26999999999999996	-0.0015279999999999998
0.26999999999999996	-0.001352
0.26999999999999996	-0.001252
0.26999999999999996	-0.0011719999999999999
0.26999999999999996	-0.001032
0.26999999999999996	-0.0009039999999999997
0.26999999999999996	-0.0007879999999999999
0.26999999999999996	-0.0006959999999999999
0.26999999999999996	-0.0006159999999999999
0.26999999999999996	-0.0005599999999999997
0.26999999999999996	-0.0005159999999999999
0.26999999999999996	-0.0004239999999999998
0.285	-0.0027400000000000002
0.285	-0.0023
0.285	-0.0020880000000000004
0.285	-0.0019720000000000002
0.285	-0.0017919999999999998
0.285	-0.0017319999999999998
0.285	-0.001532
0.285	-0.001344
0.285	-0.0012399999999999998
0.285	-0.0011519999999999998
0.285	-0.0010040000000000001
0.285	-0.0008679999999999998
0.285	-0.0007519999999999998
0.285	-0.00066
0.285	-0.0005839999999999998
0.285	-0.0005359999999999999
0.3	-0.002808
0.3	-0.002516
0.3	-0.0023
0.3	-0.002084
0.3	-0.00198
0.3	-0.001788
0.3	-0.0017239999999999998
0.3	-0.0015119999999999999
0.3	-0.001316
0.3	-0.0012239999999999998
0.3	-0.001116
0.3	-0.0009599999999999999
0.3	-0.00082
0.3	-0.0007079999999999998
0.3	-0.0006159999999999999
0.3	-0.0005479999999999999
0.3	-0.000504
0.3	-0.0003919999999999997
0.315	-0.002844
0.315	-0.0025320000000000004
0.315	-0.0023
0.315	-0.0020800000000000003
0.315	-0.0019639999999999996
0.315	-0.001776
0.315	-0.001696
0.315	-0.001468
0.315	-0.001272
0.315	-0.0012
0.315	-0.0010599999999999997
0.315	-0.0008999999999999998
0.315	-0.0007639999999999998
0.315	-0.000652
0.315	-0.0005679999999999997
0.315	-0.0003799999999999997
0.33	-0.002852
0.33	-0.00252
0.33	-0.0023
0.33	-0.002072
0.33	-0.0019199999999999998
0.33	-0.0017599999999999998
0.33	-0.001644
0.33	-0.001408
0.33	-0.0012239999999999998
0.33	-0.00116
0.33	-0.000988
0.33	-0.000828
0.33	-0.0006959999999999999
0.33	-0.0005919999999999999
0.33	-0.0005239999999999998
0.33	-0.00036399999999999985
0.345	-0.002824
0.345	-0.002476
0.345	-0.0023
0.345	-0.0022199999999999998
0.345	-0.002156
0.345	-0.0020640000000000003
0.345	-0.001852
0.345	-0.001744
0.345	-0.001564
0.345	-0.0013239999999999999
0.345	-0.001192
0.345	-0.0010799999999999998
0.345	-0.0008999999999999998
0.345	-0.0007439999999999998
0.345	-0.0006239999999999999
0.345	-0.0005359999999999999
0.345	-0.0003439999999999998
0.36	-0.002764
0.36	-0.0024040000000000003
0.36	-0.0023
0.36	-0.002216
0.36	-0.002084
0.36	-0.00204
0.36	-0.001776
0.36	-0.001712
0.36	-0.00146
0.36	-0.001232
0.36	-0.0011519999999999998
0.36	-0.00098
0.36	-0.0007999999999999999
0.36	-0.000656
0.36	-0.0005519999999999998
0.36	-0.0003279999999999999
0.375	-0.0026680000000000002
0.375	-0.0023
0.375	-0.002056
0.375	-0.0019399999999999999
0.375	-0.0017360000000000001
0.375	-0.001612
0.375	-0.001336
0.375	-0.001168
0.375	-0.0010639999999999996
0.375	-0.0008639999999999999
0.375	-0.0006959999999999999
0.375	-0.0005719999999999998
0.375	-0.0005399999999999999
0.375	-0.00031199999999999994
0.39	-0.002956
0.39	-0.0025440000000000003
0.39	-0.0023
0.39	-0.002156
0.39	-0.002044
0.39	-0.001808
0.39	-0.0017079999999999999
0.39	-0.001468
0.39	-0.0012079999999999999
0.39	-0.001124
0.39	-0.0009319999999999999
0.39	-0.0007399999999999998
0.39	-0.0005919999999999999
0.39	-0.0005399999999999999
0.39	-0.0002919999999999999
0.405	-0.002808
0.405	-0.002384
0.405	-0.0023
0.405	-0.0020520000000000004
0.405	-0.001976
0.405	-0.00172
0.405	-0.001608
0.405	-0.001304
0.405	-0.0011359999999999999
0.405	-0.001008
0.405	-0.000792
0.405	-0.0006199999999999999
0.405	-0.0005399999999999999
0.405	-0.00027199999999999984
0.42	-0.002624
0.42	-0.0023
0.42	-0.00218
0.42	-0.002032
0.42	-0.001796
0.42	-0.001684
0.42	-0.001424
0.42	-0.001156
0.42	-0.001072
0.42	-0.0008480000000000001
0.42	-0.0006479999999999999
0.42	-0.0005399999999999999
0.42	-0.0002519999999999998
0.435	-0.00288
0.435	-0.0023
0.435	-0.002196
0.435	-0.0020360000000000005
0.435	-0.0019560000000000003
0.435	-0.0016919999999999997
0.435	-0.001552
0.435	-0.0012239999999999998
0.435	-0.0010879999999999998
0.435	-0.0009079999999999997
0.435	-0.0006799999999999998
0.435	-0.0005439999999999999
0.435	-0.00023199999999999973
0.45	-0.0026360000000000003
0.45	-0.0023
0.45	-0.002196
0.45	-0.002012
0.45	-0.0017360000000000001
0.45	-0.0016480000000000002
0.45	-0.0013239999999999999
0.45	-0.0010919999999999999
0.45	-0.0009679999999999999
0.45	-0.0007159999999999997
0.45	-0.0005439999999999999
0.45	-0.0002079999999999997
0.46499999999999997	-0.0028840000000000003
0.46499999999999997	-0.00236
0.46499999999999997	-0.0023
0.46499999999999997	-0.002012
0.46499999999999997	-0.001872
0.46499999999999997	-0.001656
0.46499999999999997	-0.0014320000000000001
0.46499999999999997	-0.001108
0.46499999999999997	-0.001016
0.46499999999999997	-0.0007559999999999998
0.46499999999999997	-0.0005439999999999999
0.46499999999999997	-0.00018399999999999978
0.48	-0.002572
0.48	-0.0023
0.48	-0.002184
0.48	-0.00206
0.48	-0.001984
0.48	-0.00166
0.48	-0.001548
0.48	-0.0011639999999999999
0.48	-0.0010279999999999998
0.48	-0.0008039999999999998
0.48	-0.0005439999999999999
0.48	-0.00015999999999999999
0.495	-0.0028
0.495	-0.0023
0.495	-0.00226
0.495	-0.001988
0.495	-0.00172
0.495	-0.0016079999999999996
0.495	-0.001252
0.495	-0.0010199999999999999
0.495	-0.000852
0.495	-0.0005439999999999999
0.495	-0.00013599999999999992
0.51	-0.002428
0.51	-0.0023
0.51	-0.001984
0.51	-0.001852
0.51	-0.001608
0.51	-0.0013479999999999998
0.51	-0.0010119999999999999
0.51	-0.0008999999999999998
0.51	-0.0005439999999999999
0.51	-0.00010799999999999985
0.5249999999999999	-0.002632
0.5249999999999999	-0.0023
0.5249999999999999	-0.002164
0.5249999999999999	-0.002028
0.5249999999999999	-0.001952
0.5249999999999999	-0.0015999999999999999
0.5249999999999999	-0.001448
0.5249999999999999	-0.0010199999999999999
0.5249999999999999	-0.0009319999999999999
0.5249999999999999	-0.0005479999999999999
0.5249999999999999	-0.000488
0.5249999999999999	-0.00007599999999999976
0.5399999999999999	-0.002852
0.5399999999999999	-0.0023
0.5399999999999999	-0.002196
0.5399999999999999	-0.0019479999999999996
0.5399999999999999	-0.001616
0.5399999999999999	-0.0015359999999999998
0.5399999999999999	-0.001068
0.5399999999999999	-0.0009319999999999999
0.5399999999999999	-0.0005479999999999999
0.5399999999999999	-0.000488
0.5399999999999999	-0.00004799999999999969
0.5549999999999999	-0.0023
0.5549999999999999	-0.002144
0.5549999999999999	-0.0019399999999999999
0.5549999999999999	-0.0017159999999999999
0.5549999999999999	-0.0015439999999999998
0.5549999999999999	-0.0011359999999999999
0.5549999999999999	-0.0009159999999999998
0.5549999999999999	-0.0005479999999999999
0.5549999999999999	-0.000488
0.5549999999999999	-0.000015999999999999867
0.57	-0.0025599999999999998
0.57	-0.0023
0.57	-0.00224
0.57	-0.002136
0.57	-0.0019320000000000001
0.57	-0.001844
0.57	-0.001532
0.57	-0.0012159999999999999
0.57	-0.0008919999999999998
0.57	-0.0005479999999999999
0.57	-0.000492
0.585	-0.002764
0.585	-0.0023
0.585	-0.002128
0.585	-0.002004
0.585	-0.0019
0.585	-0.0015119999999999999
0.585	-0.0013
0.585	-0.0008639999999999999
0.585	-0.0005479999999999999
0.585	-0.000492
0.6	-0.0029760000000000003
0.6	-0.0023
0.6	-0.00216
0.6	-0.0018880000000000001
0.6	-0.0015
0.6	-0.001388
0.6	-0.0008359999999999999
0.6	-0.0005479999999999997
0.6	-0.000492
0.615	-0.0023
0.615	-0.002104
0.615	-0.001872
0.615	-0.0015279999999999998
0.615	-0.0014399999999999999
0.615	-0.0008039999999999998
0.615	-0.0005519999999999998
0.615	-0.000492
0.63	-0.0025
0.63	-0.0023
0.63	-0.0022199999999999998
0.63	-0.002092
0.63	-0.001856
0.63	-0.0016239999999999998
0.63	-0.001428
0.63	-0.0007719999999999999
0.63	-0.0005519999999999998
0.63	-0.000492
0.645	-0.002684
0.645	-0.0023
0.645	-0.002216
0.645	-0.0020800000000000003
0.645	-0.00184
0.645	-0.00174
0.645	-0.001404
0.645	-0.0007359999999999998
0.645	-0.0005519999999999998
0.645	-0.000492
0.66	-0.0028840000000000003
0.66	-0.0023
0.66	-0.002068
0.66	-0.00188
0.66	-0.001804
0.66	-0.001376
0.66	-0.0006999999999999999
0.66	-0.0005519999999999998
0.66	-0.000492
0.675	-0.0023
0.675	-0.002204
0.675	-0.002056
0.675	-0.001788
0.675	-0.001344
0.675	-0.00066
0.675	-0.0005519999999999998
0.675	-0.000492
0.69	-0.0023
0.69	-0.002196
0.69	-0.002156
0.69	-0.00204
0.69	-0.001764
0.69	-0.0013119999999999998
0.69	-0.0006199999999999999
0.69	-0.0005559999999999997
0.69	-0.000492
0.705	-0.0023
0.705	-0.002024
0.705	-0.00174
0.705	-0.0012759999999999998
0.705	-0.0005759999999999998
0.72	-0.002472
0.72	-0.0023
0.72	-0.002184
0.72	-0.0020080000000000002
0.72	-0.001712
0.72	-0.0012399999999999998
0.72	-0.000532
0.735	-0.00264
0.735	-0.0023
0.735	-0.002176
0.735	-0.001992
0.735	-0.001684
0.735	-0.0012039999999999998
0.735	-0.0005559999999999997
0.735	-0.00048399999999999995
0.75	-0.002824
0.75	-0.0023
0.75	-0.0021680000000000002
0.75	-0.0019720000000000002
0.75	-0.001656
0.75	-0.0011639999999999999
0.75	-0.0005559999999999997
0.75	-0.000492
0.75	-0.00043599999999999986
0.765	-0.0023
0.765	-0.00216
0.765	-0.0019560000000000003
0.765	-0.0016239999999999998
0.765	-0.00112
0.765	-0.0005599999999999997
0.765	-0.000492
0.765	-0.0003839999999999997
0.78	-0.0023
0.78	-0.0021520000000000003
0.78	-0.001936
0.78	-0.001592
0.78	-0.001076
0.78	-0.0005599999999999997
0.78	-0.000496
0.78	-0.0003319999999999999
0.795	-0.0023
0.795	-0.002144
0.795	-0.001916
0.795	-0.00156
0.795	-0.001032
0.795	-0.0005599999999999997
0.795	-0.000496
0.795	-0.0002759999999999999
0.81	-0.0023
0.81	-0.00226
0.81	-0.0021319999999999998
0.81	-0.0018960000000000001
0.81	-0.001524
0.81	-0.000984
0.81	-0.0005599999999999997
0.81	-0.000496
0.81	-0.0002159999999999997
0.825	-0.0023
0.825	-0.002124
0.825	-0.0018759999999999998
0.825	-0.0014880000000000002
0.825	-0.0009359999999999999
0.825	-0.0005599999999999997
0.825	-0.000496
0.825	-0.00015599999999999997
0.84	-0.0023
0.84	-0.002116
0.84	-0.001852
0.84	-0.0014519999999999997
0.84	-0.0008839999999999999
0.84	-0.0005639999999999997
0.84	-0.000496
0.84	-0.00009599999999999981
0.855	-0.0023
0.855	-0.002104
0.855	-0.0018319999999999999
0.855	-0.001412
0.855	-0.000828
0.855	-0.0005639999999999997
0.855	-0.000496
0.855	-0.00003199999999999965
0.87	-0.0023
0.87	-0.0020959999999999998
0.87	-0.001808
0.87	-0.001372
0.87	-0.0007719999999999999
0.87	-0.0005639999999999997
0.87	-0.000496
0.885	-0.0023
0.885	-0.002084
0.885	-0.001784
0.885	-0.0013319999999999999
0.885	-0.0007159999999999997
0.885	-0.0005639999999999997
0.885	-0.000496
0.9	-0.0023
0.9	-0.002244
0.9	-0.002072
0.9	-0.0017599999999999998
0.9	-0.0012879999999999999
0.9	-0.000656
0.9	-0.0005639999999999997
0.9	-0.000496
0.9149999999999999	-0.0023
0.9149999999999999	-0.00224
0.9149999999999999	-0.0020640000000000003
0.9149999999999999	-0.0017319999999999998
0.9149999999999999	-0.0012439999999999999
0.9149999999999999	-0.0005959999999999999
0.9149999999999999	-0.000496
0.9299999999999999	-0.0023
0.9299999999999999	-0.00224
0.9299999999999999	-0.0020520000000000004
0.9299999999999999	-0.0017079999999999999
0.9299999999999999	-0.0012
0.9299999999999999	-0.000532
0.945	-0.0023
0.945	-0.0022359999999999997
0.945	-0.00204
0.945	-0.00168
0.945	-0.001156
0.945	-0.0005679999999999997
0.945	-0.000496
0.945	-0.00046799999999999994
0.96	-0.0023
0.96	-0.002028
0.96	-0.001656
0.96	-0.001108
0.96	-0.0005679999999999997
0.96	-0.000496
0.96	-0.00039999999999999975
0.9749999999999999	-0.0023
0.9749999999999999	-0.002016
0.9749999999999999	-0.0016279999999999999
0.9749999999999999	-0.0010639999999999996
0.9749999999999999	-0.0005679999999999997
0.9749999999999999	-0.000496
0.9749999999999999	-0.0003319999999999999
0.9899999999999999	-0.0023
0.9899999999999999	-0.002224
0.9899999999999999	-0.002004
0.9899999999999999	-0.0015999999999999999
0.9899999999999999	-0.0010119999999999999
0.9899999999999999	-0.0005719999999999998
0.9899999999999999	-0.000496
0.9899999999999999	-0.0002639999999999998
1.005	-0.0023
1.005	-0.0022199999999999998
1.005	-0.001988
1.005	-0.001568
1.005	-0.0009639999999999999
1.005	-0.0005719999999999998
1.005	-0.000496
1.005	-0.00019199999999999995
1.02	-0.0023
1.02	-0.0022199999999999998
1.02	-0.001976
1.02	-0.00154
1.02	-0.0009159999999999998
1.02	-0.0005719999999999998
1.02	-0.000496
1.02	-0.00011999999999999988
1.035	-0.0023
1.035	-0.002216
1.035	-0.00196
1.035	-0.001508
1.035	-0.0008639999999999999
1.035	-0.0005719999999999998
1.035	-0.000496
1.035	-0.00004799999999999969
1.0499999999999998	-0.0023
1.0499999999999998	-0.002212
1.0499999999999998	-0.001948
1.0499999999999998	-0.00148
1.0499999999999998	-0.0008119999999999999
1.0499999999999998	-0.0005719999999999998
1.0499999999999998	-0.0005
1.065	-0.0023
1.065	-0.0019320000000000001
1.065	-0.001448
1.065	-0.0007599999999999998
1.065	-0.0005759999999999998
1.065	-0.0005
1.0799999999999998	-0.0023
1.0799999999999998	-0.002204
1.0799999999999998	-0.0019199999999999998
1.0799999999999998	-0.001416
1.0799999999999998	-0.0007039999999999999
1.0799999999999998	-0.0005759999999999998
1.0799999999999998	-0.0005
1.095	-0.0023
1.095	-0.0021999999999999997
1.095	-0.001904
1.095	-0.001384
1.095	-0.000652
1.095	-0.0005759999999999998
1.095	-0.0005
1.1099999999999999	-0.0023
1.1099999999999999	-0.002196
1.1099999999999999	-0.0018880000000000001
1.1099999999999999	-0.0013479999999999998
1.1099999999999999	-0.0005959999999999999
1.1099999999999999	-0.0005
1.125	-0.0023
1.125	-0.002188
1.125	-0.001872
1.125	-0.001316
1.125	-0.0005799999999999998
1.125	-0.0005399999999999999
1.125	-0.0005
1.14	-0.0023
1.14	-0.002184
1.14	-0.001856
1.14	-0.0012799999999999999
1.14	-0.0005799999999999998
1.14	-0.00048399999999999995
1.155	-0.0023
1.155	-0.00218
1.155	-0.00184
1.155	-0.001248
1.155	-0.0005799999999999998
1.155	-0.0005
1.155	-0.0004239999999999998
1.17	-0.0023
1.17	-0.002176
1.17	-0.0018239999999999999
1.17	-0.001212
1.17	-0.0005799999999999998
1.17	-0.0005
1.17	-0.0003679999999999998
1.185	-0.0023
1.185	-0.002172
1.185	-0.001804
1.185	-0.001176
1.185	-0.0005839999999999998
1.185	-0.0005
1.185	-0.00030799999999999995
1.2	-0.0023
1.2	-0.0021680000000000002
1.2	-0.001788
1.2	-0.0011359999999999999
1.2	-0.0005839999999999998
1.2	-0.0005
1.2	-0.0002479999999999998
1.2149999999999999	-0.0023
1.2149999999999999	-0.00216
1.2149999999999999	-0.001768
1.2149999999999999	-0.0010999999999999998
1.2149999999999999	-0.0005839999999999998
1.2149999999999999	-0.0005
1.2149999999999999	-0.00018799999999999975
1.2299999999999998	-0.0023
1.2299999999999998	-0.002156
1.2299999999999998	-0.001752
1.2299999999999998	-0.0010639999999999996
1.2299999999999998	-0.0005839999999999998
1.2299999999999998	-0.0005
1.2299999999999998	-0.0001279999999999999
1.2449999999999999	-0.0023
1.2449999999999999	-0.0021520000000000003
1.2449999999999999	-0.0017319999999999998
1.2449999999999999	-0.001024
1.2449999999999999	-0.0005879999999999998
1.2449999999999999	-0.0005
1.2449999999999999	-0.00006399999999999974
1.2599999999999998	-0.0023
1.2599999999999998	-0.002144
1.2599999999999998	-0.001712
1.2599999999999998	-0.000984
1.2599999999999998	-0.0005879999999999998
1.2599999999999998	-0.0005
1.275	-0.0023
1.275	-0.00214
1.275	-0.001696
1.275	-0.0009439999999999999
1.275	-0.0005879999999999998
1.275	-0.0005
1.2899999999999998	-0.0023
1.2899999999999998	-0.002136
1.2899999999999998	-0.001676
1.2899999999999998	-0.0009039999999999997
1.2899999999999998	-0.0005879999999999998
1.2899999999999998	-0.0005
1.305	-0.0023
1.305	-0.002128
1.305	-0.001656
1.305	-0.0008639999999999999
1.305	-0.0005919999999999999
1.305	-0.0005
1.3199999999999998	-0.0023
1.3199999999999998	-0.002124
1.3199999999999998	-0.0016359999999999999
1.3199999999999998	-0.0008240000000000001
1.3199999999999998	-0.0005919999999999999
1.3199999999999998	-0.0005
1.335	-0.0023
1.335	-0.002116
1.335	-0.001612
1.335	-0.0007799999999999999
1.335	-0.0005919999999999999
1.335	-0.0005
1.3499999999999999	-0.0023
1.3499999999999999	-0.002112
1.3499999999999999	-0.001592
1.3499999999999999	-0.0007399999999999998
1.3499999999999999	-0.0005919999999999999
1.3499999999999999	-0.0005
1.3649999999999998	-0.0023
1.3649999999999998	-0.002104
1.3649999999999998	-0.001572
1.3649999999999998	-0.0006959999999999999
1.3649999999999998	-0.0005959999999999999
1.3649999999999998	-0.0005
1.3799999999999997	-0.0023
1.3799999999999997	-0.0021000000000000003
1.3799999999999997	-0.001548
1.3799999999999997	-0.000652
1.3799999999999997	-0.0005959999999999999
1.3799999999999997	-0.0005
1.3949999999999998	-0.0023
1.3949999999999998	-0.002092
1.3949999999999998	-0.0015279999999999998
1.3949999999999998	-0.0006119999999999999
1.3949999999999998	-0.0005
1.4099999999999997	-0.0023
1.4099999999999997	-0.002084
1.4099999999999997	-0.001504
1.4099999999999997	-0.0005679999999999997
1.4099999999999997	-0.0005
1.4249999999999998	-0.0023
1.4249999999999998	-0.0020800000000000003
1.4249999999999998	-0.0014839999999999999
1.4249999999999998	-0.0005999999999999998
1.4249999999999998	-0.0005
1.4399999999999997	-0.0023
1.4399999999999997	-0.002072
1.4399999999999997	-0.00146
1.4399999999999997	-0.0005999999999999998
1.4399999999999997	-0.0005
1.4549999999999998	-0.0023
1.4549999999999998	-0.0020640000000000003
1.4549999999999998	-0.001436
1.4549999999999998	-0.0005999999999999998
1.4549999999999998	-0.0005
1.4549999999999998	-0.0004319999999999998
1.4699999999999998	-0.0023
1.4699999999999998	-0.002056
1.4699999999999998	-0.001412
1.4699999999999998	-0.0005999999999999998
1.4699999999999998	-0.0005
1.4699999999999998	-0.0003839999999999997
1.4849999999999999	-0.0023
1.4849999999999999	-0.0020480000000000003
1.4849999999999999	-0.001388
1.4849999999999999	-0.0006039999999999998
1.4849999999999999	-0.0005
1.4849999999999999	-0.0003399999999999998
1.4999999999999998	-0.0023
1.4999999999999998	-0.002044
1.4999999999999998	-0.001364
1.4999999999999998	-0.0006039999999999998
1.4999999999999998	-0.0005
1.4999999999999998	-0.0002919999999999999
1.515	-0.0023
1.515	-0.0020360000000000005
1.515	-0.00134
1.515	-0.0006039999999999998
1.515	-0.0005
1.515	-0.00024399999999999978
1.5299999999999998	-0.0023
1.5299999999999998	-0.002028
1.5299999999999998	-0.001316
1.5299999999999998	-0.0006079999999999998
1.5299999999999998	-0.0005
1.5299999999999998	-0.0001959999999999999
1.545	-0.0023
1.545	-0.00202
1.545	-0.0012879999999999999
1.545	-0.0006079999999999998
1.545	-0.0005
1.545	-0.00014799999999999997
1.5599999999999998	-0.0023
1.5599999999999998	-0.002012
1.5599999999999998	-0.001264
1.5599999999999998	-0.0006079999999999998
1.5599999999999998	-0.0005
1.5599999999999998	-0.00009999999999999983
1.575	-0.0023
1.575	-0.002004
1.575	-0.001236
1.575	-0.0006079999999999998
1.575	-0.0005
1.575	-0.00004799999999999969
1.5899999999999999	-0.0023
1.5899999999999999	-0.001996
1.5899999999999999	-0.001212
1.5899999999999999	-0.0006119999999999999
1.5899999999999999	-0.0005
1.605	-0.0023
1.605	-0.001988
1.605	-0.001184
1.605	-0.0006119999999999999
1.605	-0.0005
1.6199999999999999	-0.0023
1.6199999999999999	-0.00198
1.6199999999999999	-0.00116
1.6199999999999999	-0.0006119999999999999
1.6199999999999999	-0.0005
1.6349999999999998	-0.0023
1.6349999999999998	-0.0019720000000000002
1.6349999999999998	-0.001132
1.6349999999999998	-0.0006159999999999999
1.6349999999999998	-0.0005
1.65	-0.0023
1.65	-0.00196
1.65	-0.0011039999999999997
1.65	-0.0006159999999999999
1.65	-0.0005
1.6649999999999998	-0.0023
1.6649999999999998	-0.001952
1.6649999999999998	-0.001076
1.6649999999999998	-0.0006159999999999999
1.6649999999999998	-0.0005
1.6799999999999997	-0.0023
1.6799999999999997	-0.001944
1.6799999999999997	-0.0010479999999999999
1.6799999999999997	-0.0006159999999999999
1.6799999999999997	-0.0005
1.6949999999999998	-0.0023
1.6949999999999998	-0.001936
1.6949999999999998	-0.0010199999999999999
1.6949999999999998	-0.0006199999999999999
1.6949999999999998	-0.0005
1.7099999999999997	-0.0023
1.7099999999999997	-0.001924
1.7099999999999997	-0.000992
1.7099999999999997	-0.0006199999999999999
1.7099999999999997	-0.0005
1.7249999999999999	-0.0023
1.7249999999999999	-0.001916
1.7249999999999999	-0.0009599999999999999
1.7249999999999999	-0.0006199999999999999
1.7249999999999999	-0.0005
1.7399999999999998	-0.0023
1.7399999999999998	-0.001908
1.7399999999999998	-0.0009319999999999999
1.7399999999999998	-0.0006239999999999999
1.7399999999999998	-0.0005
1.755	-0.0023
1.755	-0.0018960000000000001
1.755	-0.0009039999999999997
1.755	-0.0006239999999999999
1.755	-0.000496
1.7699999999999998	-0.0023
1.7699999999999998	-0.0018880000000000001
1.7699999999999998	-0.000872
1.7699999999999998	-0.0006239999999999999
1.7699999999999998	-0.000496
1.7849999999999997	-0.0023
1.7849999999999997	-0.0018759999999999998
1.7849999999999997	-0.0008439999999999999
1.7849999999999997	-0.0006279999999999999
1.7849999999999997	-0.000496
1.7999999999999998	-0.0023
1.7999999999999998	-0.0018679999999999999
1.7999999999999998	-0.0008119999999999999
1.7999999999999998	-0.0006279999999999999
1.7999999999999998	-0.000496
1.8149999999999997	-0.0023
1.8149999999999997	-0.001856
1.8149999999999997	-0.000784
1.8149999999999997	-0.0006279999999999999
1.8149999999999997	-0.000496
1.8299999999999996	-0.0023
1.8299999999999996	-0.0018479999999999998
1.8299999999999996	-0.0007519999999999998
1.8299999999999996	-0.000632
1.8299999999999996	-0.000496
1.8449999999999998	-0.0023
1.8449999999999998	-0.001836
1.8449999999999998	-0.0007199999999999997
1.8449999999999998	-0.000632
1.8449999999999998	-0.000496
1.8599999999999997	-0.0023
1.8599999999999997	-0.0018239999999999999
1.8599999999999997	-0.0006879999999999997
1.8599999999999997	-0.000632
1.8599999999999997	-0.000496
1.8749999999999998	-0.0023
1.8749999999999998	-0.001816
1.8749999999999998	-0.000656
1.8749999999999998	-0.000496
1.8899999999999997	-0.00234
1.8899999999999997	-0.0023
1.8899999999999997	-0.001804
1.8899999999999997	-0.0006239999999999999
1.8899999999999997	-0.000496
1.9049999999999998	-0.0023
1.9049999999999998	-0.0017919999999999998
1.9049999999999998	-0.000636
1.9049999999999998	-0.0005919999999999999
1.9049999999999998	-0.000496
1.9199999999999997	-0.0023
1.9199999999999997	-0.00178
1.9199999999999997	-0.0006399999999999999
1.9199999999999997	-0.0005599999999999997
1.9199999999999997	-0.000496
1.9349999999999996	-0.0023
1.9349999999999996	-0.0017720000000000001
1.9349999999999996	-0.0006399999999999999
1.9349999999999996	-0.0005279999999999998
1.9499999999999997	-0.0023
1.9499999999999997	-0.00226
1.9499999999999997	-0.0017599999999999998
1.9499999999999997	-0.0006399999999999999
1.9499999999999997	-0.000496
1.9649999999999999	-0.0023
1.9649999999999999	-0.001748
1.9649999999999999	-0.0006439999999999999
1.9649999999999999	-0.0004599999999999999
1.9799999999999998	-0.0023
1.9799999999999998	-0.0017360000000000001
1.9799999999999998	-0.0006439999999999999
1.9799999999999998	-0.000492
1.9799999999999998	-0.00042799999999999983
1.9949999999999999	-0.0023
1.9949999999999999	-0.0017239999999999998
1.9949999999999999	-0.0006439999999999999
1.9949999999999999	-0.000492
1.9949999999999999	-0.0003919999999999997
2.01	-0.0023
2.01	-0.001712
2.01	-0.0006479999999999999
2.01	-0.000492
2.01	-0.00035999999999999986
2.025	-0.0023
2.025	-0.0017
2.025	-0.0006479999999999999
2.025	-0.000492
2.025	-0.00032399999999999996
2.04	-0.0023
2.04	-0.0016879999999999998
2.04	-0.0006479999999999999
2.04	-0.000492
2.04	-0.0002919999999999999
2.0549999999999997	-0.0023
2.0549999999999997	-0.001676
2.0549999999999997	-0.000652
2.0549999999999997	-0.000492
2.0549999999999997	-0.0002559999999999998
2.07	-0.0023
2.07	-0.001664
2.07	-0.000652
2.07	-0.000492
2.07	-0.0002199999999999997
2.085	-0.0023
2.085	-0.0016519999999999998
2.085	-0.000656
2.085	-0.000492
2.085	-0.00018399999999999978
2.0999999999999996	-0.0023
2.0999999999999996	-0.0016359999999999999
2.0999999999999996	-0.000656
2.0999999999999996	-0.000492
2.0999999999999996	-0.00014799999999999997
2.115	-0.0023
2.115	-0.0016239999999999998
2.115	-0.000656
2.115	-0.000492
2.115	-0.00011199999999999986
2.1300000000000003	-0.0023
2.1300000000000003	-0.001612
2.1300000000000003	-0.00066
2.1300000000000003	-0.000492
2.1300000000000003	-0.00007599999999999976
2.145	-0.0023
2.145	-0.0015999999999999999
2.145	-0.00066
2.145	-0.000488
2.145	-0.00003999999999999967
2.16	-0.0023
2.16	-0.001584
2.16	-0.00066
2.16	-0.000488
2.1750000000000003	-0.00236
2.1750000000000003	-0.0023
2.1750000000000003	-0.001572
2.1750000000000003	-0.000664
2.1750000000000003	-0.000488
2.1900000000000004	-0.00236
2.1900000000000004	-0.0023
2.1900000000000004	-0.00156
2.1900000000000004	-0.000664
2.1900000000000004	-0.000488
2.205	-0.0023
2.205	-0.0015439999999999998
2.205	-0.000668
2.205	-0.000488
2.22	-0.0023
2.22	-0.00224
2.22	-0.001532
2.22	-0.000668
2.22	-0.000488
2.2350000000000003	-0.0023
2.2350000000000003	-0.00224
2.2350000000000003	-0.001516
2.2350000000000003	-0.000668
2.2350000000000003	-0.000488
2.25	-0.0023
2.25	-0.00224
2.25	-0.001504
2.25	-0.0006719999999999999
2.25	-0.000488
2.265	-0.0023
2.265	-0.0014880000000000002
2.265	-0.0006719999999999999
2.265	-0.00048399999999999995
2.2800000000000002	-0.0023
2.2800000000000002	-0.0014759999999999999
2.2800000000000002	-0.0006759999999999998
2.2800000000000002	-0.00048399999999999995
2.295	-0.0023
2.295	-0.00146
2.295	-0.0006759999999999998
2.295	-0.00048399999999999995
2.31	-0.0023
2.31	-0.001444
2.31	-0.0006759999999999998
2.31	-0.00048399999999999995
2.325	-0.0023
2.325	-0.0014320000000000001
2.325	-0.0006799999999999998
2.325	-0.00048399999999999995
2.3400000000000003	-0.0023
2.3400000000000003	-0.001416
2.3400000000000003	-0.0006799999999999998
2.3400000000000003	-0.00048399999999999995
2.355	-0.0023
2.355	-0.0014
2.355	-0.0006839999999999998
2.355	-0.00048399999999999995
2.37	-0.0023
2.37	-0.001384
2.37	-0.0006839999999999998
2.37	-0.00047999999999999996
2.3850000000000002	-0.0023760000000000005
2.3850000000000002	-0.0023
2.3850000000000002	-0.001372
2.3850000000000002	-0.0006839999999999998
2.3850000000000002	-0.00047999999999999996
2.4000000000000004	-0.00238
2.4000000000000004	-0.0023
2.4000000000000004	-0.001356
2.4000000000000004	-0.0006879999999999997
2.4000000000000004	-0.00047999999999999996
2.415	-0.00238
2.415	-0.0023
2.415	-0.00134
2.415	-0.0006879999999999997
2.415	-0.00047999999999999996
2.43	-0.002384
2.43	-0.0023
2.43	-0.0013239999999999999
2.43	-0.0006919999999999999
2.43	-0.00047999999999999996
2.445	-0.0023
2.445	-0.002224
2.445	-0.001308
2.445	-0.0006919999999999999
2.445	-0.00047999999999999996
2.46	-0.0023
2.46	-0.0022199999999999998
2.46	-0.001292
2.46	-0.0006959999999999999
2.46	-0.00047599999999999997
2.475	-0.0023
2.475	-0.0022199999999999998
2.475	-0.0012759999999999998
2.475	-0.0006959999999999999
2.475	-0.00047599999999999997
2.49	-0.0023
2.49	-0.002216
2.49	-0.0012599999999999998
2.49	-0.0006999999999999999
2.49	-0.00047599999999999997
2.505	-0.0023
2.505	-0.002216
2.505	-0.0012439999999999999
2.505	-0.0006999999999999999
2.505	-0.00047599999999999997
2.52	-0.0023
2.52	-0.001228
2.52	-0.0006999999999999999
2.52	-0.00047599999999999997
2.535	-0.0023
2.535	-0.001212
2.535	-0.0007039999999999999
2.535	-0.00047599999999999997
2.55	-0.0023
2.55	-0.0011959999999999998
2.55	-0.0007039999999999999
2.55	-0.0004719999999999999
2.565	-0.0023
2.565	-0.00118
2.565	-0.0007079999999999998
2.565	-0.0004719999999999999
2.58	-0.002396
2.58	-0.0023
2.58	-0.00116
2.58	-0.0007079999999999998
2.58	-0.0004719999999999999
2.5949999999999998	-0.0024000000000000002
2.5949999999999998	-0.0023
2.5949999999999998	-0.0011439999999999998
2.5949999999999998	-0.0007119999999999997
2.5949999999999998	-0.0004719999999999999
2.61	-0.0024000000000000002
2.61	-0.0023
2.61	-0.0011279999999999999
2.61	-0.0007119999999999997
2.61	-0.0004719999999999999
2.625	-0.0024040000000000003
2.625	-0.0023
2.625	-0.002204
2.625	-0.0011119999999999997
2.625	-0.0007159999999999997
2.625	-0.00046799999999999994
2.64	-0.0024040000000000003
2.64	-0.0023
2.64	-0.0021999999999999997
2.64	-0.0010919999999999999
2.64	-0.0007159999999999997
2.64	-0.00046799999999999994
2.655	-0.0023
2.655	-0.0021999999999999997
2.655	-0.001076
2.655	-0.0007199999999999997
2.655	-0.00046799999999999994
2.67	-0.0023
2.67	-0.0021999999999999997
2.67	-0.0010599999999999997
2.67	-0.0007199999999999997
2.67	-0.00046799999999999994
2.685	-0.0023
2.685	-0.002196
2.685	-0.0010400000000000001
2.685	-0.0007239999999999997
2.685	-0.00046799999999999994
2.7	-0.0023
2.7	-0.002196
2.7	-0.001024
2.7	-0.0007239999999999997
2.7	-0.0004639999999999999
2.715	-0.0023
2.715	-0.002192
2.715	-0.0010040000000000001
2.715	-0.0007279999999999997
2.715	-0.0004639999999999999
2.73	-0.002416
2.73	-0.0023
2.73	-0.000988
2.73	-0.0007279999999999997
2.73	-0.0004639999999999999
2.7449999999999997	-0.002416
2.7449999999999997	-0.0023
2.7449999999999997	-0.0009679999999999999
2.7449999999999997	-0.0007319999999999998
2.7449999999999997	-0.0004639999999999999
2.76	-0.0024200000000000003
2.76	-0.0023
2.76	-0.0009519999999999999
2.76	-0.0007319999999999998
2.76	-0.0004599999999999999
2.775	-0.0024200000000000003
2.775	-0.0023
2.775	-0.0009319999999999999
2.775	-0.0007359999999999998
2.775	-0.0004599999999999999
2.79	-0.002424
2.79	-0.0023
2.79	-0.002184
2.79	-0.0009119999999999998
2.79	-0.0007359999999999998
2.79	-0.0004599999999999999
2.8049999999999997	-0.002424
2.8049999999999997	-0.0023
2.8049999999999997	-0.002184
2.8049999999999997	-0.0008959999999999998
2.8049999999999997	-0.0007399999999999998
2.8049999999999997	-0.0004599999999999999
2.82	-0.002428
2.82	-0.0023
2.82	-0.00218
2.82	-0.000876
2.82	-0.0007399999999999998
2.82	-0.0004559999999999999
2.835	-0.0023
2.835	-0.00218
2.835	-0.0008559999999999998
2.835	-0.0007439999999999998
2.835	-0.0004559999999999999
2.8499999999999996	-0.0023
2.8499999999999996	-0.002176
2.8499999999999996	-0.00084
2.8499999999999996	-0.0007439999999999998
2.8499999999999996	-0.0004559999999999999
2.865	-0.0023
2.865	-0.002176
2.865	-0.00082
2.865	-0.0007479999999999998
2.865	-0.0004559999999999999
2.8800000000000003	-0.002436
2.8800000000000003	-0.0023
2.8800000000000003	-0.002172
2.8800000000000003	-0.0007999999999999999
2.8800000000000003	-0.0004519999999999999
2.895	-0.002436
2.895	-0.0023
2.895	-0.002172
2.895	-0.0007799999999999999
2.895	-0.0004519999999999999
2.91	-0.0024400000000000003
2.91	-0.0023
2.91	-0.0007599999999999998
2.91	-0.0004519999999999999
2.9250000000000003	-0.0024400000000000003
2.9250000000000003	-0.0023
2.9250000000000003	-0.0007439999999999998
2.9250000000000003	-0.0004519999999999999
2.9400000000000004	-0.002444
2.9400000000000004	-0.0023
2.9400000000000004	-0.002164
2.9400000000000004	-0.0007559999999999998
2.9400000000000004	-0.0007239999999999997
2.9400000000000004	-0.0004479999999999999
2.955	-0.002448
2.955	-0.0023
2.955	-0.002164
2.955	-0.0007599999999999998
2.955	-0.0007039999999999999
2.955	-0.0004479999999999999
2.97	-0.002448
2.97	-0.0023
2.97	-0.00216
2.97	-0.0007599999999999998
2.97	-0.0006839999999999998
2.97	-0.0004479999999999999
2.9850000000000003	-0.0023
2.9850000000000003	-0.00216
2.9850000000000003	-0.0007639999999999998
2.9850000000000003	-0.000664
2.9850000000000003	-0.00044399999999999984
3.	-0.0023
3.	-0.002156
3.	-0.0007679999999999998
3.	-0.0006439999999999999
3.	-0.00044399999999999984
3.015	-0.002456
3.015	-0.0023
3.015	-0.002156
3.015	-0.0007679999999999998
3.015	-0.0006239999999999999
3.015	-0.00044399999999999984
3.0300000000000002	-0.002456
3.0300000000000002	-0.0023
3.0300000000000002	-0.0021520000000000003
3.0300000000000002	-0.0007719999999999999
3.0300000000000002	-0.0006039999999999998
3.0300000000000002	-0.00044399999999999984
3.045	-0.00246
3.045	-0.0023
3.045	-0.0021520000000000003
3.045	-0.0007719999999999999
3.045	-0.0005839999999999998
3.045	-0.00043999999999999985
3.06	-0.002464
3.06	-0.0023
3.06	-0.0021479999999999997
3.06	-0.0007759999999999999
3.06	-0.0005639999999999997
3.06	-0.00043999999999999985
3.075	-0.002464
3.075	-0.0023
3.075	-0.0021479999999999997
3.075	-0.0007759999999999999
3.075	-0.0005439999999999999
3.075	-0.00043999999999999985
3.0900000000000003	-0.002468
3.0900000000000003	-0.0023
3.0900000000000003	-0.002144
3.0900000000000003	-0.0007799999999999999
3.0900000000000003	-0.0005199999999999998
3.0900000000000003	-0.00043599999999999986
3.105	-0.002468
3.105	-0.0023
3.105	-0.00214
3.105	-0.000784
3.105	-0.0005
3.105	-0.00043599999999999986
3.12	-0.002472
3.12	-0.0023
3.12	-0.00214
3.12	-0.000784
3.12	-0.00047999999999999996
3.12	-0.00043599999999999986
3.1350000000000002	-0.002476
3.1350000000000002	-0.0023
3.1350000000000002	-0.002136
3.1350000000000002	-0.0007879999999999999
3.1350000000000002	-0.0004599999999999999
3.1500000000000004	-0.002476
3.1500000000000004	-0.0023
3.1500000000000004	-0.002136
3.1500000000000004	-0.0007879999999999999
3.1500000000000004	-0.0004319999999999998
3.165	-0.00248
3.165	-0.0023
3.165	-0.0021319999999999998
3.165	-0.000792
3.165	-0.0004159999999999998
3.18	-0.00248
3.18	-0.0023
3.18	-0.0021319999999999998
3.18	-0.0007959999999999998
3.18	-0.00039599999999999976
3.195	-0.002484
3.195	-0.0023
3.195	-0.002128
3.195	-0.0007959999999999998
3.195	-0.00042799999999999983
3.195	-0.0003759999999999997
3.21	-0.0024879999999999998
3.21	-0.0023
3.21	-0.002124
3.21	-0.0007999999999999999
3.21	-0.00042799999999999983
3.21	-0.00035199999999999994
3.225	-0.0024879999999999998
3.225	-0.0023
3.225	-0.002124
3.225	-0.0007999999999999999
3.225	-0.0004239999999999998
3.225	-0.0003319999999999999
3.24	-0.0024920000000000003
3.24	-0.0023
3.24	-0.00212
3.24	-0.0008039999999999998
3.24	-0.0004239999999999998
3.24	-0.00031199999999999994
3.255	-0.002496
3.255	-0.0023
3.255	-0.00212
3.255	-0.000808
3.255	-0.0004239999999999998
3.255	-0.0002879999999999999
3.27	-0.002496
3.27	-0.0023
3.27	-0.002116
3.27	-0.000808
3.27	-0.0004199999999999998
3.27	-0.00026799999999999985
3.285	-0.0025
3.285	-0.0023
3.285	-0.002112
3.285	-0.0008119999999999999
3.285	-0.0004199999999999998
3.285	-0.00024399999999999978
3.3	-0.002504
3.3	-0.0023
3.3	-0.002112
3.3	-0.0008119999999999999
3.3	-0.0004199999999999998
3.3	-0.00022399999999999973
3.315	-0.002504
3.315	-0.0023
3.315	-0.0021079999999999996
3.315	-0.0008160000000000001
3.315	-0.0004159999999999998
3.315	-0.00019999999999999987
3.33	-0.0025080000000000002
3.33	-0.0023
3.33	-0.002104
3.33	-0.00082
3.33	-0.0004159999999999998
3.33	-0.00017999999999999982
3.3449999999999998	-0.002512
3.3449999999999998	-0.0023
3.3449999999999998	-0.002104
3.3449999999999998	-0.00082
3.3449999999999998	-0.00041199999999999977
3.3449999999999998	-0.00015599999999999997
3.36	-0.002516
3.36	-0.0023
3.36	-0.0021000000000000003
3.36	-0.0008240000000000001
3.36	-0.00041199999999999977
3.36	-0.00013599999999999992
3.375	-0.002516
3.375	-0.0023
3.375	-0.0020959999999999998
3.375	-0.000828
3.375	-0.00041199999999999977
3.375	-0.00011199999999999986
3.39	-0.00252
3.39	-0.0023
3.39	-0.0020959999999999998
3.39	-0.000828
3.39	-0.0004079999999999998
3.39	-0.0000879999999999998
3.405	-0.002524
3.405	-0.0023
3.405	-0.002092
3.405	-0.0008320000000000001
3.405	-0.0004079999999999998
3.405	-0.00006799999999999974
3.42	-0.002524
3.42	-0.0023
3.42	-0.002092
3.42	-0.0008359999999999999
3.42	-0.0004079999999999998
3.42	-0.00004399999999999968
3.435	-0.002528
3.435	-0.0023
3.435	-0.002088
3.435	-0.0008359999999999999
3.435	-0.00040399999999999974
3.435	-0.000019999999999999836
3.45	-0.0025320000000000004
3.45	-0.0023
3.45	-0.002084
3.45	-0.00084
3.45	-0.00040399999999999974
3.4650000000000003	-0.002536
3.4650000000000003	-0.0023
3.4650000000000003	-0.0020800000000000003
3.4650000000000003	-0.0008439999999999999
3.4650000000000003	-0.00039999999999999975
3.48	-0.00254
3.48	-0.0023
3.48	-0.0020800000000000003
3.48	-0.0008439999999999999
3.48	-0.00039999999999999975
3.495	-0.00254
3.495	-0.0023
3.495	-0.002076
3.495	-0.0008480000000000001
3.495	-0.00039599999999999976
3.5100000000000002	-0.0025440000000000003
3.5100000000000002	-0.0023
3.5100000000000002	-0.002072
3.5100000000000002	-0.000852
3.5100000000000002	-0.00039599999999999976
3.5250000000000004	-0.0025480000000000004
3.5250000000000004	-0.0023
3.5250000000000004	-0.002072
3.5250000000000004	-0.000852
3.5250000000000004	-0.00039599999999999976
3.54	-0.002552
3.54	-0.0023
3.54	-0.002068
3.54	-0.0008559999999999998
3.54	-0.0003919999999999997
3.555	-0.002552
3.555	-0.0023
3.555	-0.0020640000000000003
3.555	-0.0008599999999999999
3.555	-0.0003919999999999997
3.5700000000000003	-0.002556
3.5700000000000003	-0.0023
3.5700000000000003	-0.0020640000000000003
3.5700000000000003	-0.0008639999999999999
3.5700000000000003	-0.00038799999999999973
3.585	-0.0025599999999999998
3.585	-0.0023
3.585	-0.00206
3.585	-0.0008639999999999999
3.585	-0.00038799999999999973
3.6	-0.002564
3.6	-0.0023
3.6	-0.002056
3.6	-0.0008679999999999998
3.6	-0.0003839999999999997
3.6149999999999998	-0.002568
3.6149999999999998	-0.0023
3.6149999999999998	-0.0020520000000000004
3.6149999999999998	-0.000872
3.6149999999999998	-0.0003839999999999997
3.63	-0.002572
3.63	-0.0023
3.63	-0.0020520000000000004
3.63	-0.000872
3.63	-0.0003799999999999997
3.645	-0.002572
3.645	-0.0023
3.645	-0.0020480000000000003
3.645	-0.000876
3.645	-0.0003799999999999997
3.66	-0.002576
3.66	-0.0023
3.66	-0.002044
3.66	-0.0008799999999999999
3.66	-0.0003759999999999997
3.675	-0.00258
3.675	-0.0023
3.675	-0.00204
3.675	-0.0008839999999999999
3.675	-0.0003759999999999997
3.69	-0.0025840000000000004
3.69	-0.0023
3.69	-0.00204
3.69	-0.0008839999999999999
3.69	-0.0003759999999999997
3.705	-0.002588
3.705	-0.0023
3.705	-0.0020360000000000005
3.705	-0.0008879999999999999
3.705	-0.00037199999999999966
3.72	-0.0025919999999999997
3.72	-0.0023
3.72	-0.002032
3.72	-0.0008919999999999998
3.72	-0.00037199999999999966
3.7350000000000003	-0.002596
3.7350000000000003	-0.0023
3.7350000000000003	-0.002028
3.7350000000000003	-0.0008959999999999998
3.7350000000000003	-0.0003679999999999998
3.75	-0.0026
3.75	-0.0023
3.75	-0.002024
3.75	-0.0008959999999999998
3.75	-0.0003679999999999998
3.765	-0.002604
3.765	-0.0023
3.765	-0.002024
3.765	-0.0008999999999999998
3.765	-0.00036399999999999985
3.7800000000000002	-0.002604
3.7800000000000002	-0.0023
3.7800000000000002	-0.00202
3.7800000000000002	-0.0009039999999999997
3.7800000000000002	-0.00036399999999999985
3.7950000000000004	-0.002608
3.7950000000000004	-0.0023
3.7950000000000004	-0.002016
3.7950000000000004	-0.0009079999999999997
3.7950000000000004	-0.00035999999999999986
3.81	-0.0026119999999999997
3.81	-0.0023
3.81	-0.002012
3.81	-0.0009079999999999997
3.81	-0.00035999999999999986
3.825	-0.002616
3.825	-0.0023
3.825	-0.0020080000000000002
3.825	-0.0009119999999999998
3.825	-0.00035599999999999987
3.8400000000000003	-0.00262
3.8400000000000003	-0.0023
3.8400000000000003	-0.0020080000000000002
3.8400000000000003	-0.0009159999999999998
3.8400000000000003	-0.00035199999999999994
3.855	-0.002624
3.855	-0.0023
3.855	-0.002004
3.855	-0.0009199999999999998
3.855	-0.00035199999999999994
3.87	-0.0026279999999999997
3.87	-0.0023
3.87	-0.002
3.87	-0.0009239999999999998
3.87	-0.00034799999999999973
3.885	-0.002632
3.885	-0.0023
3.885	-0.001996
3.885	-0.0009239999999999998
3.885	-0.00034799999999999973
3.9	-0.0026360000000000003
3.9	-0.0023
3.9	-0.001992
3.9	-0.0009279999999999998
3.9	-0.0003439999999999998
3.915	-0.00264
3.915	-0.0023
3.915	-0.001988
3.915	-0.0009319999999999999
3.915	-0.0003439999999999998
3.93	-0.0026439999999999996
3.93	-0.0023
3.93	-0.001988
3.93	-0.0009359999999999999
3.93	-0.0003399999999999998
3.945	-0.002648
3.945	-0.0023
3.945	-0.001984
3.945	-0.0009399999999999999
3.945	-0.0003399999999999998
3.96	-0.0026520000000000003
3.96	-0.0023
3.96	-0.00198
3.96	-0.0009399999999999999
3.96	-0.0003359999999999998
3.975	-0.002656
3.975	-0.0023
3.975	-0.001976
3.975	-0.0009439999999999999
3.975	-0.0003319999999999999
3.9899999999999998	-0.00266
3.9899999999999998	-0.0023
3.9899999999999998	-0.0019720000000000002
3.9899999999999998	-0.0009479999999999998
3.9899999999999998	-0.0003319999999999999
4.005	-0.002664
4.005	-0.0023
4.005	-0.001968
4.005	-0.0009519999999999999
4.005	-0.000328
4.02	-0.0026680000000000002
4.02	-0.0023
4.02	-0.0019639999999999996
4.02	-0.0009559999999999999
4.02	-0.000328
4.035	-0.002672
4.035	-0.0023
4.035	-0.00196
4.035	-0.0009599999999999999
4.035	-0.00032399999999999996
4.05	-0.00268
4.05	-0.0023
4.05	-0.00196
4.05	-0.0009599999999999999
4.05	-0.00032399999999999996
4.0649999999999995	-0.002684
4.0649999999999995	-0.0023
4.0649999999999995	-0.0019560000000000003
4.0649999999999995	-0.0009639999999999999
4.0649999999999995	-0.00031999999999999997
4.08	-0.0026880000000000003
4.08	-0.0023
4.08	-0.001952
4.08	-0.0009679999999999999
4.08	-0.000316
4.095	-0.002692
4.095	-0.0023
4.095	-0.001948
4.095	-0.000972
4.095	-0.000316
4.109999999999999	-0.002696
4.109999999999999	-0.0023
4.109999999999999	-0.001944
4.109999999999999	-0.000976
4.109999999999999	-0.00031199999999999994
4.124999999999999	-0.0027
4.124999999999999	-0.0023
4.124999999999999	-0.0019399999999999999
4.124999999999999	-0.00098
4.124999999999999	-0.00030799999999999995
4.139999999999999	-0.0027040000000000002
4.139999999999999	-0.0023
4.139999999999999	-0.001936
4.139999999999999	-0.000984
4.139999999999999	-0.00030799999999999995
4.154999999999999	-0.002708
4.154999999999999	-0.0023
4.154999999999999	-0.0019320000000000001
4.154999999999999	-0.000984
4.154999999999999	-0.0003039999999999999
4.169999999999999	-0.0027160000000000005
4.169999999999999	-0.0023
4.169999999999999	-0.001928
4.169999999999999	-0.000988
4.169999999999999	-0.0003039999999999999
4.184999999999999	-0.00272
4.184999999999999	-0.0023
4.184999999999999	-0.001924
4.184999999999999	-0.000992
4.184999999999999	-0.0002999999999999999
4.199999999999999	-0.002724
4.199999999999999	-0.0023
4.199999999999999	-0.0019199999999999998
4.199999999999999	-0.000996
4.199999999999999	-0.00029599999999999993
4.214999999999999	-0.0027280000000000004
4.214999999999999	-0.0023
4.214999999999999	-0.001916
4.214999999999999	-0.001
4.214999999999999	-0.00029599999999999993
4.2299999999999995	-0.002732
4.2299999999999995	-0.0023
4.2299999999999995	-0.001912
4.2299999999999995	-0.0010040000000000001
4.2299999999999995	-0.0002919999999999999
4.244999999999999	-0.002736
4.244999999999999	-0.0023
4.244999999999999	-0.001908
4.244999999999999	-0.001008
4.244999999999999	-0.0002879999999999999
4.26	-0.002744
4.26	-0.0023
4.26	-0.001904
4.26	-0.0010119999999999999
4.26	-0.0002879999999999999
4.2749999999999995	-0.002748
4.2749999999999995	-0.0023
4.2749999999999995	-0.0019
4.2749999999999995	-0.001016
4.2749999999999995	-0.00028399999999999986
4.29	-0.002752
4.29	-0.0023
4.29	-0.0018960000000000001
4.29	-0.0010199999999999999
4.29	-0.00027999999999999987
4.305	-0.002756
4.305	-0.0023
4.305	-0.001892
4.305	-0.0010199999999999999
4.305	-0.0002759999999999999
4.319999999999999	-0.002764
4.319999999999999	-0.0023
4.319999999999999	-0.0018880000000000001
4.319999999999999	-0.001024
4.319999999999999	-0.0002759999999999999
4.335	-0.002768
4.335	-0.0023
4.335	-0.0018839999999999998
4.335	-0.0010279999999999998
4.335	-0.00027199999999999984
4.35	-0.0027719999999999997
4.35	-0.0023
4.35	-0.00188
4.35	-0.001032
4.35	-0.00026799999999999985
4.365	-0.002776
4.365	-0.0023
4.365	-0.0018759999999999998
4.365	-0.001036
4.365	-0.00026799999999999985
4.38	-0.002784
4.38	-0.0023
4.38	-0.001872
4.38	-0.0010400000000000001
4.38	-0.0002639999999999998
4.395	-0.0027879999999999997
4.395	-0.0023
4.395	-0.0018679999999999999
4.395	-0.001044
4.395	-0.0002599999999999998
4.409999999999999	-0.002792
4.409999999999999	-0.0023
4.409999999999999	-0.001864
4.409999999999999	-0.0010479999999999999
4.409999999999999	-0.0002559999999999998
4.425	-0.0028
4.425	-0.0023
4.425	-0.00186
4.425	-0.0010519999999999998
4.425	-0.0002559999999999998
4.4399999999999995	-0.002804
4.4399999999999995	-0.0023
4.4399999999999995	-0.001856
4.4399999999999995	-0.0010559999999999996
4.4399999999999995	-0.0002519999999999998
4.454999999999999	-0.002808
4.454999999999999	-0.0023
4.454999999999999	-0.001852
4.454999999999999	-0.0010599999999999997
4.454999999999999	-0.0002479999999999998
4.47	-0.002816
4.47	-0.0023
4.47	-0.0018479999999999998
4.47	-0.0010639999999999996
4.47	-0.00024399999999999978
4.484999999999999	-0.00282
4.484999999999999	-0.0023
4.484999999999999	-0.001844
4.484999999999999	-0.001068
4.484999999999999	-0.00024399999999999978
4.5	-0.002828
4.5	-0.0023
4.5	-0.00184
4.5	-0.001072
4.5	-0.00023999999999999976
4.515	-0.0028320000000000003
4.515	-0.0023
4.515	-0.001836
4.515	-0.001076
4.515	-0.00023599999999999975
4.529999999999999	-0.002836
4.529999999999999	-0.0023
4.529999999999999	-0.0018319999999999999
4.529999999999999	-0.0010799999999999998
4.529999999999999	-0.00023199999999999973
4.544999999999999	-0.002844
4.544999999999999	-0.0023
4.544999999999999	-0.0018280000000000002
4.544999999999999	-0.001084
4.544999999999999	-0.00023199999999999973
4.56	-0.0028480000000000003
4.56	-0.0023
4.56	-0.00182
4.56	-0.001088
4.56	-0.00022799999999999974
4.574999999999999	-0.002856
4.574999999999999	-0.0023
4.574999999999999	-0.001816
4.574999999999999	-0.0010919999999999999
4.574999999999999	-0.00022399999999999973
4.589999999999999	-0.00286
4.589999999999999	-0.0023
4.589999999999999	-0.001812
4.589999999999999	-0.0010959999999999998
4.589999999999999	-0.0002199999999999997
4.6049999999999995	-0.002868
4.6049999999999995	-0.0023
4.6049999999999995	-0.001808
4.6049999999999995	-0.0010999999999999998
4.6049999999999995	-0.0002159999999999997
4.619999999999999	-0.0028720000000000004
4.619999999999999	-0.0023
4.619999999999999	-0.001804
4.619999999999999	-0.0011039999999999997
4.619999999999999	-0.00021199999999999968
4.635	-0.00288
4.635	-0.0023
4.635	-0.0018
4.635	-0.001108
4.635	-0.00021199999999999968
4.6499999999999995	-0.0028840000000000003
4.6499999999999995	-0.0023
4.6499999999999995	-0.001796
4.6499999999999995	-0.0011119999999999997
4.6499999999999995	-0.0002079999999999998
4.664999999999999	-0.002892
4.664999999999999	-0.0023
4.664999999999999	-0.0017919999999999998
4.664999999999999	-0.001116
4.664999999999999	-0.00020399999999999984
4.679999999999999	-0.002896
4.679999999999999	-0.0023
4.679999999999999	-0.001784
4.679999999999999	-0.00112
4.679999999999999	-0.00019999999999999987
4.694999999999999	-0.002904
4.694999999999999	-0.0023
4.694999999999999	-0.00178
4.694999999999999	-0.001124
4.694999999999999	-0.0001959999999999999
4.709999999999999	-0.002908
4.709999999999999	-0.0023
4.709999999999999	-0.001776
4.709999999999999	-0.0011279999999999999
4.709999999999999	-0.00019199999999999995
4.724999999999999	-0.002916
4.724999999999999	-0.0023
4.724999999999999	-0.0017720000000000001
4.724999999999999	-0.001132
4.724999999999999	-0.00018799999999999996
4.739999999999999	-0.00292
4.739999999999999	-0.0023
4.739999999999999	-0.001768
4.739999999999999	-0.0011359999999999999
4.739999999999999	-0.00018799999999999975
4.754999999999999	-0.002928
4.754999999999999	-0.0023
4.754999999999999	-0.001764
4.754999999999999	-0.00114
4.754999999999999	-0.00018399999999999978
4.77	-0.002936
4.77	-0.0023
4.77	-0.001756
4.77	-0.0011439999999999998
4.77	-0.00017999999999999982
4.784999999999999	-0.00294
4.784999999999999	-0.0023
4.784999999999999	-0.001752
4.784999999999999	-0.0011519999999999998
4.784999999999999	-0.00017599999999999986
4.8	-0.002948
4.8	-0.0023
4.8	-0.001748
4.8	-0.001156
4.8	-0.0001719999999999999
4.8149999999999995	-0.002956
4.8149999999999995	-0.0023
4.8149999999999995	-0.001744
4.8149999999999995	-0.00116
4.8149999999999995	-0.00016800000000000002
4.83	-0.00296
4.83	-0.0023
4.83	-0.00174
4.83	-0.0011639999999999999
4.83	-0.000164
4.845	-0.0029679999999999997
4.845	-0.0023
4.845	-0.0017319999999999998
4.845	-0.0011679999999999998
4.845	-0.00015999999999999999
4.859999999999999	-0.0029760000000000003
4.859999999999999	-0.0023
4.859999999999999	-0.001728
4.859999999999999	-0.0011719999999999999
4.859999999999999	-0.00015599999999999997
4.875	-0.00298
4.875	-0.0023
4.875	-0.0017239999999999998
4.875	-0.001176
4.875	-0.00015199999999999995
4.89	-0.002988
4.89	-0.0023
4.89	-0.00172
4.89	-0.00118
4.89	-0.00014799999999999997
4.905	-0.0023
4.905	-0.001712
4.905	-0.001184
4.905	-0.00014799999999999997
4.92	-0.0023
4.92	-0.0017079999999999999
4.92	-0.001192
4.92	-0.00014399999999999995
4.935	-0.0023
4.935	-0.001704
4.935	-0.0011959999999999998
4.935	-0.00013999999999999993
4.949999999999999	-0.0023
4.949999999999999	-0.0017
4.949999999999999	-0.0012
4.949999999999999	-0.00013599999999999992
4.965	-0.0023
4.965	-0.0016919999999999997
4.965	-0.0012039999999999998
4.965	-0.0001319999999999999
4.9799999999999995	-0.0023
4.9799999999999995	-0.0016879999999999998
4.9799999999999995	-0.0012079999999999999
4.9799999999999995	-0.0001279999999999999
4.994999999999999	-0.0023
4.994999999999999	-0.001684
4.994999999999999	-0.001212
4.994999999999999	-0.0001239999999999999
5.01	-0.0023
5.01	-0.00168
5.01	-0.0012159999999999999
5.01	-0.00011999999999999988
5.0249999999999995	-0.0023
5.0249999999999995	-0.0016719999999999999
5.0249999999999995	-0.0012239999999999998
5.0249999999999995	-0.00011599999999999987
5.04	-0.0023
5.04	-0.0016679999999999998
5.04	-0.001228
5.04	-0.00011199999999999986
5.055	-0.0023
5.055	-0.001664
5.055	-0.001232
5.055	-0.00010799999999999985
5.069999999999999	-0.0023
5.069999999999999	-0.001656
5.069999999999999	-0.001236
5.069999999999999	-0.00010399999999999984
5.084999999999999	-0.0023
5.084999999999999	-0.0016519999999999998
5.084999999999999	-0.0012399999999999998
5.084999999999999	-0.00009999999999999983
5.1	-0.0023
5.1	-0.0016480000000000002
5.1	-0.0012439999999999999
5.1	-0.00009199999999999981
5.114999999999999	-0.0023
5.114999999999999	-0.00164
5.114999999999999	-0.001252
5.114999999999999	-0.0000879999999999998
5.129999999999999	-0.0023
5.129999999999999	-0.0016359999999999999
5.129999999999999	-0.001256
5.129999999999999	-0.00008399999999999979
5.145	-0.0023
5.145	-0.0016320000000000002
5.145	-0.0012599999999999998
5.145	-0.00007999999999999978
5.159999999999999	-0.0023
5.159999999999999	-0.0016239999999999998
5.159999999999999	-0.001264
5.159999999999999	-0.00007599999999999976
5.175	-0.0023
5.175	-0.00162
5.175	-0.0012679999999999998
5.175	-0.00007199999999999976
5.1899999999999995	-0.0023
5.1899999999999995	-0.001616
5.1899999999999995	-0.0012759999999999998
5.1899999999999995	-0.00006799999999999974
5.204999999999999	-0.0023
5.204999999999999	-0.0016079999999999996
5.204999999999999	-0.0012799999999999999
5.204999999999999	-0.00006399999999999974
5.219999999999999	-0.0023
5.219999999999999	-0.001604
5.219999999999999	-0.001284
5.219999999999999	-0.000059999999999999724
5.234999999999999	-0.0023
5.234999999999999	-0.0015999999999999999
5.234999999999999	-0.0012879999999999999
5.234999999999999	-0.000055999999999999715
5.249999999999999	-0.0023
5.249999999999999	-0.001592
5.249999999999999	-0.0012959999999999998
5.249999999999999	-0.000051999999999999705
5.264999999999999	-0.0023
5.264999999999999	-0.001588
5.264999999999999	-0.0013
5.264999999999999	-0.00004399999999999968
5.279999999999999	-0.0023
5.279999999999999	-0.001584
5.279999999999999	-0.001304
5.279999999999999	-0.00003999999999999967
5.294999999999999	-0.0023
5.294999999999999	-0.001576
5.294999999999999	-0.001308
5.294999999999999	-0.00003599999999999966
5.31	-0.0023
5.31	-0.001572
5.31	-0.001316
5.31	-0.00003199999999999965
5.324999999999999	-0.0023
5.324999999999999	-0.001564
5.324999999999999	-0.00132
5.324999999999999	-0.00002799999999999977
5.34	-0.0023
5.34	-0.00156
5.34	-0.0013239999999999999
5.34	-0.000023999999999999804
5.3549999999999995	-0.0023
5.3549999999999995	-0.001552
5.3549999999999995	-0.001328
5.3549999999999995	-0.000015999999999999867
5.37	-0.0023
5.37	-0.001548
5.37	-0.001336
5.37	-0.000011999999999999902
5.385	-0.0023
5.385	-0.0015439999999999998
5.385	-0.00134
5.3999999999999995	-0.0023
5.3999999999999995	-0.0015359999999999998
5.3999999999999995	-0.001344
5.415	-0.0023
5.415	-0.001532
5.415	-0.001352
5.43	-0.0023
5.43	-0.001524
5.43	-0.001356
5.445	-0.0023
5.445	-0.00152
5.445	-0.0013599999999999999
5.46	-0.0023
5.46	-0.0015119999999999999
5.46	-0.0013679999999999999
5.475	-0.0023
5.475	-0.0015079999999999998
5.475	-0.001372
5.489999999999999	-0.0023
5.489999999999999	-0.0015
5.489999999999999	-0.001376
5.505	-0.0023
5.505	-0.001496
5.505	-0.001384
5.52	-0.0023
5.52	-0.0014880000000000002
5.52	-0.001388
5.534999999999999	-0.0023
5.534999999999999	-0.0014839999999999999
5.534999999999999	-0.001392
5.55	-0.0023
5.55	-0.0014759999999999999
5.55	-0.0014
5.5649999999999995	-0.0023
5.5649999999999995	-0.001472
5.5649999999999995	-0.001404
5.58	-0.0023
5.58	-0.001464
5.58	-0.001408
5.595	-0.0023
5.595	-0.00146
5.595	-0.001416
5.609999999999999	-0.0023
5.609999999999999	-0.0014519999999999997
5.609999999999999	-0.0014199999999999998
5.624999999999999	-0.0023
5.624999999999999	-0.001448
5.64	-0.0023
5.64	-0.0014320000000000001
5.654999999999999	-0.0023
5.654999999999999	-0.001436
5.669999999999999	-0.0023
5.669999999999999	-0.001428
5.685	-0.0023
5.685	-0.001424
5.699999999999999	-0.0023
5.699999999999999	-0.0014519999999999997
5.699999999999999	-0.001416
5.715	-0.0023
5.715	-0.00146
5.715	-0.001412
5.7299999999999995	-0.0023
5.7299999999999995	-0.001464
5.7299999999999995	-0.001404
5.744999999999999	-0.0023
5.744999999999999	-0.001472
5.744999999999999	-0.001396
5.759999999999999	-0.0023
5.759999999999999	-0.0014759999999999999
5.759999999999999	-0.001392
5.7749999999999995	-0.0023
5.7749999999999995	-0.00148
5.7749999999999995	-0.001384
5.789999999999999	-0.0023
5.789999999999999	-0.0014880000000000002
5.789999999999999	-0.00138
5.804999999999999	-0.0023
5.804999999999999	-0.0014919999999999998
5.804999999999999	-0.001372
5.819999999999999	-0.0023
5.819999999999999	-0.0015
5.819999999999999	-0.0013679999999999999
5.834999999999999	-0.0023
5.834999999999999	-0.001504
5.834999999999999	-0.0013599999999999999
5.85	-0.0023
5.85	-0.0015119999999999999
5.85	-0.001352
5.864999999999999	-0.0023
5.864999999999999	-0.001516
5.864999999999999	-0.0013479999999999998
5.88	-0.0023
5.88	-0.001524
5.88	-0.00134
5.895	-0.0023
5.895	-0.0015279999999999998
5.895	-0.0013319999999999999
5.91	-0.0023
5.91	-0.0015359999999999998
5.91	-0.0013279999999999998
5.925	-0.0023
5.925	-0.00154
5.925	-0.00132
5.9399999999999995	-0.0023
5.9399999999999995	-0.001548
5.9399999999999995	-0.0013119999999999998
5.955	-0.0023
5.955	-0.001552
5.955	-0.001308
5.97	-0.002336
5.97	-0.0023
5.97	-0.00156
5.97	-0.0013
5.985	-0.002336
5.985	-0.0023
5.985	-0.001564
5.985	-0.001292
6.	-0.002336
6.	-0.0023
6.	-0.001572
6.	-0.0012879999999999999