1.	-0.024280000000000003
1.	-0.02284
1.	-0.02132
1.	-0.0198
1.	-0.01828
1.	-0.01676
1.	-0.01524
1.	-0.0138
1.	-0.012280000000000001
1.	-0.01084
1.	-0.00932
1.	-0.00788
1.	-0.006440000000000001
1.	-0.005000000000000001
1.	-0.0035600000000000007
1.	-0.0021200000000000004
1.	-0.00068
1.	0.00068
1.	0.0021200000000000004
1.	0.0034800000000000005
1.	0.00484
1.	0.0061200000000000004
1.	0.0074800000000000005
1.	0.00876
1.	0.009960000000000002
1.	0.011240000000000002
1.	0.012440000000000001
1.	0.01356
1.	0.014759999999999999
1.	0.0158
1.	0.01692
1.	0.01788
1.	0.01884
1.	0.0198
1.	0.020679999999999997
1.	0.0214
1.	0.025
1.	0.026520000000000002
1.	0.09724000000000001
1.	0.10284000000000001
1.	0.10372
1.	0.10460000000000001
1.	0.10556000000000001
1.	0.10652000000000002
1.	0.10756000000000002
1.	0.10860000000000002
1.	0.10972000000000001
1.	0.11084000000000001
1.	0.11204
1.	0.11324000000000001
1.	0.11444000000000003
1.	0.11572
1.	0.117
1.	0.11828000000000001
1.	0.11956000000000003
1.	0.12084000000000002
1.	0.12220000000000002
1.	0.12356000000000003
1.	0.12492
1.	0.12628
1.	0.12772
1.	0.12908000000000003
1.	0.13052000000000002
1.	0.13188000000000002
1.	0.13332000000000002
1.	0.13476000000000002
1.	0.13620000000000002
1.	0.13764
1.	0.13908
1.	0.14052000000000003
1.	0.14196000000000003
1.	0.14340000000000003
1.	0.14492
1.	0.14636
1.	0.14780000000000001
1.	0.14932000000000004
1.05	-0.023880000000000002
1.05	-0.02228
1.05	-0.02068
1.05	-0.019080000000000003
1.05	-0.017480000000000002
1.05	-0.01596
1.05	-0.014360000000000001
1.05	-0.01284
1.05	-0.011240000000000002
1.05	-0.009720000000000001
1.05	-0.00812
1.05	-0.0066
1.05	-0.005080000000000001
1.05	-0.0035600000000000007
1.05	-0.0021200000000000004
1.05	-0.0005999999999999998
1.05	0.0008399999999999994
1.05	0.0022800000000000008
1.05	0.0037199999999999998
1.05	0.00516
1.05	0.006520000000000001
1.05	0.007879999999999998
1.05	0.009240000000000002
1.05	0.010600000000000002
1.05	0.011880000000000002
1.05	0.013080000000000001
1.05	0.014280000000000001
1.05	0.01548
1.05	0.0166
1.05	0.01764
1.05	0.018680000000000002
1.05	0.01964
1.05	0.02052
1.05	0.025
1.05	0.026520000000000002
1.05	0.09716
1.05	0.10300000000000002
1.05	0.10388000000000001
1.05	0.10492000000000001
1.05	0.10588000000000002
1.05	0.10692000000000002
1.05	0.10804
1.05	0.10916000000000001
1.05	0.11036000000000001
1.05	0.11156000000000002
1.05	0.11284000000000001
1.05	0.11412
1.05	0.11540000000000002
1.05	0.11668000000000003
1.05	0.11804
1.05	0.11940000000000002
1.05	0.12084000000000002
1.05	0.12220000000000002
1.05	0.12364000000000001
1.05	0.12508000000000002
1.05	0.12652000000000002
1.05	0.12796000000000002
1.05	0.12940000000000002
1.05	0.13092
1.05	0.13244000000000003
1.05	0.13388000000000003
1.05	0.13540000000000002
1.05	0.13692000000000001
1.05	0.13844
1.05	0.13996000000000003
1.05	0.14148
1.05	0.14300000000000002
1.05	0.14452000000000004
1.05	0.14604
1.05	0.14764000000000002
1.05	0.14916000000000001
1.1	-0.024600000000000004
1.1	-0.022920000000000003
1.1	-0.021240000000000002
1.1	-0.01964
1.1	-0.01796
1.1	-0.01628
1.1	-0.014680000000000002
1.1	-0.013000000000000001
1.1	-0.0114
1.1	-0.0098
1.1	-0.00812
1.1	-0.006520000000000001
1.1	-0.004920000000000001
1.1	-0.0034000000000000002
1.1	-0.0018000000000000013
1.1	-0.0002800000000000004
1.1	0.0013200000000000004
1.1	0.0028400000000000014
1.1	0.004280000000000001
1.1	0.0058
1.1	0.00724
1.1	0.0086
1.1	0.010040000000000002
1.1	0.0114
1.1	0.01268
1.1	0.01396
1.1	0.015160000000000003
1.1	0.016360000000000003
1.1	0.017480000000000002
1.1	0.018600000000000002
1.1	0.025
1.1	0.026520000000000002
1.1	0.09724000000000001
1.1	0.10220000000000001
1.1	0.10308000000000002
1.1	0.10404
1.1	0.10508000000000002
1.1	0.10611999999999999
1.1	0.10724
1.1	0.10844000000000002
1.1	0.10964000000000003
1.1	0.11091999999999999
1.1	0.11220000000000001
1.1	0.11348000000000003
1.1	0.11484000000000001
1.1	0.11620000000000001
1.1	0.11764000000000001
1.1	0.11908
1.1	0.12052
1.1	0.12196
1.1	0.12348000000000003
1.1	0.12492
1.1	0.12644
1.1	0.12796000000000002
1.1	0.12948
1.1	0.13108000000000003
1.1	0.1326
1.1	0.1342
1.1	0.13580000000000003
1.1	0.13732000000000003
1.1	0.13892000000000002
1.1	0.14052000000000003
1.1	0.14212
1.1	0.14372000000000001
1.1	0.14532000000000003
1.1	0.14692
1.1	0.1486
1.15	-0.02332
1.15	-0.021560000000000003
1.15	-0.0198
1.15	-0.01812
1.15	-0.01636
1.15	-0.014680000000000002
1.15	-0.012920000000000001
1.15	-0.01124
1.15	-0.009560000000000003
1.15	-0.00788
1.15	-0.006200000000000001
1.15	-0.00452
1.15	-0.0028400000000000014
1.15	-0.0012400000000000015
1.15	0.0003599999999999992
1.15	0.00196
1.15	0.0035600000000000007
1.15	0.0050799999999999994
1.15	0.0066
1.15	0.008120000000000002
1.15	0.009559999999999999
1.15	0.011
1.15	0.012440000000000001
1.15	0.01372
1.15	0.015000000000000003
1.15	0.016280000000000003
1.15	0.017480000000000002
1.15	0.018600000000000002
1.15	0.025
1.15	0.026520000000000002
1.15	0.09732
1.15	0.10308000000000002
1.15	0.10411999999999999
1.15	0.10516
1.15	0.10628
1.15	0.10748000000000002
1.15	0.10876000000000001
1.15	0.10996000000000002
1.15	0.11132000000000002
1.15	0.11268000000000003
1.15	0.11404
1.15	0.11548000000000003
1.15	0.11692
1.15	0.11844000000000002
1.15	0.11988000000000001
1.15	0.12140000000000002
1.15	0.12300000000000001
1.15	0.12452
1.15	0.12612
1.15	0.12772
1.15	0.12932000000000002
1.15	0.13092
1.15	0.1326
1.15	0.1342
1.15	0.13588000000000003
1.15	0.13748
1.15	0.13916
1.15	0.14084000000000002
1.15	0.14252000000000004
1.15	0.1442
1.15	0.14588
1.15	0.14756000000000002
1.15	0.14923999999999998
1.2	-0.0234
1.2	-0.021560000000000003
1.2	-0.01972
1.2	-0.01796
1.2	-0.016120000000000002
1.2	-0.014360000000000001
1.2	-0.01252
1.2	-0.010760000000000002
1.2	-0.009000000000000001
1.2	-0.00724
1.2	-0.0054800000000000005
1.2	-0.0037999999999999996
1.2	-0.00204
1.2	-0.00036000000000000024
1.2	0.0013200000000000004
1.2	0.003000000000000001
1.2	0.0046
1.2	0.006200000000000001
1.2	0.007719999999999998
1.2	0.009320000000000002
1.2	0.010760000000000002
1.2	0.012199999999999999
1.2	0.013640000000000003
1.2	0.015000000000000003
1.2	0.016280000000000003
1.2	0.017480000000000002
1.2	0.025
1.2	0.026600000000000002
1.2	0.09732
1.2	0.10404
1.2	0.10516
1.2	0.10636000000000001
1.2	0.10764000000000003
1.2	0.10892000000000002
1.2	0.1102
1.2	0.11164
1.2	0.113
1.2	0.11452000000000002
1.2	0.11596000000000002
1.2	0.11748000000000003
1.2	0.11908
1.2	0.12068000000000001
1.2	0.12228000000000001
1.2	0.12388000000000002
1.2	0.12548
1.2	0.12716
1.2	0.12884
1.2	0.13052000000000002
1.2	0.1322
1.2	0.13396000000000002
1.2	0.13564000000000004
1.2	0.13740000000000002
1.2	0.13908
1.2	0.14084000000000002
1.2	0.1426
1.2	0.14436
1.2	0.14612
1.2	0.14788
1.2	0.14964000000000002
1.25	-0.02316
1.25	-0.021240000000000002
1.25	-0.019320000000000004
1.25	-0.017480000000000002
1.25	-0.015560000000000001
1.25	-0.013720000000000001
1.25	-0.01188
1.25	-0.01004
1.25	-0.0082
1.25	-0.006360000000000001
1.25	-0.00452
1.25	-0.0027599999999999994
1.25	-0.0010000000000000009
1.25	0.0007600000000000003
1.25	0.00252
1.25	0.004200000000000001
1.25	0.00588
1.25	0.0074800000000000005
1.25	0.009080000000000001
1.25	0.010680000000000002
1.25	0.012199999999999999
1.25	0.013640000000000003
1.25	0.015000000000000003
1.25	0.016360000000000003
1.25	0.025
1.25	0.026680000000000002
1.25	0.09724000000000001
1.25	0.10308000000000002
1.25	0.10508000000000002
1.25	0.10628
1.25	0.10756000000000002
1.25	0.10892000000000002
1.25	0.11036000000000001
1.25	0.11180000000000001
1.25	0.11332000000000002
1.25	0.11484000000000001
1.25	0.11636000000000002
1.25	0.11796
1.25	0.11964000000000001
1.25	0.12124000000000001
1.25	0.12292
1.25	0.1246
1.25	0.12636000000000003
1.25	0.12804000000000001
1.25	0.12980000000000003
1.25	0.13156
1.25	0.13340000000000002
1.25	0.13516
1.25	0.13692000000000001
1.25	0.13876000000000002
1.25	0.1406
1.25	0.14236
1.25	0.1442
1.25	0.14604
1.25	0.14788
1.3	-0.024520000000000004
1.3	-0.022600000000000002
1.3	-0.0206
1.3	-0.018680000000000002
1.3	-0.01668
1.3	-0.01476
1.3	-0.01284
1.3	-0.010920000000000001
1.3	-0.009000000000000001
1.3	-0.00708
1.3	-0.005160000000000001
1.3	-0.00332
1.3	-0.00148
1.3	0.00036000000000000024
1.3	0.0022000000000000006
1.3	0.00396
1.3	0.005639999999999999
1.3	0.0074
1.3	0.009080000000000001
1.3	0.010680000000000002
1.3	0.012199999999999999
1.3	0.01372
1.3	0.015240000000000004
1.3	0.025
1.3	0.026680000000000002
1.3	0.09724000000000001
1.3	0.10316
1.3	0.1062
1.3	0.10748000000000002
1.3	0.10892000000000002
1.3	0.11036000000000001
1.3	0.11188000000000002
1.3	0.11340000000000001
1.3	0.115
1.3	0.11660000000000002
1.3	0.11828000000000001
1.3	0.12004000000000001
1.3	0.12172000000000001
1.3	0.12348000000000003
1.3	0.12524000000000002
1.3	0.12708000000000003
1.3	0.12884
1.3	0.13068
1.3	0.13252000000000003
1.3	0.13436
1.3	0.13628
1.3	0.13812
1.3	0.13996000000000003
1.3	0.14188000000000003
1.3	0.14380000000000004
1.3	0.14564000000000002
1.3	0.14756000000000002
1.3	0.14948
1.35	-0.0238
1.35	-0.02172
1.35	-0.01972
1.35	-0.017640000000000003
1.35	-0.01564
1.35	-0.01364
1.35	-0.011640000000000001
1.35	-0.00964
1.35	-0.007639999999999999
1.35	-0.005720000000000001
1.35	-0.0037199999999999998
1.35	-0.0018000000000000013
1.35	0.00012000000000000067
1.35	0.00196
1.35	0.0037999999999999996
1.35	0.005639999999999999
1.35	0.0074
1.35	0.009080000000000001
1.35	0.010760000000000002
1.35	0.01244
1.35	0.01396
1.35	0.025
1.35	0.026600000000000002
1.35	0.09732
1.35	0.10324
1.35	0.10732000000000001
1.35	0.10876000000000001
1.35	0.1102
1.35	0.11180000000000001
1.35	0.11340000000000001
1.35	0.11508
1.35	0.11676000000000002
1.35	0.11852
1.35	0.12028000000000001
1.35	0.12204000000000001
1.35	0.12388000000000002
1.35	0.12572
1.35	0.12764000000000003
1.35	0.12948
1.35	0.13140000000000002
1.35	0.13332000000000002
1.35	0.13524
1.35	0.13716
1.35	0.13916
1.35	0.14108
1.35	0.14308
1.35	0.14500000000000002
1.35	0.14700000000000002
1.35	0.14900000000000002
1.4	-0.02484
1.4	-0.02268
1.4	-0.0206
1.4	-0.018520000000000002
1.4	-0.01636
1.4	-0.014280000000000001
1.4	-0.0122
1.4	-0.01012
1.4	-0.008040000000000002
1.4	-0.00604
1.4	-0.004039999999999999
1.4	-0.00204
1.4	-0.000040000000000000796
1.4	0.0018799999999999997
1.4	0.0037999999999999996
1.4	0.005719999999999999
1.4	0.007560000000000001
1.4	0.009320000000000002
1.4	0.011
1.4	0.01268
1.4	0.025
1.4	0.026600000000000002
1.4	0.0974
1.4	0.10316
1.4	0.10844000000000002
1.4	0.11004
1.4	0.11164
1.4	0.11332000000000002
1.4	0.115
1.4	0.11676000000000002
1.4	0.11860000000000001
1.4	0.12044000000000002
1.4	0.12228000000000001
1.4	0.12420000000000002
1.4	0.12612
1.4	0.12804000000000001
1.4	0.12996000000000002
1.4	0.13196000000000002
1.4	0.13396000000000002
1.4	0.13596000000000003
1.4	0.13796000000000003
1.4	0.14004000000000003
1.4	0.14204
1.4	0.14412
1.4	0.14612
1.4	0.1482
1.45	-0.02356
1.45	-0.02132
1.45	-0.019160000000000003
1.45	-0.017
1.45	-0.01484
1.45	-0.012680000000000002
1.45	-0.010520000000000002
1.45	-0.008360000000000001
1.45	-0.006280000000000001
1.45	-0.00412
1.45	-0.00204
1.45	-0.000040000000000000796
1.45	0.00196
1.45	0.00396
1.45	0.00588
1.45	0.007799999999999998
1.45	0.009640000000000003
1.45	0.0114
1.45	0.025
1.45	0.026600000000000002
1.45	0.0974
1.45	0.10316
1.45	0.10972000000000001
1.45	0.11132000000000002
1.45	0.11308
1.45	0.11484000000000001
1.45	0.11668000000000003
1.45	0.11852
1.45	0.12044000000000002
1.45	0.12236000000000002
1.45	0.12436000000000003
1.45	0.12628
1.45	0.12836000000000003
1.45	0.13036000000000003
1.45	0.13244000000000003
1.45	0.13444
1.45	0.13652000000000003
1.45	0.13868
1.45	0.14076000000000002
1.45	0.14284000000000002
1.45	0.14500000000000002
1.45	0.14708000000000002
1.45	0.14923999999999998
1.5	-0.0242
1.5	-0.02196
1.5	-0.01964
1.5	-0.0174
1.5	-0.015160000000000002
1.5	-0.012920000000000001
1.5	-0.01068
1.5	-0.00852
1.5	-0.006280000000000001
1.5	-0.00412
1.5	-0.001960000000000001
1.5	0.00012000000000000067
1.5	0.0022000000000000006
1.5	0.004200000000000001
1.5	0.006200000000000001
1.5	0.008200000000000002
1.5	0.010040000000000002
1.5	0.025
1.5	0.026680000000000002
1.5	0.09732
1.5	0.10332000000000001
1.5	0.11091999999999999
1.5	0.11268000000000003
1.5	0.11452000000000002
1.5	0.11636000000000002
1.5	0.11836000000000002
1.5	0.12028000000000001
1.5	0.12228000000000001
1.5	0.12436000000000003
1.5	0.12636000000000003
1.5	0.12844
1.5	0.1306
1.5	0.13268
1.5	0.13484000000000002
1.5	0.137
1.5	0.13916
1.5	0.14132000000000003
1.5	0.14356000000000002
1.5	0.14572000000000002
1.5	0.14788
1.5499999999999998	-0.02476
1.5499999999999998	-0.02236
1.5499999999999998	-0.020040000000000002
1.5499999999999998	-0.017720000000000003
1.5499999999999998	-0.0154
1.5499999999999998	-0.01308
1.5499999999999998	-0.010760000000000002
1.5499999999999998	-0.00852
1.5499999999999998	-0.006200000000000001
1.5499999999999998	-0.00396
1.5499999999999998	-0.0018000000000000013
1.5499999999999998	0.0004399999999999994
1.5499999999999998	0.00252
1.5499999999999998	0.0046
1.5499999999999998	0.00668
1.5499999999999998	0.00868
1.5499999999999998	0.025
1.5499999999999998	0.026680000000000002
1.5499999999999998	0.0974
1.5499999999999998	0.10332000000000001
1.5499999999999998	0.11228
1.5499999999999998	0.11412
1.5499999999999998	0.11604
1.5499999999999998	0.11804
1.5499999999999998	0.12004000000000001
1.5499999999999998	0.12212
1.5499999999999998	0.12420000000000002
1.5499999999999998	0.12636000000000003
1.5499999999999998	0.12852000000000002
1.5499999999999998	0.13068
1.5499999999999998	0.13284
1.5499999999999998	0.13508000000000003
1.5499999999999998	0.13732000000000003
1.5499999999999998	0.13956000000000002
1.5499999999999998	0.14180000000000004
1.5499999999999998	0.14404
1.5499999999999998	0.14628000000000002
1.5499999999999998	0.1486
1.6	-0.02268
1.6	-0.02028
1.6	-0.01788
1.6	-0.015480000000000002
1.6	-0.01308
1.6	-0.01068
1.6	-0.008360000000000001
1.6	-0.005960000000000002
1.6	-0.0037199999999999998
1.6	-0.0014000000000000002
1.6	0.0008399999999999994
1.6	0.003000000000000001
1.6	0.00516
1.6	0.00732
1.6	0.025
1.6	0.026760000000000003
1.6	0.0974
1.6	0.10324
1.6	0.11356000000000002
1.6	0.11556000000000002
1.6	0.11756000000000003
1.6	0.11964000000000001
1.6	0.1218
1.6	0.12396
1.6	0.12612
1.6	0.12836000000000003
1.6	0.1306
1.6	0.13284
1.6	0.13516
1.6	0.13748
1.6	0.13980000000000004
1.6	0.14212
1.6	0.14444
1.6	0.14676000000000003
1.6	0.14908000000000002
1.6500000000000001	-0.02284
1.6500000000000001	-0.02028
1.6500000000000001	-0.017800000000000003
1.6500000000000001	-0.01532
1.6500000000000001	-0.012920000000000001
1.6500000000000001	-0.010440000000000001
1.6500000000000001	-0.008040000000000002
1.6500000000000001	-0.005640000000000002
1.6500000000000001	-0.00324
1.6500000000000001	-0.0009200000000000007
1.6500000000000001	0.0014000000000000002
1.6500000000000001	0.00364
1.6500000000000001	0.00588
1.6500000000000001	0.025
1.6500000000000001	0.026680000000000002
1.6500000000000001	0.09748
1.6500000000000001	0.10332000000000001
1.6500000000000001	0.11492
1.6500000000000001	0.117
1.6500000000000001	0.11916
1.6500000000000001	0.12132000000000003
1.6500000000000001	0.12348000000000003
1.6500000000000001	0.12580000000000002
1.6500000000000001	0.12804000000000001
1.6500000000000001	0.13036000000000003
1.6500000000000001	0.13276000000000002
1.6500000000000001	0.13508000000000003
1.6500000000000001	0.13748
1.6500000000000001	0.13988000000000003
1.6500000000000001	0.1422
1.6500000000000001	0.14468
1.6500000000000001	0.14708000000000002
1.6500000000000001	0.14948
1.7000000000000002	-0.02276
1.7000000000000002	-0.020200000000000003
1.7000000000000002	-0.017640000000000003
1.7000000000000002	-0.015160000000000002
1.7000000000000002	-0.0126
1.7000000000000002	-0.010040000000000002
1.7000000000000002	-0.007560000000000001
1.7000000000000002	-0.005160000000000001
1.7000000000000002	-0.0026799999999999997
1.7000000000000002	-0.0002800000000000004
1.7000000000000002	0.0021200000000000004
1.7000000000000002	0.00444
1.7000000000000002	0.025
1.7000000000000002	0.0974
1.7000000000000002	0.1034
1.7000000000000002	0.11628000000000001
1.7000000000000002	0.11852
1.7000000000000002	0.12068000000000001
1.7000000000000002	0.12300000000000001
1.7000000000000002	0.12532000000000001
1.7000000000000002	0.12764000000000003
1.7000000000000002	0.13004000000000002
1.7000000000000002	0.13244
1.7000000000000002	0.13484000000000002
1.7000000000000002	0.13732000000000003
1.7000000000000002	0.13980000000000004
1.7000000000000002	0.14228000000000002
1.7000000000000002	0.14476000000000003
1.7000000000000002	0.14723999999999998
1.75	-0.022600000000000002
1.75	-0.019960000000000002
1.75	-0.017320000000000002
1.75	-0.01476
1.75	-0.01212
1.75	-0.009560000000000003
1.75	-0.007000000000000001
1.75	-0.0044399999999999995
1.75	-0.001960000000000001
1.75	0.0005199999999999996
1.75	0.002920000000000001
1.75	0.025
1.75	0.0974
1.75	0.10332000000000001
1.75	0.11772
1.75	0.11996000000000002
1.75	0.12236000000000002
1.75	0.12467999999999999
1.75	0.12708000000000003
1.75	0.12956000000000004
1.75	0.13204
1.75	0.13452000000000003
1.75	0.137
1.75	0.13956000000000002
1.75	0.14212
1.75	0.14468
1.75	0.14723999999999998
1.8	-0.02236
1.8	-0.01964
1.8	-0.01692
1.8	-0.0142
1.8	-0.01156
1.8	-0.00892
1.8	-0.006280000000000001
1.8	-0.00364
1.8	-0.001080000000000001
1.8	0.0014000000000000002
1.8	0.025
1.8	0.09748
1.8	0.1034
1.8	0.11916
1.8	0.12156000000000003
1.8	0.12396
1.8	0.12644
1.8	0.12892
1.8	0.13147999999999999
1.8	0.13404
1.8	0.1366
1.8	0.13924000000000003
1.8	0.14180000000000004
1.8	0.14444
1.8	0.14708000000000002
1.85	-0.02468
1.85	-0.021880000000000004
1.85	-0.019080000000000003
1.85	-0.01628
1.85	-0.013560000000000003
1.85	-0.010760000000000002
1.85	-0.008040000000000002
1.85	-0.0054
1.85	-0.0026799999999999997
1.85	-0.00012000000000000067
1.85	0.025
1.85	0.09756000000000001
1.85	0.10348000000000002
1.85	0.12060000000000001
1.85	0.12308000000000001
1.85	0.12564000000000003
1.85	0.12820000000000004
1.85	0.13076000000000002
1.85	0.13340000000000002
1.85	0.13604
1.85	0.13868
1.85	0.14140000000000003
1.85	0.14412
1.85	0.14676000000000003
1.85	0.14948
1.9000000000000001	-0.024120000000000003
1.9000000000000001	-0.021240000000000002
1.9000000000000001	-0.01836
1.9000000000000001	-0.015560000000000001
1.9000000000000001	-0.012680000000000002
1.9000000000000001	-0.00988
1.9000000000000001	-0.00708
1.9000000000000001	-0.00436
1.9000000000000001	-0.0016400000000000015
1.9000000000000001	0.025
1.9000000000000001	0.0258
1.9000000000000001	0.09756000000000001
1.9000000000000001	0.1034
1.9000000000000001	0.12212
1.9000000000000001	0.12467999999999999
1.9000000000000001	0.12724000000000002
1.9000000000000001	0.12996000000000002
1.9000000000000001	0.1326
1.9000000000000001	0.13532000000000002
1.9000000000000001	0.13804
1.9000000000000001	0.14084000000000002
1.9000000000000001	0.14356000000000002
1.9000000000000001	0.14636
1.9000000000000001	0.14916000000000001
1.9500000000000002	-0.0234
1.9500000000000002	-0.020520000000000004
1.9500000000000002	-0.01756
1.9500000000000002	-0.014600000000000002
1.9500000000000002	-0.01172
1.9500000000000002	-0.00884
1.9500000000000002	-0.00596
1.9500000000000002	-0.0031599999999999996
1.9500000000000002	0.025
1.9500000000000002	0.09748
1.9500000000000002	0.1034
1.9500000000000002	0.12356
1.9500000000000002	0.12628
1.9500000000000002	0.12892
1.9500000000000002	0.13172
1.9500000000000002	0.13444
1.9500000000000002	0.13724
1.9500000000000002	0.14012
1.9500000000000002	0.14292000000000002
1.9500000000000002	0.1458
1.9500000000000002	0.14868
2.	-0.022600000000000002
2.	-0.01956
2.	-0.0166
2.	-0.013560000000000003
2.	-0.010600000000000002
2.	-0.007639999999999999
2.	-0.00476
2.	0.025
2.	0.09748
2.	0.10356000000000001
2.	0.12508000000000002
2.	0.12788000000000002
2.	0.13068
2.	0.13348
2.	0.13636
2.	0.13924
2.	0.14212
2.	0.14508000000000001
2.	0.14796000000000004
2.05	-0.02468
2.05	-0.02164
2.05	-0.018520000000000002
2.05	-0.0154
2.05	-0.01236
2.05	-0.00932
2.05	-0.006360000000000001
2.05	0.025
2.05	0.09756000000000001
2.05	0.10356000000000001
2.05	0.1266
2.05	0.12948
2.05	0.13236
2.05	0.13524
2.05	0.1382
2.05	0.14116
2.05	0.1442
2.05	0.14716
2.1	-0.02364
2.1	-0.020440000000000003
2.1	-0.017320000000000002
2.1	-0.014120000000000002
2.1	-0.011
2.1	-0.007959999999999998
2.1	0.025
2.1	0.09763999999999999
2.1	0.10348000000000002
2.1	0.12812
2.1	0.13108000000000003
2.1	0.13404
2.1	0.13708000000000004
2.1	0.14012
2.1	0.14316
2.1	0.1462
2.1	0.14932000000000004
2.15	-0.02244
2.15	-0.019160000000000003
2.15	-0.01596
2.15	-0.012680000000000002
2.15	-0.009560000000000003
2.15	0.025
2.15	0.09764000000000002
2.15	0.10356000000000001
2.15	0.12972
2.15	0.13276000000000002
2.15	0.13580000000000003
2.15	0.13892000000000002
2.15	0.14204
2.15	0.14516
2.15	0.14828000000000002
2.2	-0.02436
2.2	-0.021
2.2	-0.017720000000000003
2.2	-0.01444
2.2	-0.01116
2.2	0.025
2.2	0.09756000000000001
2.2	0.10364
2.2	0.13124
2.2	0.13436
2.2	0.13756000000000002
2.2	0.14068
2.2	0.14388000000000004
2.2	0.14716
2.25	-0.022920000000000003
2.25	-0.019480000000000004
2.25	-0.016120000000000002
2.25	-0.012760000000000002
2.25	0.025
2.25	0.09764000000000002
2.25	0.10356000000000001
2.25	0.13284
2.25	0.13604
2.25	0.13924
2.25	0.14252000000000004
2.25	0.1458
2.25	0.14908000000000002
2.3000000000000003	-0.02476
2.3000000000000003	-0.02132
2.3000000000000003	-0.017800000000000003
2.3000000000000003	-0.014360000000000001
2.3000000000000003	0.025
2.3000000000000003	0.09764000000000002
2.3000000000000003	0.10364000000000002
2.3000000000000003	0.13436
2.3000000000000003	0.13772
2.3000000000000003	0.14100000000000001
2.3000000000000003	0.14436
2.3000000000000003	0.14772000000000002
2.35	-0.02308
2.35	-0.01956
2.35	-0.016040000000000002
2.35	0.025
2.35	0.09772
2.35	0.10372
2.35	0.13596000000000003
2.35	0.13940000000000002
2.35	0.14276000000000003
2.35	0.1462
2.4000000000000004	-0.021240000000000002
2.4000000000000004	-0.017640000000000003
2.4000000000000004	0.025
2.4000000000000004	0.02684
2.4000000000000004	0.09764000000000002
2.4000000000000004	0.10364000000000002
2.4000000000000004	0.13756000000000002
2.4000000000000004	0.14108
2.4000000000000004	0.14452000000000004
2.4000000000000004	0.14804
2.45	-0.023
2.45	-0.019320000000000004
2.45	0.025
2.45	0.02684
2.45	0.09764000000000002
2.45	0.10372
2.45	0.13916
2.45	0.14276000000000003
2.45	0.14628000000000002
2.5000000000000004	-0.02476
2.5000000000000004	-0.02092
2.5000000000000004	0.025
2.5000000000000004	0.02692
2.5000000000000004	0.09772
2.5000000000000004	0.10380000000000002
2.5000000000000004	0.14076000000000002
2.5000000000000004	0.14444
2.5000000000000004	0.14804
2.5500000000000003	-0.022600000000000002
2.5500000000000003	0.025
2.5500000000000003	0.027
2.5500000000000003	0.09780000000000001
2.5500000000000003	0.10372
2.5500000000000003	0.14236
2.5500000000000003	0.14612
2.6	-0.024280000000000003
2.6	0.025
2.6	0.02692
2.6	0.09780000000000001
2.6	0.10372
2.6	0.14396
2.6	0.14780000000000001
2.65	0.025
2.65	0.026119999999999997
2.65	0.02692
2.65	0.09772
2.65	0.10388000000000001
2.65	0.14564000000000002
2.65	0.14948
2.7	0.025
2.7	0.026119999999999997
2.7	0.02692
2.7	0.09772
2.7	0.10380000000000002
2.7	0.14724
2.75	0.025
2.75	0.026119999999999997
2.75	0.02692
2.75	0.09780000000000001
2.75	0.10380000000000002
2.75	0.14884000000000003
2.8	0.025
2.8	0.0262
2.8	0.027
2.8	0.09788000000000001
2.8	0.10396000000000001
2.8499999999999996	0.025
2.8499999999999996	0.0262
2.8499999999999996	0.02708
2.8499999999999996	0.09788000000000001
2.8499999999999996	0.10396000000000001
2.9	0.025
2.9	0.0262
2.9	0.027
2.9	0.09780000000000001
2.9	0.10388000000000001
2.9499999999999997	0.025
2.9499999999999997	0.026280000000000005
2.9499999999999997	0.027
2.9499999999999997	0.09780000000000001
2.9499999999999997	0.10404000000000002
3.	0.025
3.	0.026280000000000005
3.	0.027
3.	0.09788000000000001
3.	0.10404000000000002
3.05	0.025
3.05	0.026280000000000005
3.05	0.027
3.05	0.09796000000000002
3.05	0.10396000000000001
3.1	0.025
3.1	0.026280000000000005
3.1	0.02708
3.1	0.09796000000000002
3.1	0.10404
3.15	0.025
3.15	0.02564
3.15	0.02716
3.15	0.09788000000000001
3.15	0.10411999999999999
3.2	0.025
3.2	0.02564
3.2	0.09788000000000001
3.2	0.10404
3.25	0.025
3.25	0.02564
3.25	0.09796000000000002
3.25	0.10411999999999999
3.3000000000000003	0.025
3.3000000000000003	0.02564
3.3000000000000003	0.09804000000000002
3.3000000000000003	0.1042
3.35	0.025
3.35	0.02564
3.35	0.09804000000000002
3.35	0.10411999999999999
3.4000000000000004	0.025
3.4000000000000004	0.02572
3.4000000000000004	0.09796
3.4000000000000004	0.1042
3.45	0.025
3.45	0.02572
3.45	0.02644
3.45	0.09796
3.45	0.10428
3.5000000000000004	0.025
3.5000000000000004	0.02572
3.5000000000000004	0.02644
3.5000000000000004	0.09803999999999999
3.5000000000000004	0.1042
3.5500000000000003	0.025
3.5500000000000003	0.02572
3.5500000000000003	0.026520000000000002
3.5500000000000003	0.09812
3.5500000000000003	0.10436000000000001
3.6	0.025
3.6	0.02572
3.6	0.026520000000000002
3.6	0.09812
3.6	0.10436000000000001
3.65	0.025
3.65	0.02572
3.65	0.026520000000000002
3.65	0.09803999999999999
3.65	0.10428
3.7	0.025
3.7	0.02572
3.7	0.026600000000000002
3.7	0.09803999999999999
3.7	0.10444
3.75	0.025
3.75	0.02572
3.75	0.026600000000000002
3.75	0.09812
3.75	0.10436000000000001
3.8000000000000003	0.025
3.8000000000000003	0.02572
3.8000000000000003	0.026600000000000002
3.8000000000000003	0.0982
3.8000000000000003	0.10436000000000001
3.85	0.025
3.85	0.0258
3.85	0.026600000000000002
3.85	0.0982
3.85	0.10452000000000002
3.9000000000000004	0.025
3.9000000000000004	0.0258
3.9000000000000004	0.026680000000000002
3.9000000000000004	0.027240000000000004
3.9000000000000004	0.09812
3.9000000000000004	0.10444000000000002
3.95	0.025
3.95	0.0258
3.95	0.026680000000000002
3.95	0.02732
3.95	0.09812
3.95	0.10452000000000002
4.	0.025
4.	0.0258
4.	0.026680000000000002
4.	0.0274
4.	0.0982
4.	0.10460000000000001
4.05	0.025
4.05	0.0258
4.05	0.026680000000000002
4.05	0.0274
4.05	0.0982
4.05	0.10452000000000002
4.1	0.025
4.1	0.0258
4.1	0.026760000000000003
4.1	0.02732
4.1	0.09827999999999999
4.1	0.10460000000000001
4.15	0.025
4.15	0.0258
4.15	0.026760000000000003
4.15	0.02732
4.15	0.09827999999999999
4.15	0.10468000000000002
4.2	0.025
4.2	0.0258
4.2	0.026760000000000003
4.2	0.02732
4.2	0.0982
4.2	0.10460000000000001
4.25	0.025
4.25	0.02588
4.25	0.026840000000000003
4.25	0.0274
4.25	0.0982
4.25	0.10468000000000002
4.3	0.025
4.3	0.02588
4.3	0.027479999999999997
4.3	0.09827999999999999
4.3	0.10476
4.3500000000000005	0.025
4.3500000000000005	0.02588
4.3500000000000005	0.0274
4.3500000000000005	0.09835999999999999
4.3500000000000005	0.10468000000000002
4.4	0.025
4.4	0.02588
4.4	0.0274
4.4	0.09835999999999999
4.4	0.10476
4.45	0.025
4.45	0.02588
4.45	0.02692
4.45	0.09827999999999999
4.45	0.10484
4.5	0.025
4.5	0.02588
4.5	0.02692
4.5	0.09827999999999999
4.5	0.10476
4.550000000000001	0.025
4.550000000000001	0.02588
4.550000000000001	0.02692
4.550000000000001	0.09835999999999999
4.550000000000001	0.10492000000000001
4.6	0.025
4.6	0.02588
4.6	0.02692
4.6	0.09844
4.6	0.10484
4.6499999999999995	0.025
4.6499999999999995	0.02596
4.6499999999999995	0.027
4.6499999999999995	0.09844
4.6499999999999995	0.10484
4.699999999999999	0.025
4.699999999999999	0.02596
4.699999999999999	0.027
4.699999999999999	0.09836
4.699999999999999	0.10500000000000001
4.75	0.025
4.75	0.02596
4.75	0.027
4.75	0.09836
4.75	0.10492000000000001
4.800000000000001	0.025
4.800000000000001	0.02596
4.800000000000001	0.02708
4.800000000000001	0.09836
4.800000000000001	0.10500000000000001
4.8500000000000005	0.025
4.8500000000000005	0.02596
4.8500000000000005	0.02708
4.8500000000000005	0.09844
4.8500000000000005	0.10508000000000002
4.9	0.025
4.9	0.02596
4.9	0.02708
4.9	0.09852000000000001
4.9	0.10500000000000001
4.95	0.025
4.95	0.02596
4.95	0.02708
4.95	0.09852000000000001
4.95	0.10508000000000002
5.	0.025
5.	0.02596
5.	0.02716
5.	0.09844
5.	0.10516
5.05	0.025
5.05	0.02596
5.05	0.02716
5.05	0.09844
5.05	0.10508000000000002
5.1000000000000005	0.025
5.1000000000000005	0.02604
5.1000000000000005	0.02772
5.1000000000000005	0.09852000000000001
5.1000000000000005	0.10524000000000003
5.15	0.025
5.15	0.02604
5.15	0.027639999999999998
5.15	0.09852000000000001
5.15	0.10516
5.2	0.025
5.2	0.02604
5.2	0.027240000000000004
5.2	0.09860000000000001
5.2	0.10524
5.25	0.025
5.25	0.02604
5.25	0.027240000000000004
5.25	0.09860000000000001
5.25	0.10532000000000001
5.3	0.025
5.3	0.02604
5.3	0.02772
5.3	0.09852000000000001
5.3	0.10524
5.35	0.025
5.35	0.02604
5.35	0.027800000000000002
5.35	0.09852000000000001
5.35	0.10532000000000001
5.4	0.025
5.4	0.02604
5.4	0.02772
5.4	0.09860000000000001
5.4	0.10540000000000001
5.45	0.025
5.45	0.02604
5.45	0.02732
5.45	0.09868000000000002
5.45	0.10532000000000001
5.5	0.025
5.5	0.026119999999999997
5.5	0.02732
5.5	0.09868000000000002
5.5	0.10548000000000002
5.55	0.025
5.55	0.026119999999999997
5.55	0.0274
5.55	0.09868000000000002
5.55	0.10540000000000001
5.6	0.025
5.6	0.026119999999999997
5.6	0.0274
5.6	0.09860000000000001
5.6	0.10548000000000002
5.6499999999999995	0.025
5.6499999999999995	0.026119999999999997
5.6499999999999995	0.0274
5.6499999999999995	0.09860000000000001
5.6499999999999995	0.10556000000000001
5.7	0.025
5.7	0.026119999999999997
5.7	0.02748
5.7	0.09868000000000002
5.7	0.10548000000000002
5.75	0.025
5.75	0.026119999999999997
5.75	0.027479999999999997
5.75	0.09876
5.75	0.10564
5.8	0.025
5.8	0.026119999999999997
5.8	0.02748
5.8	0.09876
5.8	0.10556000000000001
5.8500000000000005	0.025
5.8500000000000005	0.026119999999999997
5.8500000000000005	0.02748
5.8500000000000005	0.09876
5.8500000000000005	0.10564000000000003
5.9	0.025
5.9	0.026119999999999997
5.9	0.02756
5.9	0.09868000000000002
5.9	0.10572000000000001
5.95	0.025
5.95	0.0262
5.95	0.02756
5.95	0.09868000000000002
5.95	0.10564000000000003
6.	0.025
6.	0.0262
6.	0.02756
6.	0.09876
6.	0.10572000000000001
6.05	0.025
6.05	0.0262
6.05	0.02756
6.05	0.09884000000000001
6.05	0.10572000000000001
6.1	0.025
6.1	0.0262
6.1	0.02764
6.1	0.09884000000000001
6.1	0.10580000000000002
6.15	0.025
6.15	0.0262
6.15	0.02764
6.15	0.09884000000000001
6.15	0.10588000000000002
6.2	0.025
6.2	0.0262
6.2	0.02764
6.2	0.09876
6.2	0.10580000000000002
6.25	0.025
6.25	0.0262
6.25	0.02772
6.25	0.09876
6.25	0.10588000000000002
6.300000000000001	0.025
6.300000000000001	0.0262
6.300000000000001	0.02772
6.300000000000001	0.09884
6.300000000000001	0.10588000000000002
6.3500000000000005	0.025
6.3500000000000005	0.026280000000000005
6.3500000000000005	0.028120000000000003
6.3500000000000005	0.09884
6.3500000000000005	0.10596000000000001
6.4	0.025
6.4	0.026280000000000005
6.4	0.028040000000000002
6.4	0.09892000000000001
6.4	0.10604000000000002
6.45	0.025
6.45	0.026280000000000005
6.45	0.027800000000000002
6.45	0.09892000000000001
6.45	0.10596000000000001
6.5	0.025
6.5	0.026280000000000005
6.5	0.027800000000000002
6.5	0.09884
6.5	0.10611999999999999
6.55	0.025
6.55	0.026280000000000005
6.55	0.027800000000000002
6.55	0.09884
6.55	0.10604
6.6000000000000005	0.025
6.6000000000000005	0.026280000000000005
6.6000000000000005	0.0282
6.6000000000000005	0.09892000000000001
6.6000000000000005	0.10611999999999999
6.65	0.025
6.65	0.026280000000000005
6.65	0.02812
6.65	0.09892000000000001
6.65	0.1062
6.7	0.025
6.7	0.026280000000000005
6.7	0.02788
6.7	0.099
6.7	0.10611999999999999
6.75	0.025
6.75	0.026280000000000005
6.75	0.02788
6.75	0.099
6.75	0.10628
6.8	0.025
6.8	0.02636
6.8	0.02796
6.8	0.099
6.8	0.1062
6.85	0.025
6.85	0.02636
6.85	0.02796
6.85	0.09892000000000001
6.85	0.10628
6.9	0.025
6.9	0.02636
6.9	0.02796
6.9	0.09892000000000001
6.9	0.10636000000000001
6.95	0.025
6.95	0.02636
6.95	0.02804
6.95	0.099
6.95	0.10628
7.	0.025
7.	0.02636
7.	0.02804
7.	0.10644
7.050000000000001	0.025
7.050000000000001	0.02636
7.050000000000001	0.02804
7.050000000000001	0.09908000000000002
7.050000000000001	0.10636000000000001
7.1000000000000005	0.025
7.1000000000000005	0.02636
7.1000000000000005	0.02828
7.1000000000000005	0.09908000000000002
7.1000000000000005	0.10644000000000002
7.15	0.025
7.15	0.02636
7.15	0.02812
7.15	0.03452
7.15	0.099
7.15	0.10644000000000002
7.2	0.017400000000000002
7.2	0.025
7.2	0.026439999999999998
7.2	0.02812
7.2	0.099
7.2	0.10652000000000002
7.25	0.025
7.25	0.026439999999999998
7.25	0.02812
7.25	0.099
7.25	0.10660000000000001
7.3	0.025
7.3	0.02644
7.3	0.02812
7.3	0.042440000000000005
7.3	0.09115999999999999
7.3	0.09908000000000002
7.3	0.10652000000000002
7.3500000000000005	0.025
7.3500000000000005	0.02644
7.3500000000000005	0.02836
7.3500000000000005	0.0466
7.3500000000000005	0.09908000000000002
7.3500000000000005	0.10668000000000002
7.4	0.025
7.4	0.02644
7.4	0.0282
7.4	0.09916
7.4	0.10660000000000001
7.45	0.025
7.45	0.02644
7.45	0.0282
7.45	0.09916
7.45	0.10668000000000002
7.5	0.025
7.5	0.02644
7.5	0.02852
7.5	0.09908000000000002
7.5	0.10668000000000002
7.55	0.025
7.55	0.02644
7.55	0.02828
7.55	0.09908000000000002
7.55	0.10676000000000001
7.6	0.025
7.6	0.02644
7.6	0.02828
7.6	0.09908000000000002
7.6	0.10684
7.65	0.025
7.65	0.026520000000000002
7.65	0.028280000000000007
7.65	0.09916
7.65	0.10676000000000001
7.7	0.025
7.7	0.026520000000000002
7.7	0.028360000000000003
7.7	0.09916
7.7	0.10692000000000002
7.75	0.025
7.75	0.026520000000000002
7.75	0.028360000000000003
7.75	0.09924000000000002
7.75	0.10684
7.800000000000001	0.025
7.800000000000001	0.026520000000000002
7.800000000000001	0.028360000000000003
7.800000000000001	0.09924000000000002
7.800000000000001	0.10700000000000001
7.8500000000000005	0.025
7.8500000000000005	0.026520000000000002
7.8500000000000005	0.02844
7.8500000000000005	0.09916
7.8500000000000005	0.10692000000000002
7.9	0.025
7.9	0.026520000000000002
7.9	0.02844
7.9	0.09916
7.9	0.10700000000000001
7.95	0.025
7.95	0.026520000000000002
7.95	0.02844
7.95	0.09916
7.95	0.10700000000000001
8.	0.025
8.	0.026520000000000002
8.	0.0286
8.	0.09924000000000001
8.	0.10708000000000002
8.05	0.025
8.05	0.026520000000000002
8.05	0.02852
8.05	0.09924000000000001
8.05	0.10716
8.100000000000001	0.025
8.100000000000001	0.026600000000000002
8.100000000000001	0.02852
8.100000000000001	0.09932
8.100000000000001	0.10708000000000002
8.150000000000002	0.025
8.150000000000002	0.026600000000000002
8.150000000000002	0.02852
8.150000000000002	0.09932
8.150000000000002	0.10724000000000003
8.200000000000001	0.025
8.200000000000001	0.026600000000000002
8.200000000000001	0.02868
8.200000000000001	0.09932
8.200000000000001	0.10716
8.25	0.025
8.25	0.026600000000000002
8.25	0.0286
8.25	0.09924000000000001
8.25	0.10732000000000001
8.3	0.025
8.3	0.026600000000000002
8.3	0.0286
8.3	0.09924000000000001
8.3	0.10724
8.35	0.025
8.35	0.026600000000000002
8.35	0.0286
8.35	0.09924000000000001
8.35	0.10732000000000001
8.4	0.025
8.4	0.026600000000000002
8.4	0.02868
8.4	0.09932
8.4	0.10732000000000001
8.450000000000001	0.025
8.450000000000001	0.026600000000000002
8.450000000000001	0.02868
8.450000000000001	0.09932
8.450000000000001	0.10740000000000001
8.5	0.025
8.5	0.026600000000000002
8.5	0.02868
8.5	0.0994
8.5	0.10748000000000002
8.55	0.025
8.55	0.026680000000000002
8.55	0.028759999999999997
8.55	0.0994
8.55	0.10748000000000002
8.600000000000001	0.025
8.600000000000001	0.026680000000000002
8.600000000000001	0.028759999999999997
8.600000000000001	0.0994
8.600000000000001	0.10756000000000002
8.65	0.025
8.65	0.026680000000000002
8.65	0.02876
8.65	0.09932
8.65	0.10748000000000002
8.7	0.025
8.7	0.026680000000000002
8.7	0.02876
8.7	0.09932
8.7	0.10764
8.75	0.025
8.75	0.026680000000000002
8.75	0.02884
8.75	0.09932
8.75	0.10756000000000002
8.799999999999999	0.025
8.799999999999999	0.026680000000000002
8.799999999999999	0.02884
8.799999999999999	0.0994
8.799999999999999	0.10772000000000001
8.850000000000001	0.025
8.850000000000001	0.026680000000000002
8.850000000000001	0.02884
8.850000000000001	0.0994
8.850000000000001	0.10764000000000003
8.900000000000002	0.025
8.900000000000002	0.026680000000000002
8.900000000000002	0.02892
8.900000000000002	0.09948
8.900000000000002	0.10780000000000002
8.950000000000001	0.025
8.950000000000001	0.026680000000000002
8.950000000000001	0.02892
8.950000000000001	0.09948
8.950000000000001	0.10772000000000001
9.	0.025
9.	0.026760000000000003
9.	0.02892
9.	0.09948
9.	0.10788000000000002
9.05	0.025
9.05	0.026760000000000003
9.05	0.029
9.05	0.0994
9.05	0.10780000000000002
9.1	0.025
9.1	0.026760000000000003
9.1	0.029
9.1	0.0994
9.1	0.10788000000000002
9.15	0.025
9.15	0.026760000000000003
9.15	0.029
9.15	0.0994
9.15	0.10788000000000002
9.200000000000001	0.025
9.200000000000001	0.026760000000000003
9.200000000000001	0.029
9.200000000000001	0.09948
9.200000000000001	0.10796000000000001
9.25	0.025
9.25	0.026760000000000003
9.25	0.02908
9.25	0.09948
9.25	0.10796000000000001
9.3	0.025
9.3	0.026760000000000003
9.3	0.02908
9.3	0.09956000000000001
9.3	0.10804
9.350000000000001	0.025
9.350000000000001	0.026760000000000003
9.350000000000001	0.02908
9.350000000000001	0.09956000000000001
9.350000000000001	0.10812
9.4	0.025
9.4	0.026760000000000003
9.4	0.029240000000000002
9.4	0.09956000000000001
9.4	0.10812
9.450000000000001	0.025
9.450000000000001	0.026840000000000003
9.450000000000001	0.029160000000000002
9.450000000000001	0.09956000000000001
9.450000000000001	0.1082
9.500000000000002	0.025
9.500000000000002	0.02684
9.500000000000002	0.029160000000000002
9.500000000000002	0.09948
9.500000000000002	0.1082
9.55	0.025
9.55	0.02684
9.55	0.029160000000000002
9.55	0.09948
9.55	0.10828
9.6	0.025
9.6	0.02684
9.6	0.02932
9.6	0.09948
9.6	0.10828
9.65	0.025
9.65	0.02684
9.65	0.02924
9.65	0.09956000000000001
9.65	0.10836000000000001
9.7	0.025
9.7	0.02684
9.7	0.02924
9.7	0.09956000000000001
9.7	0.10836000000000001
9.75	0.025
9.75	0.02684
9.75	0.02924
9.75	0.09956000000000001
9.75	0.10844000000000001
9.8	0.025
9.8	0.02684
9.8	0.02932
9.8	0.09963999999999999
9.8	0.10836000000000001
9.85	0.025
9.85	0.02684
9.85	0.02932
9.85	0.09963999999999999
9.85	0.10852000000000002
9.9	0.025
9.9	0.02692
9.9	0.02932
9.9	0.09963999999999999
9.9	0.10844000000000002
9.950000000000001	0.025
9.950000000000001	0.02692
9.950000000000001	0.02932
9.950000000000001	0.09956000000000001
9.950000000000001	0.10860000000000002
10.	0.025
10.	0.02692
10.	0.0294
10.	0.09956000000000001
10.	0.10852000000000002