0.2	0.00009600000000000002
0.2	0.000368
0.2	0.000648
0.2	0.00092
0.2	0.001192
0.2	0.001464
0.2	0.0017360000000000001
0.2	0.002
0.2	0.002272
0.2	0.002536
0.2	0.0028000000000000004
0.2	0.003064
0.2	0.0033280000000000002
0.2	0.0035840000000000004
0.2	0.0038480000000000003
0.2	0.004104000000000001
0.2	0.00436
0.2	0.004608
0.2	0.004864
0.2	0.005112
0.2	0.00536
0.2	0.005608
0.2	0.005848000000000001
0.2	0.0060880000000000005
0.2	0.006328
0.2	0.006568
0.2	0.006808
0.2	0.00704
0.2	0.007272000000000001
0.2	0.007504000000000001
0.2	0.0077280000000000005
0.2	0.007952
0.2	0.008176
0.2	0.008400000000000001
0.2	0.008616
0.2	0.008832000000000001
0.2	0.009048
0.2	0.009256
0.2	0.009464
0.2	0.009672000000000002
0.2	0.009872
0.2	0.010072000000000001
0.2	0.010272
0.2	0.010464000000000001
0.2	0.010656
0.2	0.010848
0.2	0.011032000000000002
0.2	0.011216
0.2	0.011392000000000001
0.2	0.011568
0.2	0.011744000000000001
0.2	0.011912
0.2	0.01208
0.2	0.012248
0.2	0.012408
0.2	0.012568000000000001
0.2	0.01272
0.2	0.012872
0.2	0.013016
0.2	0.013160000000000002
0.2	0.013304000000000002
0.2	0.01344
0.2	0.013568000000000002
0.2	0.013824000000000003
0.2	0.013952
0.2	0.014184000000000002
0.2	0.014400000000000001
0.2	0.014608000000000001
0.2	0.01488
0.2	0.015848
0.2	0.02404
0.2	0.024168000000000002
0.2	0.024256000000000003
0.2	0.024368
0.2	0.024504
0.2	0.024624
0.2	0.024712
0.2	0.024816
0.2	0.024896
0.2	0.025
0.2	0.025280000000000004
0.2	0.02572
0.2	0.026264
0.2	0.027680000000000003
0.2	0.029560000000000003
0.2	0.031920000000000004
0.2	0.034752000000000005
0.2	0.038048000000000005
0.2	0.041752
0.2	0.045840000000000006
0.2	0.050248
0.2	0.054912
0.2	0.059688000000000005
0.2	0.06408
0.2	0.06456
0.2	0.065112
0.2	0.06540000000000001
0.2	0.065608
0.2	0.06572
0.2	0.06583200000000002
0.4	0.0005520000000000001
0.4	0.001144
0.4	0.001728
0.4	0.0023040000000000005
0.4	0.0028720000000000004
0.4	0.003432
0.4	0.003992
0.4	0.004536
0.4	0.00508
0.4	0.005608
0.4	0.006136000000000001
0.4	0.006648000000000001
0.4	0.0071600000000000006
0.4	0.007656000000000001
0.4	0.008144000000000002
0.4	0.008616
0.4	0.009080000000000001
0.4	0.009536
0.4	0.009976
0.4	0.010408
0.4	0.010824
0.4	0.011224000000000001
0.4	0.011616000000000001
0.4	0.011984
0.4	0.012344
0.4	0.012688
0.4	0.013016
0.4	0.013328000000000001
0.4	0.013624
0.4	0.013904000000000003
0.4	0.01416
0.4	0.014400000000000001
0.4	0.014624000000000002
0.4	0.014824
0.4	0.015016000000000002
0.4	0.015312000000000003
0.4	0.01552
0.4	0.0158
0.4	0.02404
0.4	0.024120000000000003
0.4	0.024208
0.4	0.02432
0.4	0.024456000000000002
0.4	0.024576
0.4	0.024656
0.4	0.024832000000000003
0.4	0.024920000000000005
0.4	0.025
0.4	0.025248000000000003
0.4	0.02568
0.4	0.026256
0.4	0.027688
0.4	0.029576
0.4	0.03194400000000001
0.4	0.034784
0.4	0.038064
0.4	0.041768000000000007
0.4	0.045848
0.4	0.050256
0.4	0.054928
0.4	0.059728
0.4	0.064016
0.4	0.06410400000000001
0.4	0.06417600000000001
0.4	0.06427200000000001
0.4	0.064392
0.4	0.064528
0.4	0.06468
0.4	0.064848
0.4	0.065024
0.4	0.065232
0.4	0.065448
0.4	0.06568
0.4	0.06593600000000001
0.6000000000000001	0.0006240000000000001
0.6000000000000001	0.001576
0.6000000000000001	0.002512
0.6000000000000001	0.003432
0.6000000000000001	0.004328
0.6000000000000001	0.005216
0.6000000000000001	0.00608
0.6000000000000001	0.006920000000000001
0.6000000000000001	0.0077360000000000016
0.6000000000000001	0.008528
0.6000000000000001	0.009288000000000001
0.6000000000000001	0.010024
0.6000000000000001	0.010728
0.6000000000000001	0.011392000000000001
0.6000000000000001	0.012024
0.6000000000000001	0.012608
0.6000000000000001	0.013160000000000002
0.6000000000000001	0.013656000000000001
0.6000000000000001	0.014112
0.6000000000000001	0.014520000000000002
0.6000000000000001	0.014872000000000002
0.6000000000000001	0.015168000000000001
0.6000000000000001	0.015408000000000002
0.6000000000000001	0.01568
0.6000000000000001	0.015784
0.6000000000000001	0.023992000000000003
0.6000000000000001	0.024064000000000002
0.6000000000000001	0.024168000000000002
0.6000000000000001	0.024248000000000002
0.6000000000000001	0.02436
0.6000000000000001	0.024496000000000004
0.6000000000000001	0.024616
0.6000000000000001	0.024752000000000003
0.6000000000000001	0.02488
0.6000000000000001	0.025
0.6000000000000001	0.025304000000000004
0.6000000000000001	0.025640000000000003
0.6000000000000001	0.026352000000000004
0.6000000000000001	0.027832000000000003
0.6000000000000001	0.02976
0.6000000000000001	0.032152
0.6000000000000001	0.035016000000000005
0.6000000000000001	0.03832000000000001
0.6000000000000001	0.04204000000000001
0.6000000000000001	0.046136
0.6000000000000001	0.05056000000000001
0.6000000000000001	0.055256000000000007
0.6000000000000001	0.060064000000000006
0.6000000000000001	0.063976
0.6000000000000001	0.064088
0.6000000000000001	0.064168
0.6000000000000001	0.064248
0.6000000000000001	0.06445600000000001
0.6000000000000001	0.06472
0.6000000000000001	0.065016
0.6000000000000001	0.06536800000000001
0.6000000000000001	0.06564
0.6000000000000001	0.065752
0.8	0.00028000000000000003
0.8	0.0016640000000000001
0.8	0.003024
0.8	0.004352
0.8	0.005648
0.8	0.006896000000000001
0.8	0.008104
0.8	0.009256
0.8	0.010344
0.8	0.011368
0.8	0.012312
0.8	0.013168000000000003
0.8	0.013920000000000002
0.8	0.014072000000000001
0.8	0.014568000000000003
0.8	0.015096000000000002
0.8	0.015488000000000002
0.8	0.01572
0.8	0.024
0.8	0.024080000000000004
0.8	0.0242
0.8	0.024352000000000002
0.8	0.024504
0.8	0.024672000000000003
0.8	0.024832000000000003
0.8	0.025
0.8	0.025456
0.8	0.025600000000000005
0.8	0.026584000000000003
0.8	0.028128000000000004
0.8	0.03012
0.8	0.03257600000000001
0.8	0.035488000000000006
0.8	0.038832
0.8	0.0426
0.8	0.046728000000000006
0.8	0.051192
0.8	0.05590400000000001
0.8	0.060672000000000004
0.8	0.063936
0.8	0.06415200000000001
0.8	0.064504
0.8	0.064976
0.8	0.06552000000000001
0.8	0.0656
1.	0.0010080000000000002
1.	0.0029120000000000005
1.	0.004776000000000001
1.	0.006576000000000001
1.	0.008304
1.	0.009936
1.	0.011448
1.	0.012824000000000002
1.	0.014024
1.	0.015008000000000002
1.	0.015744
1.	0.023880000000000002
1.	0.024016000000000003
1.	0.024208
1.	0.02432
1.	0.024584
1.	0.024792
1.	0.02488
1.	0.025
1.	0.025568
1.	0.025736000000000002
1.	0.026968000000000002
1.	0.028616000000000003
1.	0.030704000000000002
1.	0.033248
1.	0.03624
1.	0.039656000000000004
1.	0.043472000000000004
1.	0.047656000000000004
1.	0.052144
1.	0.056864000000000005
1.	0.061520000000000005
1.	0.063848
1.	0.06404000000000001
1.	0.064712
1.	0.065584
1.2	0.000728
1.2	0.0033520000000000004
1.2	0.005920000000000001
1.2	0.008408000000000002
1.2	0.010784
1.2	0.013008
1.2	0.013975999999999999
1.2	0.015704000000000003
1.2	0.023816000000000004
1.2	0.023904
1.2	0.024064000000000002
1.2	0.024272000000000002
1.2	0.024560000000000002
1.2	0.024752000000000003
1.2	0.025
1.2	0.025232000000000004
1.2	0.025528000000000002
1.2	0.026232
1.2	0.027592
1.2	0.029368000000000005
1.2	0.031584
1.2	0.034232
1.2	0.037320000000000006
1.2	0.040816000000000005
1.2	0.044696
1.2	0.048920000000000005
1.2	0.05344
1.2	0.05813600000000001
1.2	0.06264800000000001
1.2	0.06380000000000001
1.2	0.065304
1.2	0.065528
1.4	0.0017360000000000001
1.4	0.00544
1.4	0.009232
1.4	0.013928000000000001
1.4	0.015672000000000002
1.4	0.023760000000000003
1.4	0.023936000000000002
1.4	0.024064000000000002
1.4	0.024152
1.4	0.024448000000000004
1.4	0.024712
1.4	0.025
1.4	0.025496
1.4	0.025864000000000005
1.4	0.027016000000000002
1.4	0.028544000000000003
1.4	0.030464
1.4	0.032808000000000004
1.4	0.035584000000000005
1.4	0.038768000000000004
1.4	0.04234400000000001
1.4	0.04628800000000001
1.4	0.05056000000000001
1.4	0.055096
1.4	0.059792
1.4	0.06376000000000001
1.4	0.064336
1.4	0.06549600000000001
1.6	0.0035120000000000004
1.6	0.013880000000000002
1.6	0.015632
1.6	0.023760000000000003
1.6	0.023976
1.6	0.02404
1.6	0.024384
1.6	0.024672000000000003
1.6	0.025
1.6	0.025464000000000004
1.6	0.025824000000000003
1.6	0.026888000000000002
1.6	0.028232
1.6	0.029920000000000002
1.6	0.032
1.6	0.034480000000000004
1.6	0.037360000000000004
1.6	0.04064
1.6	0.044296
1.6	0.048296000000000006
1.6	0.05260800000000001
1.6	0.057184
1.6	0.061936000000000005
1.6	0.063712
1.6	0.06546400000000001
1.8	0.013832000000000002
1.8	0.015600000000000001
1.8	0.023720000000000005
1.8	0.023824
1.8	0.023936000000000002
1.8	0.024256000000000003
1.8	0.024632
1.8	0.024856000000000003
1.8	0.025
1.8	0.025432000000000003
1.8	0.025760000000000005
1.8	0.02692
1.8	0.028312000000000004
1.8	0.029952
1.8	0.03185600000000001
1.8	0.034088
1.8	0.036680000000000004
1.8	0.039664
1.8	0.043016000000000006
1.8	0.04673600000000001
1.8	0.05078400000000001
1.8	0.055144000000000006
1.8	0.059768
1.8	0.063664
1.8	0.0646
1.8	0.065432
2.	0.013784000000000001
2.	0.015568000000000002
2.	0.023656000000000003
2.	0.023832000000000002
2.	0.023952
2.	0.024176000000000003
2.	0.024560000000000002
2.	0.025
2.	0.0254
2.	0.025480000000000003
2.	0.02672
2.	0.028256000000000003
2.	0.030056000000000006
2.	0.032088000000000005
2.	0.034336
2.	0.0368
2.	0.039536
2.	0.042584
2.	0.045992
2.	0.049744000000000003
2.	0.053824000000000004
2.	0.058216000000000004
2.	0.06288
2.	0.063616
2.	0.06540000000000001
2.2	0.013728
2.2	0.015536
2.2	0.023568000000000002
2.2	0.023728000000000006
2.2	0.024096000000000003
2.2	0.024168000000000002
2.2	0.024552
2.2	0.025
2.2	0.025368
2.2	0.026264000000000003
2.2	0.027872
2.2	0.029808
2.2	0.032032000000000005
2.2	0.034496000000000006
2.2	0.03716
2.2	0.04000000000000001
2.2	0.043000000000000003
2.2	0.046192000000000004
2.2	0.049640000000000004
2.2	0.0534
2.2	0.057472
2.2	0.061856
2.2	0.063568
2.2	0.06536800000000001
2.4000000000000004	0.013680000000000001
2.4000000000000004	0.015504
2.4000000000000004	0.02352
2.4000000000000004	0.023632000000000004
2.4000000000000004	0.023768
2.4000000000000004	0.024008
2.4000000000000004	0.024448000000000004
2.4000000000000004	0.024512
2.4000000000000004	0.025
2.4000000000000004	0.025336000000000004
2.4000000000000004	0.025592000000000004
2.4000000000000004	0.027192000000000004
2.4000000000000004	0.029192000000000003
2.4000000000000004	0.031552000000000004
2.4000000000000004	0.034208
2.4000000000000004	0.037104000000000005
2.4000000000000004	0.0402
2.4000000000000004	0.043448
2.4000000000000004	0.046824000000000005
2.4000000000000004	0.050312
2.4000000000000004	0.053936000000000005
2.4000000000000004	0.05773600000000001
2.4000000000000004	0.061792
2.4000000000000004	0.06351200000000001
2.4000000000000004	0.065336
2.6	0.013624
2.6	0.015472
2.6	0.023488000000000002
2.6	0.023928
2.6	0.024472000000000004
2.6	0.024816
2.6	0.025
2.6	0.025312
2.6	0.026280000000000005
2.6	0.028248000000000002
2.6	0.030672000000000005
2.6	0.033456
2.6	0.036552
2.6	0.03988
2.6	0.043392
2.6	0.047056
2.6	0.050824
2.6	0.054688
2.6	0.058616
2.6	0.062624
2.6	0.063464
2.6	0.06531200000000001
2.8000000000000003	0.013568000000000002
2.8000000000000003	0.01544
2.8000000000000003	0.023464000000000002
2.8000000000000003	0.023848
2.8000000000000003	0.024056
2.8000000000000003	0.024432000000000002
2.8000000000000003	0.025
2.8000000000000003	0.025256
2.8000000000000003	0.027072000000000002
2.8000000000000003	0.02944
2.8000000000000003	0.032288000000000004
2.8000000000000003	0.035512
2.8000000000000003	0.039032
2.8000000000000003	0.042784
2.8000000000000003	0.046712000000000004
2.8000000000000003	0.050776
2.8000000000000003	0.054928
2.8000000000000003	0.059160000000000004
2.8000000000000003	0.06344800000000002
2.8000000000000003	0.065288
3.	0.013512000000000001
3.	0.015416000000000003
3.	0.023384
3.	0.023504
3.	0.023768
3.	0.024280000000000003
3.	0.024400000000000005
3.	0.025
3.	0.025256
3.	0.025776000000000004
3.	0.027960000000000002
3.	0.030752
3.	0.034024000000000006
3.	0.037688
3.	0.041632
3.	0.04580000000000001
3.	0.050128000000000006
3.	0.054576
3.	0.05911200000000001
3.	0.06336
3.	0.06370400000000001
3.	0.06525600000000001
3.2	0.013456000000000001
3.2	0.015384
3.2	0.02332
3.2	0.023544000000000002
3.2	0.02368
3.2	0.02436
3.2	0.024544000000000003
3.2	0.025
3.2	0.025232000000000004
3.2	0.026368000000000003
3.2	0.028944000000000004
3.2	0.03216
3.2	0.035872
3.2	0.039968000000000004
3.2	0.044336
3.2	0.048904
3.2	0.053624000000000005
3.2	0.058448000000000014
3.2	0.063344
3.2	0.065232
3.4000000000000004	0.0134
3.4000000000000004	0.015360000000000002
3.4000000000000004	0.023256000000000002
3.4000000000000004	0.023600000000000003
3.4000000000000004	0.02432
3.4000000000000004	0.024856
3.4000000000000004	0.025
3.4000000000000004	0.025208
3.4000000000000004	0.027032
3.4000000000000004	0.030016000000000004
3.4000000000000004	0.033664000000000006
3.4000000000000004	0.037816
3.4000000000000004	0.042328000000000005
3.4000000000000004	0.047112
3.4000000000000004	0.05208
3.4000000000000004	0.057176000000000005
3.4000000000000004	0.062368
3.4000000000000004	0.063256
3.4000000000000004	0.06520800000000002
3.6	0.013344
3.6	0.015328000000000003
3.6	0.023200000000000002
3.6	0.02352
3.6	0.023704000000000003
3.6	0.024280000000000003
3.6	0.025
3.6	0.025224000000000003
3.6	0.02776
3.6	0.031176000000000002
3.6	0.035256
3.6	0.03984
3.6	0.044776
3.6	0.04995200000000001
3.6	0.055304000000000006
3.6	0.06077600000000001
3.6	0.0632
3.6	0.065184
3.8000000000000003	0.01328
3.8000000000000003	0.015304000000000002
3.8000000000000003	0.023152
3.8000000000000003	0.023440000000000003
3.8000000000000003	0.023816000000000004
3.8000000000000003	0.024240000000000005
3.8000000000000003	0.025
3.8000000000000003	0.025168000000000003
3.8000000000000003	0.025640000000000003
3.8000000000000003	0.028560000000000002
3.8000000000000003	0.0324
3.8000000000000003	0.03692
3.8000000000000003	0.04192800000000001
3.8000000000000003	0.047272
3.8000000000000003	0.052848000000000006
3.8000000000000003	0.058584000000000004
3.8000000000000003	0.063144
3.8000000000000003	0.064408
3.8000000000000003	0.065168
4.	0.013216000000000002
4.	0.015280000000000002
4.	0.023112000000000004
4.	0.023352
4.	0.023960000000000002
4.	0.0242
4.	0.025
4.	0.026096
4.	0.029424
4.	0.033696000000000004
4.	0.03865600000000001
4.	0.04408000000000001
4.	0.049832
4.	0.05579200000000001
4.	0.06188800000000001
4.	0.063088
4.	0.06514400000000001
4.2	0.013152000000000002
4.2	0.015256000000000002
4.2	0.023080000000000003
4.2	0.023272
4.2	0.024128000000000004
4.2	0.025
4.2	0.025128
4.2	0.026600000000000002
4.2	0.030344000000000003
4.2	0.035048
4.2	0.040440000000000004
4.2	0.04628800000000001
4.2	0.052432
4.2	0.058768
4.2	0.063024
4.2	0.065128
4.2	0.065224
4.4	0.013088000000000002
4.4	0.015232
4.4	0.023056
4.4	0.023192
4.4	0.024128
4.4	0.024328000000000002
4.4	0.025
4.4	0.027152000000000003
4.4	0.031312000000000006
4.4	0.036464
4.4	0.042280000000000005
4.4	0.048528
4.4	0.055064
4.4	0.061768
4.4	0.062968
4.4	0.065112
4.6000000000000005	0.013024000000000003
4.6000000000000005	0.015208000000000003
4.6000000000000005	0.022912000000000002
4.6000000000000005	0.023048000000000003
4.6000000000000005	0.023112000000000004
4.6000000000000005	0.024088000000000005
4.6000000000000005	0.024552
4.6000000000000005	0.025
4.6000000000000005	0.027744
4.6000000000000005	0.032336
4.6000000000000005	0.03792
4.6000000000000005	0.044160000000000005
4.6000000000000005	0.05081600000000001
4.6000000000000005	0.057728
4.6000000000000005	0.062912
4.6000000000000005	0.064792
4.6000000000000005	0.06509600000000001
4.800000000000001	0.012960000000000001
4.800000000000001	0.015192000000000002
4.800000000000001	0.022848
4.800000000000001	0.023040000000000005
4.800000000000001	0.024048
4.800000000000001	0.024800000000000003
4.800000000000001	0.025
4.800000000000001	0.025080000000000005
4.800000000000001	0.028376000000000002
4.800000000000001	0.0334
4.800000000000001	0.039424
4.800000000000001	0.04608
4.800000000000001	0.05312800000000001
4.800000000000001	0.060416000000000004
4.800000000000001	0.062848
4.800000000000001	0.06508
5.	0.012888
5.	0.015168000000000001
5.	0.022784000000000002
5.	0.022944000000000003
5.	0.023048000000000003
5.	0.024008
5.	0.025
5.	0.025064000000000003
5.	0.029048
5.	0.034512
5.	0.040968000000000004
5.	0.048032000000000005
5.	0.05547200000000001
5.	0.062784
5.	0.06312000000000001
5.	0.06506400000000001
5.2	0.012824000000000002
5.2	0.015152000000000002
5.2	0.022720000000000004
5.2	0.022864000000000002
5.2	0.023064
5.2	0.023976
5.2	0.025
5.2	0.025376000000000003
5.2	0.029752
5.2	0.03566400000000001
5.2	0.042544000000000005
5.2	0.050016000000000005
5.2	0.05784
5.2	0.06272
5.2	0.065048
5.2	0.065848
5.4	0.012752
5.4	0.015136000000000002
5.4	0.022784000000000002
5.4	0.023088000000000004
5.4	0.023936000000000002
5.4	0.025
5.4	0.025703999999999998
5.4	0.030496000000000002
5.4	0.036840000000000005
5.4	0.044152000000000004
5.4	0.052024
5.4	0.060216000000000006
5.4	0.062656
5.4	0.06504
5.6000000000000005	0.01268
5.6000000000000005	0.015112
5.6000000000000005	0.022592
5.6000000000000005	0.022696
5.6000000000000005	0.023128000000000003
5.6000000000000005	0.023896
5.6000000000000005	0.025
5.6000000000000005	0.026056000000000003
5.6000000000000005	0.031272
5.6000000000000005	0.038056
5.6000000000000005	0.045792000000000006
5.6000000000000005	0.05405600000000001
5.6000000000000005	0.062616
5.6000000000000005	0.065032
5.800000000000001	0.012608
5.800000000000001	0.015096000000000002
5.800000000000001	0.022528
5.800000000000001	0.022616
5.800000000000001	0.023168
5.800000000000001	0.023856000000000002
5.800000000000001	0.025
5.800000000000001	0.026432000000000004
5.800000000000001	0.032080000000000004
5.800000000000001	0.039304000000000006
5.800000000000001	0.047448000000000004
5.800000000000001	0.056104
5.800000000000001	0.062528
5.800000000000001	0.065024
6.	0.012528000000000001
6.	0.015088
6.	0.022536
6.	0.023224
6.	0.023824
6.	0.025
6.	0.026832
6.	0.032912000000000004
6.	0.040576
6.	0.049136
6.	0.058168
6.	0.062464000000000006
6.	0.065016
6.2	0.012456000000000002
6.2	0.015072000000000002
6.2	0.022456000000000004
6.2	0.023296
6.2	0.023784000000000003
6.2	0.025
6.2	0.027256000000000002
6.2	0.033776
6.2	0.041872000000000006
6.2	0.050832
6.2	0.060248
6.2	0.062392
6.2	0.065008
6.4	0.012376000000000002
6.4	0.015056000000000003
6.4	0.022376000000000004
6.4	0.023368
6.4	0.023744
6.4	0.025
6.4	0.027704
6.4	0.03466400000000001
6.4	0.043192
6.4	0.052552
6.4	0.062336
6.4	0.065008
6.6000000000000005	0.012296000000000001
6.6000000000000005	0.015048
6.6000000000000005	0.022296000000000003
6.6000000000000005	0.023456
6.6000000000000005	0.023712000000000004
6.6000000000000005	0.025
6.6000000000000005	0.028168000000000006
6.6000000000000005	0.035576
6.6000000000000005	0.044528
6.6000000000000005	0.054288
6.6000000000000005	0.062256
6.6000000000000005	0.06444
6.6000000000000005	0.065
6.800000000000001	0.012216000000000001
6.800000000000001	0.015040000000000001
6.800000000000001	0.022208000000000002
6.800000000000001	0.023560000000000005
6.800000000000001	0.023672000000000002
6.800000000000001	0.025
6.800000000000001	0.028656000000000004
6.800000000000001	0.036504
6.800000000000001	0.045888000000000005
6.800000000000001	0.056040000000000006
6.800000000000001	0.062184
6.800000000000001	0.065
7.	0.012136000000000001
7.	0.015024000000000001
7.	0.022128000000000002
7.	0.023664
7.	0.025
7.	0.029160000000000005
7.	0.037456
7.	0.047256000000000006
7.	0.057800000000000004
7.	0.062112
7.	0.065
7.2	0.012056
7.2	0.015024000000000001
7.2	0.022048
7.2	0.023600000000000003
7.2	0.023784000000000003
7.2	0.025
7.2	0.029688000000000003
7.2	0.038424
7.2	0.048648000000000004
7.2	0.05956800000000001
7.2	0.06203200000000001
7.2	0.065
7.4	0.011968000000000001
7.4	0.015016000000000002
7.4	0.021968
7.4	0.023560000000000005
7.4	0.023912000000000003
7.4	0.025
7.4	0.030232000000000002
7.4	0.03941600000000001
7.4	0.050048
7.4	0.06134400000000001
7.4	0.06196
7.4	0.065008
7.6000000000000005	0.011880000000000002
7.6000000000000005	0.015008000000000002
7.6000000000000005	0.021888
7.6000000000000005	0.023528
7.6000000000000005	0.024056
7.6000000000000005	0.025
7.6000000000000005	0.030792000000000003
7.6000000000000005	0.040424
7.6000000000000005	0.05146400000000001
7.6000000000000005	0.061880000000000004
7.6000000000000005	0.063128
7.6000000000000005	0.065008
7.800000000000001	0.011792
7.800000000000001	0.015008000000000002
7.800000000000001	0.021808
7.800000000000001	0.023488000000000002
7.800000000000001	0.024208
7.800000000000001	0.025
7.800000000000001	0.031368
7.800000000000001	0.041440000000000005
7.800000000000001	0.052888000000000004
7.800000000000001	0.06180800000000001
7.800000000000001	0.06492
8.	0.011704
8.	0.015000000000000001
8.	0.021728000000000004
8.	0.023456
8.	0.024368
8.	0.025
8.	0.03196
8.	0.042472
8.	0.05432000000000001
8.	0.061728000000000005
8.	0.065024
8.2	0.011608000000000002
8.2	0.015000000000000001
8.2	0.021648
8.2	0.023416000000000003
8.2	0.024536000000000002
8.2	0.025
8.2	0.03257600000000001
8.2	0.04352
8.2	0.055768000000000005
8.2	0.061648
8.2	0.065032
8.399999999999999	0.01152
8.399999999999999	0.015000000000000001
8.399999999999999	0.021568
8.399999999999999	0.023384000000000002
8.399999999999999	0.02472
8.399999999999999	0.025
8.399999999999999	0.033192000000000006
8.399999999999999	0.044584
8.399999999999999	0.057216
8.399999999999999	0.061560000000000004
8.399999999999999	0.065048
8.6	0.011424
8.6	0.015000000000000001
8.6	0.02148
8.6	0.023344
8.6	0.024912000000000004
8.6	0.025
8.6	0.033832
8.6	0.04564800000000001
8.6	0.05868
8.6	0.06148000000000001
8.6	0.065064
8.799999999999999	0.011328000000000001
8.799999999999999	0.015008000000000002
8.799999999999999	0.021400000000000002
8.799999999999999	0.023312000000000003
8.799999999999999	0.025
8.799999999999999	0.025112000000000002
8.799999999999999	0.034480000000000004
8.799999999999999	0.04673600000000001
8.799999999999999	0.06014400000000001
8.799999999999999	0.061392
8.799999999999999	0.065072
9.	0.011224000000000001
9.	0.015008000000000002
9.	0.02132
9.	0.023272
9.	0.025
9.	0.025088000000000006
9.	0.025320000000000002
9.	0.035144
9.	0.047824000000000005
9.	0.06131200000000001
9.	0.061616000000000004
9.	0.06509600000000001
9.2	0.011128000000000002
9.2	0.015016000000000002
9.2	0.021240000000000002
9.2	0.023240000000000004
9.2	0.025
9.2	0.025112000000000002
9.2	0.025544
9.2	0.035816
9.2	0.048920000000000005
9.2	0.061224
9.2	0.063088
9.2	0.065112
9.399999999999999	0.011024
9.399999999999999	0.015024000000000001
9.399999999999999	0.02116
9.399999999999999	0.023200000000000002
9.399999999999999	0.025
9.399999999999999	0.025128
9.399999999999999	0.025768000000000003
9.399999999999999	0.036504
9.399999999999999	0.050024
9.399999999999999	0.061136
9.399999999999999	0.064568
9.399999999999999	0.065128
9.6	0.010920000000000001
9.6	0.015032
9.6	0.02108
9.6	0.023168
9.6	0.025
9.6	0.025152
9.6	0.026007999999999996
9.6	0.037200000000000004
9.6	0.051144
9.6	0.061040000000000004
9.6	0.06515200000000002
9.799999999999999	0.010816000000000001
9.799999999999999	0.015040000000000001
9.799999999999999	0.021000000000000005
9.799999999999999	0.023128000000000003
9.799999999999999	0.025
9.799999999999999	0.025176000000000004
9.799999999999999	0.026256
9.799999999999999	0.03790400000000001
9.799999999999999	0.052264
9.799999999999999	0.060952000000000006
9.799999999999999	0.06517600000000001
10.	0.010704
10.	0.015056000000000003
10.	0.020928000000000002
10.	0.023096000000000002
10.	0.025
10.	0.025208
10.	0.026512
10.	0.038616
10.	0.05339200000000001
10.	0.060856
10.	0.06520800000000002
10.2	0.010592
10.2	0.015064000000000003
10.2	0.02076
10.2	0.020848000000000002
10.2	0.023064
10.2	0.025
10.2	0.025232000000000004
10.2	0.026776
10.2	0.039344000000000004
10.2	0.05452800000000001
10.2	0.06076000000000001
10.2	0.065232
10.399999999999999	0.010480000000000001
10.399999999999999	0.015080000000000001
10.399999999999999	0.020768000000000002
10.399999999999999	0.023024000000000003
10.399999999999999	0.025
10.399999999999999	0.025264
10.399999999999999	0.027048000000000006
10.399999999999999	0.04007200000000001
10.399999999999999	0.055664000000000005
10.399999999999999	0.06066400000000001
10.399999999999999	0.06526400000000002
10.6	0.010368
10.6	0.015096000000000002
10.6	0.020568
10.6	0.020688
10.6	0.022992000000000002
10.6	0.025
10.6	0.025296000000000003
10.6	0.027328
10.6	0.040816000000000005
10.6	0.056808000000000004
10.6	0.06056800000000001
10.6	0.06529599999999999
10.799999999999999	0.010256000000000001
10.799999999999999	0.015120000000000001
10.799999999999999	0.020464000000000003
10.799999999999999	0.020608
10.799999999999999	0.02296
10.799999999999999	0.025
10.799999999999999	0.025328
10.799999999999999	0.027624000000000003
10.799999999999999	0.04156
10.799999999999999	0.057952000000000004
10.799999999999999	0.060464000000000004
10.799999999999999	0.06532800000000001
11.	0.010136000000000001
11.	0.015136000000000002
11.	0.020360000000000003
11.	0.020528
11.	0.022920000000000003
11.	0.025
11.	0.025368
11.	0.02792
11.	0.042312
11.	0.059104000000000004
11.	0.060360000000000004
11.	0.06536800000000001
11.2	0.010016
11.2	0.015160000000000002
11.2	0.020256000000000003
11.2	0.020448
11.2	0.022888000000000002
11.2	0.025
11.2	0.025408000000000003
11.2	0.028224000000000006
11.2	0.04308000000000001
11.2	0.060264000000000005
11.2	0.06540800000000001
11.399999999999999	0.009888000000000001
11.399999999999999	0.015184000000000003
11.399999999999999	0.020152000000000003
11.399999999999999	0.020368000000000004
11.399999999999999	0.022856
11.399999999999999	0.025
11.399999999999999	0.025448000000000005
11.399999999999999	0.028536
11.399999999999999	0.043848000000000005
11.399999999999999	0.060152000000000004
11.399999999999999	0.06142400000000001
11.399999999999999	0.065448
11.6	0.009768000000000002
11.6	0.015208000000000003
11.6	0.020048
11.6	0.020288
11.6	0.022816000000000003
11.6	0.025
11.6	0.025488
11.6	0.028856000000000003
11.6	0.044616
11.6	0.060048000000000004
11.6	0.062584
11.6	0.06548800000000002
11.799999999999999	0.009640000000000001
11.799999999999999	0.015240000000000002
11.799999999999999	0.019936000000000002
11.799999999999999	0.020208
11.799999999999999	0.022784000000000002
11.799999999999999	0.025
11.799999999999999	0.025536000000000003
11.799999999999999	0.029184000000000005
11.799999999999999	0.0454
11.799999999999999	0.059936
11.799999999999999	0.063744
11.799999999999999	0.06553600000000001
12.	0.009512000000000001
12.	0.015272000000000003
12.	0.019824
12.	0.020128
12.	0.022752
12.	0.025
12.	0.025584000000000003
12.	0.029512000000000004
12.	0.046184
12.	0.05982400000000001
12.	0.064912
12.	0.065584
12.2	0.009376
12.2	0.015304000000000002
12.2	0.019712
12.2	0.020056
12.2	0.022712000000000003
12.2	0.025
12.2	0.025632
12.2	0.029856000000000004
12.2	0.046976000000000004
12.2	0.05971200000000001
12.2	0.065632
12.399999999999999	0.009248000000000001
12.399999999999999	0.015336000000000002
12.399999999999999	0.019592000000000002
12.399999999999999	0.019976
12.399999999999999	0.02268
12.399999999999999	0.025
12.399999999999999	0.02568
12.399999999999999	0.030200000000000005
12.399999999999999	0.047768000000000005
12.399999999999999	0.059592
12.399999999999999	0.06568
12.6	0.009112
12.6	0.015368000000000001
12.6	0.019472000000000003
12.6	0.019896
12.6	0.022648
12.6	0.025
12.6	0.025736000000000002
12.6	0.030552000000000003
12.6	0.048568
12.6	0.059472000000000004
12.6	0.06573599999999999
12.799999999999999	0.008968
12.799999999999999	0.015408000000000002
12.799999999999999	0.019352
12.799999999999999	0.019816
12.799999999999999	0.022616
12.799999999999999	0.025
12.799999999999999	0.025792000000000002
12.799999999999999	0.030912000000000002
12.799999999999999	0.04936800000000001
12.799999999999999	0.059352
12.799999999999999	0.065792
13.	0.008832000000000001
13.	0.015448
13.	0.019232000000000003
13.	0.019736000000000004
13.	0.022584
13.	0.025
13.	0.025848000000000003
13.	0.031272
13.	0.050176
13.	0.05923200000000001
13.	0.065848
13.2	0.008688
13.2	0.015488000000000002
13.2	0.019112
13.2	0.019664
13.2	0.022544
13.2	0.025
13.2	0.025912
13.2	0.03164
13.2	0.05098400000000001
13.2	0.05911200000000001
13.2	0.065912
13.399999999999999	0.008544000000000001
13.399999999999999	0.015536
13.399999999999999	0.018984
13.399999999999999	0.019584
13.399999999999999	0.022512
13.399999999999999	0.025
13.399999999999999	0.025976000000000006
13.399999999999999	0.032016
13.399999999999999	0.051800000000000006
13.399999999999999	0.058984
13.399999999999999	0.065976
13.6	0.008392
13.6	0.015584
13.6	0.018856
13.6	0.019504
13.6	0.02248
13.6	0.025
13.6	0.02604
13.6	0.0324
13.6	0.05261600000000001
13.6	0.058856
13.799999999999999	0.008248000000000002
13.799999999999999	0.015632
13.799999999999999	0.01872
13.799999999999999	0.019424
13.799999999999999	0.022448000000000003
13.799999999999999	0.025
13.799999999999999	0.026112000000000003
13.799999999999999	0.032784
13.799999999999999	0.05344
13.799999999999999	0.05872000000000001
14.	0.008096
14.	0.015688
14.	0.018592
14.	0.019352
14.	0.022416000000000002
14.	0.025
14.	0.026184000000000002
14.	0.033176
14.	0.054264
14.	0.05859200000000001
14.2	0.007936
14.2	0.015736
14.2	0.018456
14.2	0.019272
14.2	0.022384
14.2	0.025
14.2	0.026256
14.2	0.033568
14.2	0.055088000000000005
14.2	0.05845600000000001
14.399999999999999	0.007776000000000001
14.399999999999999	0.0158
14.399999999999999	0.018312000000000002
14.399999999999999	0.019192
14.399999999999999	0.022344000000000003
14.399999999999999	0.025
14.399999999999999	0.026328
14.399999999999999	0.033968000000000005
14.399999999999999	0.055920000000000004
14.399999999999999	0.05831200000000001
14.6	0.007616
14.6	0.015856000000000002
14.6	0.018176
14.6	0.01912
14.6	0.022312000000000002
14.6	0.025
14.6	0.026408000000000004
14.6	0.034367999999999996
14.6	0.056752000000000004
14.6	0.058176000000000005
14.799999999999999	0.007456
14.799999999999999	0.015920000000000004
14.799999999999999	0.018032000000000003
14.799999999999999	0.01904
14.799999999999999	0.02228
14.799999999999999	0.025
14.799999999999999	0.026488
14.799999999999999	0.034784
14.799999999999999	0.057584
14.799999999999999	0.05803200000000001
15.	0.007288000000000001
15.	0.015984
15.	0.01788
15.	0.018960000000000005
15.	0.022248
15.	0.025
15.	0.026576
15.	0.035192
15.	0.05788
15.	0.058416
15.2	0.0071200000000000005
15.2	0.016048
15.2	0.017736000000000002
15.2	0.018888000000000002
15.2	0.022216000000000003
15.2	0.025
15.2	0.026656000000000003
15.2	0.03560800000000001
15.2	0.05773600000000001
15.2	0.05925600000000001
15.399999999999999	0.006952
15.399999999999999	0.016120000000000002
15.399999999999999	0.017584000000000002
15.399999999999999	0.018808000000000002
15.399999999999999	0.022184000000000002
15.399999999999999	0.025
15.399999999999999	0.026744
15.399999999999999	0.036032
15.399999999999999	0.057584
15.399999999999999	0.060096000000000004
15.6	0.006776
15.6	0.016192
15.6	0.017424000000000002
15.6	0.018736000000000003
15.6	0.022151999999999998
15.6	0.025
15.6	0.026840000000000003
15.6	0.036456
15.6	0.05742400000000001
15.6	0.060936000000000004
15.799999999999999	0.006608000000000001
15.799999999999999	0.016272000000000002
15.799999999999999	0.017264
15.799999999999999	0.018656000000000002
15.799999999999999	0.02212
15.799999999999999	0.025
15.799999999999999	0.026935999999999998
15.799999999999999	0.03688
15.799999999999999	0.057264
15.799999999999999	0.06177600000000001
16.	0.006424000000000001
16.	0.016352
16.	0.017104
16.	0.018576000000000002
16.	0.022088000000000003
16.	0.025
16.	0.027032
16.	0.037312
16.	0.057104
16.	0.062624
16.2	0.006248000000000001
16.2	0.016432000000000002
16.2	0.016944
16.2	0.018504
16.2	0.022056000000000003
16.2	0.025
16.2	0.027128000000000003
16.2	0.037752
16.2	0.05694400000000001
16.2	0.063464
16.4	0.006064
16.4	0.01652
16.4	0.016776000000000003
16.4	0.018424000000000003
16.4	0.022024000000000002
16.4	0.025
16.4	0.027232
16.4	0.03818400000000001
16.4	0.05677600000000001
16.4	0.06431200000000001
16.599999999999998	0.0058720000000000005
16.599999999999998	0.016608
16.599999999999998	0.018352
16.599999999999998	0.021992
16.599999999999998	0.025
16.599999999999998	0.027336000000000006
16.599999999999998	0.03863200000000001
16.599999999999998	0.056600000000000004
16.599999999999998	0.06516000000000001
16.8	0.005688
16.8	0.016432000000000002
16.8	0.016696000000000003
16.8	0.018272000000000004
16.8	0.02196
16.8	0.025
16.8	0.02744
16.8	0.03907200000000001
16.8	0.056432
17.	0.005496000000000001
17.	0.016256000000000003
17.	0.016792
17.	0.0182
17.	0.021928
17.	0.025
17.	0.027552000000000004
17.	0.03952
17.	0.05625600000000001
17.2	0.005296
17.2	0.016072000000000003
17.2	0.016896
17.2	0.018128000000000002
17.2	0.021896000000000002
17.2	0.025
17.2	0.027664
17.2	0.039968000000000004
17.2	0.05607200000000001
17.4	0.005104
17.4	0.015888
17.4	0.017
17.4	0.018048
17.4	0.021864
17.4	0.025
17.4	0.027784000000000003
17.4	0.040424
17.4	0.05588800000000001
17.599999999999998	0.004904
17.599999999999998	0.015696
17.599999999999998	0.017104
17.599999999999998	0.017976000000000002
17.599999999999998	0.021832
17.599999999999998	0.025
17.599999999999998	0.027904
17.599999999999998	0.04088
17.599999999999998	0.055696
17.8	0.0046960000000000005
17.8	0.015504
17.8	0.017216000000000002
17.8	0.017896000000000002
17.8	0.0218
17.8	0.025
17.8	0.028024
17.8	0.041336
17.8	0.055504
18.	0.004488000000000001
18.	0.015312000000000003
18.	0.017328
18.	0.017824
18.	0.021768000000000003
18.	0.025
18.	0.028144000000000002
18.	0.041800000000000004
18.	0.05531200000000001
18.2	0.004280000000000001
18.2	0.015112
18.2	0.017448
18.2	0.017744000000000003
18.2	0.021736000000000002
18.2	0.025
18.2	0.028272000000000002
18.2	0.042256
18.2	0.05511200000000001
18.4	0.004072000000000001
18.4	0.014904
18.4	0.017568
18.4	0.017672000000000004
18.4	0.021712000000000002
18.4	0.025
18.4	0.0284
18.4	0.042728
18.4	0.05490400000000001
18.599999999999998	0.003856
18.599999999999998	0.014696
18.599999999999998	0.017600000000000005
18.599999999999998	0.021680000000000005
18.599999999999998	0.025
18.599999999999998	0.028536
18.599999999999998	0.043192
18.599999999999998	0.054696
18.8	0.00364
18.8	0.014480000000000002
18.8	0.01752
18.8	0.017824
18.8	0.021648
18.8	0.025
18.8	0.028672000000000003
18.8	0.043664
18.8	0.05448
19.	0.003416
19.	0.014264000000000002
19.	0.017448
19.	0.017968
19.	0.021616000000000003
19.	0.025
19.	0.028808
19.	0.044136
19.	0.054264
19.2	0.0031920000000000004
19.2	0.01404
19.2	0.017376000000000003
19.2	0.018104000000000002
19.2	0.021584000000000002
19.2	0.025
19.2	0.028952
19.2	0.044608
19.2	0.054040000000000005
19.4	0.002968
19.4	0.013816
19.4	0.017304
19.4	0.018248
19.4	0.021552
19.4	0.025
19.4	0.029096000000000004
19.4	0.04508
19.4	0.05381600000000001
19.599999999999998	0.002736
19.599999999999998	0.013576000000000001
19.599999999999998	0.017224
19.599999999999998	0.0184
19.599999999999998	0.021520000000000004
19.599999999999998	0.025
19.599999999999998	0.029248000000000003
19.599999999999998	0.04556
19.599999999999998	0.053576
19.8	0.002504
19.8	0.013344
19.8	0.017152
19.8	0.01856
19.8	0.021496
19.8	0.025
19.8	0.029392
19.8	0.046040000000000005
19.8	0.053344
20.	0.002272
20.	0.013096000000000002
20.	0.01708
20.	0.01872
20.	0.021464
20.	0.025
20.	0.029552000000000002
20.	0.046520000000000006
20.	0.05309600000000001
20.2	0.002032
20.2	0.012848000000000002
20.2	0.017008000000000002
20.2	0.018888000000000002
20.2	0.021432
20.2	0.025
20.2	0.029704
20.2	0.047
20.2	0.052848000000000006
20.4	0.0017920000000000002
20.4	0.012592
20.4	0.016928000000000006
20.4	0.019064
20.4	0.021400000000000002
20.4	0.025
20.4	0.029864
20.4	0.04748000000000001
20.4	0.05259200000000001
20.599999999999998	0.001544
20.599999999999998	0.012328000000000002
20.599999999999998	0.016856000000000003
20.599999999999998	0.019248
20.599999999999998	0.021368000000000005
20.599999999999998	0.025
20.599999999999998	0.030024000000000002
20.599999999999998	0.047968
20.599999999999998	0.052328000000000006
20.8	0.001296
20.8	0.012056
20.8	0.016784
20.8	0.019431999999999998
20.8	0.021344000000000002
20.8	0.025
20.8	0.030192000000000004
20.8	0.048456000000000006
20.8	0.052056000000000005
21.	0.0010479999999999999
21.	0.011784000000000001
21.	0.016711999999999998
21.	0.019624000000000003
21.	0.021312
21.	0.025
21.	0.030360000000000005
21.	0.048944
21.	0.05178400000000001
21.2	0.000792
21.2	0.011504
21.2	0.016640000000000002
21.2	0.019824
21.2	0.02128
21.2	0.025
21.2	0.030536
21.2	0.049432000000000004
21.2	0.05150400000000001
21.4	0.000536
21.4	0.011208000000000001
21.4	0.016568
21.4	0.020040000000000002
21.4	0.021256
21.4	0.025
21.4	0.030704000000000002
21.4	0.049920000000000006
21.4	0.051208
21.599999999999998	0.00028000000000000003
21.599999999999998	0.010912000000000002
21.599999999999998	0.016496
21.599999999999998	0.020256000000000003
21.599999999999998	0.021224
21.599999999999998	0.025
21.599999999999998	0.030888000000000006
21.599999999999998	0.050416
21.599999999999998	0.050912
21.8	0.010608000000000001
21.8	0.016424
21.8	0.02048
21.8	0.021192000000000003
21.8	0.025
21.8	0.031064
21.8	0.05060800000000001
21.8	0.050904000000000005
22.	0.010288000000000002
22.	0.016352
22.	0.020712
22.	0.02116
22.	0.025
22.	0.031248000000000005
22.	0.050288
22.	0.0514
22.2	0.00996
22.2	0.016280000000000003
22.2	0.02096
22.2	0.021136000000000002
22.2	0.025
22.2	0.031432
22.2	0.049960000000000004
22.2	0.051896
22.4	0.009624
22.4	0.0162
22.4	0.021104
22.4	0.021208
22.4	0.025
22.4	0.031624
22.4	0.049624
22.4	0.05239200000000001
22.599999999999998	0.00928
22.599999999999998	0.016136
22.599999999999998	0.021072
22.599999999999998	0.021472
22.599999999999998	0.025
22.599999999999998	0.031816
22.599999999999998	0.049280000000000004
22.599999999999998	0.052888000000000004
22.8	0.00892
22.8	0.016064000000000002
22.8	0.021048
22.8	0.021752000000000004
22.8	0.025
22.8	0.032016
22.8	0.048920000000000005
22.8	0.05338400000000001
23.	0.008552
23.	0.015992
23.	0.021016000000000003
23.	0.022040000000000004
23.	0.025
23.	0.03221600000000001
23.	0.048552
23.	0.053880000000000004
23.2	0.008168
23.2	0.015920000000000004
23.2	0.020984000000000003
23.2	0.022336
23.2	0.025
23.2	0.032416
23.2	0.048168
23.2	0.05438400000000001
23.4	0.007776000000000001
23.4	0.015848
23.4	0.02096
23.4	0.022656000000000003
23.4	0.025
23.4	0.032624
23.4	0.047776
23.4	0.054880000000000005
23.599999999999998	0.00736
23.599999999999998	0.015776000000000002
23.599999999999998	0.020928000000000002
23.599999999999998	0.022984
23.599999999999998	0.025
23.599999999999998	0.032832
23.599999999999998	0.04736
23.599999999999998	0.05538400000000001
23.8	0.006928000000000001
23.8	0.015704000000000003
23.8	0.020904000000000002
23.8	0.023336000000000003
23.8	0.025
23.8	0.03304
23.8	0.046928000000000004
23.8	0.05588800000000001
24.	0.0064800000000000005
24.	0.015632
24.	0.020872
24.	0.023704000000000003
24.	0.025
24.	0.033256
24.	0.04648000000000001
24.	0.05639200000000001
24.2	0.006008000000000001
24.2	0.015560000000000001
24.2	0.020840000000000004
24.2	0.024096000000000003
24.2	0.025
24.2	0.03348
24.2	0.04600800000000001
24.2	0.056896
24.4	0.005512
24.4	0.015488000000000002
24.4	0.020816
24.4	0.024504
24.4	0.025
24.4	0.033696000000000004
24.4	0.04551200000000001
24.4	0.05740000000000001
24.599999999999998	0.004992
24.599999999999998	0.015424000000000002
24.599999999999998	0.020784
24.599999999999998	0.025
24.599999999999998	0.033920000000000006
24.599999999999998	0.044992000000000004
24.599999999999998	0.05790400000000001
24.8	0.00444
24.8	0.015352000000000001
24.8	0.02076
24.8	0.025
24.8	0.025416
24.8	0.034152
24.8	0.04444000000000001
24.8	0.058408
25.	0.0038480000000000003
25.	0.015280000000000002
25.	0.020728000000000003
25.	0.025
25.	0.025928
25.	0.034384000000000005
25.	0.043848000000000005
25.	0.058912000000000006
25.2	0.003216
25.2	0.015208000000000003
25.2	0.020704
25.2	0.025
25.2	0.026480000000000004
25.2	0.034616
25.2	0.043216
25.2	0.059416000000000004
25.4	0.002528
25.4	0.015136000000000002
25.4	0.020672000000000003
25.4	0.025
25.4	0.02708
25.4	0.034856000000000005
25.4	0.042527999999999996
25.4	0.059928
25.599999999999998	0.001768
25.599999999999998	0.015072000000000002
25.599999999999998	0.020648
25.599999999999998	0.025
25.599999999999998	0.02776
25.599999999999998	0.035096
25.599999999999998	0.041768000000000007
25.599999999999998	0.06043200000000001
25.8	0.00092
25.8	0.015000000000000001
25.8	0.020616000000000002
25.8	0.025
25.8	0.028528000000000005
25.8	0.035336
25.8	0.040920000000000005
25.8	0.060936000000000004
26.	0.014928000000000002
26.	0.020592000000000003
26.	0.025
26.	0.029432000000000003
26.	0.035584000000000005
26.	0.039936000000000006
26.	0.061448
26.2	0.014863999999999999
26.2	0.020560000000000002
26.2	0.025
26.2	0.030560000000000004
26.2	0.035832
26.2	0.038720000000000004
26.2	0.06196
26.4	0.014792
26.4	0.020536000000000002
26.4	0.025
26.4	0.032240000000000005
26.4	0.036088
26.4	0.03696000000000001
26.4	0.062464000000000006
26.599999999999998	0.01472
26.599999999999998	0.020504
26.599999999999998	0.025
26.599999999999998	0.036344
26.599999999999998	0.062976
26.8	0.014655999999999999
26.8	0.02048
26.8	0.025
26.8	0.03660000000000001
26.8	0.06348000000000001
27.	0.014584000000000003
27.	0.020448
27.	0.025
27.	0.036864
27.	0.06399200000000001
27.2	0.014520000000000002
27.2	0.020424
27.2	0.025
27.2	0.037136
27.2	0.064504
27.4	0.014448000000000003
27.4	0.020392000000000004
27.4	0.025
27.4	0.0374
27.4	0.065016
27.6	0.014376
27.6	0.020368000000000004
27.6	0.025
27.6	0.037680000000000005
27.6	0.06552000000000001
27.8	0.014312000000000002
27.8	0.020344
27.8	0.025
27.8	0.037952
28.	0.014240000000000001
28.	0.020312000000000004
28.	0.025
28.	0.038232
28.2	0.014176
28.2	0.020288
28.2	0.025
28.2	0.03852
28.400000000000002	0.014104
28.400000000000002	0.020256000000000003
28.400000000000002	0.025
28.400000000000002	0.0388
28.6	0.01404
28.6	0.020232000000000003
28.6	0.025
28.6	0.039096000000000006
28.8	0.013975999999999999
28.8	0.020208
28.8	0.025
28.8	0.03938400000000001
29.	0.013904000000000003
29.	0.020176000000000003
29.	0.025
29.	0.03968000000000001
29.200000000000003	0.013840000000000002
29.200000000000003	0.020152000000000003
29.200000000000003	0.025
29.200000000000003	0.039984000000000006
29.400000000000002	0.013768000000000002
29.400000000000002	0.020128
29.400000000000002	0.025
29.400000000000002	0.040288000000000004
29.6	0.013704000000000003
29.6	0.020096000000000003
29.6	0.025
29.6	0.040592
29.8	0.013640000000000001
29.8	0.020072
29.8	0.025
29.8	0.04090400000000001
30.000000000000004	0.013568000000000002
30.000000000000004	0.020048
30.000000000000004	0.025
30.000000000000004	0.041216
30.2	0.013503999999999999
30.2	0.020016000000000003
30.2	0.025
30.2	0.041536000000000003
30.4	0.01344
30.4	0.019992000000000003
30.4	0.025
30.4	0.041856000000000004
30.599999999999998	0.013375999999999999
30.599999999999998	0.019968
30.599999999999998	0.025
30.599999999999998	0.042176000000000005
30.8	0.013304000000000002
30.8	0.019936000000000002
30.8	0.025
30.8	0.042504
31.	0.013240000000000002
31.	0.019912000000000003
31.	0.025
31.	0.04284
31.2	0.013176000000000002
31.2	0.019888
31.2	0.025
31.2	0.043168000000000005
31.4	0.013112000000000002
31.4	0.019864
31.4	0.025
31.4	0.04351200000000001
31.6	0.013040000000000001
31.6	0.019832000000000002
31.6	0.025
31.6	0.043848000000000005
31.8	0.012976000000000001
31.8	0.019808
31.8	0.025
31.8	0.044192
32.	0.012912000000000002
32.	0.019784000000000003
32.	0.025
32.	0.04454400000000001
32.2	0.012848000000000002
32.2	0.01976
32.2	0.025
32.2	0.044896000000000005
32.4	0.012784
32.4	0.019736000000000004
32.4	0.025
32.4	0.045248
32.6	0.01272
32.6	0.019704000000000003
32.6	0.025
32.6	0.045608
32.800000000000004	0.012656
32.800000000000004	0.019680000000000003
32.800000000000004	0.025
32.800000000000004	0.045976
33.	0.012592
33.	0.019656000000000003
33.	0.025
33.	0.04634400000000001
33.2	0.012528000000000001
33.2	0.019632000000000004
33.2	0.025
33.2	0.046712000000000004
33.400000000000006	0.012464000000000001
33.400000000000006	0.019608
33.400000000000006	0.025
33.400000000000006	0.047088000000000005
33.60000000000001	0.012400000000000001
33.60000000000001	0.019576000000000003
33.60000000000001	0.025
33.60000000000001	0.047464000000000006
33.800000000000004	0.012336000000000001
33.800000000000004	0.019552000000000003
33.800000000000004	0.025
33.800000000000004	0.04784000000000001
34.00000000000001	0.012272000000000002
34.00000000000001	0.019528
34.00000000000001	0.025
34.00000000000001	0.04823200000000001
34.2	0.012208
34.2	0.019504
34.2	0.025
34.2	0.048616000000000006
34.400000000000006	0.012144
34.400000000000006	0.019480000000000004
34.400000000000006	0.025
34.400000000000006	0.04900800000000001
34.6	0.01208
34.6	0.019456
34.6	0.025
34.6	0.049408
34.800000000000004	0.012016
34.800000000000004	0.019431999999999998
34.800000000000004	0.025
34.800000000000004	0.049808000000000005
35.00000000000001	0.011952
35.00000000000001	0.019408
35.00000000000001	0.025
35.00000000000001	0.05020800000000001
35.20000000000001	0.011888000000000001
35.20000000000001	0.019376
35.20000000000001	0.025
35.20000000000001	0.05061600000000001
35.400000000000006	0.011832
35.400000000000006	0.019352
35.400000000000006	0.025
35.400000000000006	0.05103200000000001
35.60000000000001	0.011768
35.60000000000001	0.019328
35.60000000000001	0.025
35.60000000000001	0.05144800000000001
35.800000000000004	0.011704
35.800000000000004	0.019304
35.800000000000004	0.025
35.800000000000004	0.051864
36.00000000000001	0.011640000000000001
36.00000000000001	0.01928
36.00000000000001	0.025
36.00000000000001	0.052288
36.2	0.011576
36.2	0.019256000000000002
36.2	0.025
36.2	0.05272
36.400000000000006	0.01152
36.400000000000006	0.019232000000000003
36.400000000000006	0.025
36.400000000000006	0.05315200000000001
36.6	0.011456000000000001
36.6	0.019208
36.6	0.025
36.6	0.05358400000000001
36.800000000000004	0.011392000000000001
36.800000000000004	0.019184
36.800000000000004	0.025
36.800000000000004	0.054024
37.	0.011336
37.	0.019160000000000003
37.	0.025
37.	0.054464
37.2	0.011272
37.2	0.019136
37.2	0.025
37.2	0.054912
37.400000000000006	0.011208000000000001
37.400000000000006	0.019112
37.400000000000006	0.025
37.400000000000006	0.05536800000000001
37.60000000000001	0.011152
37.60000000000001	0.019088
37.60000000000001	0.025
37.60000000000001	0.055824000000000006
37.800000000000004	0.011088
37.800000000000004	0.019064
37.800000000000004	0.025
37.800000000000004	0.056288000000000005
38.00000000000001	0.011024
38.00000000000001	0.01904
38.00000000000001	0.025
38.00000000000001	0.056752000000000004
38.2	0.010968000000000002
38.2	0.019016
38.2	0.025
38.2	0.057216
38.400000000000006	0.010904
38.400000000000006	0.018992000000000002
38.400000000000006	0.025
38.400000000000006	0.057696000000000004
38.6	0.010848
38.6	0.018968000000000002
38.6	0.025
38.6	0.058168
38.800000000000004	0.010784
38.800000000000004	0.018944000000000003
38.800000000000004	0.025
38.800000000000004	0.05865600000000001
39.00000000000001	0.010728
39.00000000000001	0.01892
39.00000000000001	0.025
39.00000000000001	0.05913600000000001
39.20000000000001	0.010664
39.20000000000001	0.018896000000000003
39.20000000000001	0.025
39.20000000000001	0.059632000000000004
39.400000000000006	0.010608000000000001
39.400000000000006	0.018872000000000003
39.400000000000006	0.025
39.400000000000006	0.060128
39.60000000000001	0.010544000000000001
39.60000000000001	0.018848
39.60000000000001	0.025
39.60000000000001	0.06062400000000001
39.800000000000004	0.010488
39.800000000000004	0.018824
39.800000000000004	0.025
39.800000000000004	0.061128
40.00000000000001	0.010424000000000001
40.00000000000001	0.018800000000000004
40.00000000000001	0.025
40.00000000000001	0.06164
40.2	0.010368
40.2	0.018784000000000002
40.2	0.025
40.2	0.062152000000000006
40.400000000000006	0.010312000000000002
40.400000000000006	0.01876
40.400000000000006	0.025
40.400000000000006	0.062672
40.60000000000001	0.010248000000000002
40.60000000000001	0.018736000000000003
40.60000000000001	0.025
40.60000000000001	0.0632
40.80000000000001	0.010192000000000001
40.80000000000001	0.018712
40.80000000000001	0.025
40.80000000000001	0.063728
41.00000000000001	0.010136000000000001
41.00000000000001	0.018688
41.00000000000001	0.025
41.00000000000001	0.06426400000000002
41.20000000000001	0.010072000000000001
41.20000000000001	0.018664
41.20000000000001	0.025
41.20000000000001	0.06480000000000001
41.400000000000006	0.010016
41.400000000000006	0.018640000000000004
41.400000000000006	0.025
41.400000000000006	0.065344
41.60000000000001	0.00996
41.60000000000001	0.018616
41.60000000000001	0.025
41.60000000000001	0.06589600000000001
41.800000000000004	0.009896
41.800000000000004	0.0186
41.800000000000004	0.025
42.00000000000001	0.009840000000000002
42.00000000000001	0.018576000000000002
42.00000000000001	0.025
42.2	0.009784000000000001
42.2	0.018552000000000003
42.2	0.025
42.400000000000006	0.009728
42.400000000000006	0.018528
42.400000000000006	0.025
42.6	0.009672000000000002
42.6	0.018504
42.6	0.025
42.800000000000004	0.009608000000000002
42.800000000000004	0.018480000000000003
42.800000000000004	0.025
43.00000000000001	0.009552000000000001
43.00000000000001	0.018464
43.00000000000001	0.025
43.20000000000001	0.009496000000000001
43.20000000000001	0.01844
43.20000000000001	0.025
43.400000000000006	0.00944
43.400000000000006	0.018416000000000002
43.400000000000006	0.025
43.60000000000001	0.009384
43.60000000000001	0.018392000000000002
43.60000000000001	0.025
43.800000000000004	0.009328
43.800000000000004	0.018368000000000002
43.800000000000004	0.025
44.00000000000001	0.009271999999999999
44.00000000000001	0.018352
44.00000000000001	0.025
44.2	0.009216
44.2	0.018328
44.2	0.025
44.400000000000006	0.009160000000000001
44.400000000000006	0.018304
44.400000000000006	0.025
44.60000000000001	0.009104000000000001
44.60000000000001	0.018280000000000005
44.60000000000001	0.025
44.80000000000001	0.009048
44.80000000000001	0.018264000000000002
44.80000000000001	0.025
45.00000000000001	0.008992000000000002
45.00000000000001	0.01824
45.00000000000001	0.025
45.20000000000001	0.008936000000000001
45.20000000000001	0.018216000000000003
45.20000000000001	0.025
45.400000000000006	0.00888
45.400000000000006	0.018192000000000003
45.400000000000006	0.025
45.60000000000001	0.008824000000000002
45.60000000000001	0.018176
45.60000000000001	0.025
45.800000000000004	0.008768000000000001
45.800000000000004	0.018152
45.800000000000004	0.025
46.00000000000001	0.008712000000000001
46.00000000000001	0.018128000000000002
46.00000000000001	0.025
46.2	0.008656
46.2	0.018104000000000002
46.2	0.025
46.400000000000006	0.0086
46.400000000000006	0.018088
46.400000000000006	0.025
46.6	0.008544000000000001
46.6	0.018064
46.6	0.025
46.800000000000004	0.008496
46.800000000000004	0.01804
46.800000000000004	0.025
47.00000000000001	0.008440000000000001
47.00000000000001	0.018024000000000002
47.00000000000001	0.025
47.20000000000001	0.008384
47.20000000000001	0.018000000000000002
47.20000000000001	0.025
47.400000000000006	0.008328
47.400000000000006	0.017976000000000002
47.400000000000006	0.025
47.60000000000001	0.008272000000000002
47.60000000000001	0.017960000000000004
47.60000000000001	0.025
47.800000000000004	0.008224
47.800000000000004	0.017936
47.800000000000004	0.025
48.00000000000001	0.008168
48.00000000000001	0.017912
48.00000000000001	0.025
48.2	0.008112
48.2	0.017896000000000002
48.2	0.025
48.400000000000006	0.008056
48.400000000000006	0.017872000000000002
48.400000000000006	0.025
48.60000000000001	0.008008
48.60000000000001	0.017856
48.60000000000001	0.025
48.80000000000001	0.007952
48.80000000000001	0.017832
48.80000000000001	0.025
49.00000000000001	0.007896
49.00000000000001	0.017808
49.00000000000001	0.025
49.20000000000001	0.007847999999999999
49.20000000000001	0.017792000000000002
49.20000000000001	0.025
49.400000000000006	0.007792
49.400000000000006	0.017768
49.400000000000006	0.025
49.60000000000001	0.007744000000000001
49.60000000000001	0.017752
49.60000000000001	0.025
49.800000000000004	0.007688
49.800000000000004	0.017728
49.800000000000004	0.025
50.00000000000001	0.007632000000000002
50.00000000000001	0.017704
50.00000000000001	0.025