1.	-0.024280000000000003
1.	-0.02276
1.	-0.02132
1.	-0.0198
1.	-0.01828
1.	-0.01676
1.	-0.0138
1.	-0.012280000000000001
1.	-0.01084
1.	-0.00932
1.	-0.00788
1.	-0.006440000000000001
1.	-0.005000000000000001
1.	-0.0035600000000000007
1.	-0.0021200000000000004
1.	-0.00068
1.	0.00068
1.	0.0021200000000000004
1.	0.0034800000000000005
1.	0.00484
1.	0.0061200000000000004
1.	0.0074800000000000005
1.	0.011240000000000002
1.	0.01588
1.	0.01692
1.	0.0198
1.	0.02516
1.	0.026520000000000002
1.	0.09732
1.	0.0994
1.	0.10060000000000001
1.	0.10284000000000001
1.	0.10460000000000001
1.	0.10652000000000002
1.	0.10868000000000003
1.	0.10972000000000001
1.	0.11572
1.	0.117
1.	0.11828000000000001
1.	0.11956000000000003
1.	0.12220000000000002
1.	0.12356000000000003
1.	0.12492
1.	0.12628
1.	0.12772
1.	0.12908000000000003
1.	0.13052000000000002
1.	0.13188000000000002
1.	0.13332000000000002
1.	0.13476000000000002
1.	0.13620000000000002
1.	0.13908
1.	0.14052000000000003
1.	0.14196000000000003
1.	0.14340000000000003
1.	0.14492
1.	0.14636
1.	0.14780000000000001
1.05	-0.023880000000000002
1.05	-0.02228
1.05	-0.02068
1.05	-0.019080000000000003
1.05	-0.017480000000000002
1.05	-0.01596
1.05	-0.014360000000000001
1.05	-0.012760000000000002
1.05	-0.009720000000000001
1.05	-0.00812
1.05	-0.0066
1.05	-0.005080000000000001
1.05	-0.0035600000000000007
1.05	-0.0021200000000000004
1.05	-0.0005999999999999998
1.05	0.0008399999999999994
1.05	0.002360000000000001
1.05	0.0037199999999999998
1.05	0.0066
1.05	0.009240000000000002
1.05	0.010600000000000002
1.05	0.011880000000000002
1.05	0.013080000000000001
1.05	0.01548
1.05	0.0166
1.05	0.0206
1.05	0.023000000000000003
1.05	0.025
1.05	0.02652
1.05	0.0974
1.05	0.1014
1.05	0.10220000000000001
1.05	0.10300000000000002
1.05	0.10700000000000001
1.05	0.11412
1.05	0.11540000000000002
1.05	0.11676000000000002
1.05	0.11940000000000002
1.05	0.12220000000000002
1.05	0.12508000000000002
1.05	0.12652000000000002
1.05	0.12796000000000002
1.05	0.12948
1.05	0.13092
1.05	0.13244000000000003
1.05	0.13388000000000003
1.05	0.13540000000000002
1.05	0.13692000000000001
1.05	0.13996000000000003
1.05	0.14148
1.05	0.14300000000000002
1.05	0.14452000000000004
1.05	0.14916000000000001
1.1	-0.024600000000000004
1.1	-0.022920000000000003
1.1	-0.01964
1.1	-0.01796
1.1	-0.01628
1.1	-0.014680000000000002
1.1	-0.013000000000000001
1.1	-0.0114
1.1	-0.009720000000000001
1.1	-0.00812
1.1	-0.006520000000000001
1.1	-0.004920000000000001
1.1	-0.00332
1.1	-0.0018000000000000013
1.1	-0.00020000000000000052
1.1	0.0013200000000000004
1.1	0.0028400000000000014
1.1	0.004280000000000001
1.1	0.0058
1.1	0.00724
1.1	0.00868
1.1	0.010040000000000002
1.1	0.0114
1.1	0.01268
1.1	0.018600000000000002
1.1	0.0206
1.1	0.025
1.1	0.02612
1.1	0.026520000000000002
1.1	0.09763999999999999
1.1	0.1014
1.1	0.10220000000000001
1.1	0.10308000000000002
1.1	0.1062
1.1	0.11091999999999999
1.1	0.11220000000000001
1.1	0.11348000000000003
1.1	0.11620000000000001
1.1	0.11908
1.1	0.12052
1.1	0.12196
1.1	0.12348000000000003
1.1	0.12492
1.1	0.12796000000000002
1.1	0.12956000000000004
1.1	0.13108000000000003
1.1	0.1326
1.1	0.1342
1.1	0.13580000000000003
1.1	0.13732000000000003
1.1	0.13892000000000002
1.1	0.14052000000000003
1.1	0.14212
1.1	0.14372000000000001
1.1	0.14532000000000003
1.1	0.14700000000000002
1.1	0.1486
1.15	-0.02332
1.15	-0.021560000000000003
1.15	-0.0198
1.15	-0.01812
1.15	-0.01636
1.15	-0.014600000000000002
1.15	-0.012920000000000001
1.15	-0.01124
1.15	-0.00948
1.15	-0.0078
1.15	-0.0061200000000000004
1.15	-0.00452
1.15	-0.0028399999999999996
1.15	-0.0012400000000000015
1.15	0.0004399999999999994
1.15	0.00204
1.15	0.00356
1.15	0.00516
1.15	0.00668
1.15	0.008120000000000002
1.15	0.00964
1.15	0.011
1.15	0.012440000000000001
1.15	0.0138
1.15	0.015080000000000003
1.15	0.018680000000000002
1.15	0.01972
1.15	0.025
1.15	0.02636
1.15	0.09756000000000001
1.15	0.09796
1.15	0.10220000000000001
1.15	0.10316000000000003
1.15	0.10411999999999999
1.15	0.10748000000000002
1.15	0.10876000000000001
1.15	0.11132000000000002
1.15	0.11268000000000003
1.15	0.11548000000000003
1.15	0.11692
1.15	0.11844000000000002
1.15	0.11988000000000001
1.15	0.12148000000000003
1.15	0.12300000000000001
1.15	0.12452
1.15	0.12612
1.15	0.12772
1.15	0.12932000000000002
1.15	0.13092
1.15	0.1326
1.15	0.1342
1.15	0.13588000000000003
1.15	0.13748
1.15	0.13916
1.15	0.14084000000000002
1.15	0.14252000000000004
1.15	0.1442
1.15	0.14588
1.15	0.14756000000000002
1.2	-0.02332
1.2	-0.021560000000000003
1.2	-0.01972
1.2	-0.01796
1.2	-0.016120000000000002
1.2	-0.014360000000000001
1.2	-0.01252
1.2	-0.010760000000000002
1.2	-0.009000000000000001
1.2	-0.007240000000000001
1.2	-0.0054800000000000005
1.2	-0.0037199999999999998
1.2	-0.002040000000000001
1.2	-0.00036000000000000024
1.2	0.0013200000000000004
1.2	0.003000000000000001
1.2	0.0046
1.2	0.006200000000000001
1.2	0.007799999999999998
1.2	0.009320000000000002
1.2	0.010839999999999999
1.2	0.01228
1.2	0.013640000000000003
1.2	0.015000000000000003
1.2	0.019880000000000002
1.2	0.025
1.2	0.02612
1.2	0.026520000000000002
1.2	0.09732
1.2	0.10308000000000002
1.2	0.10892000000000002
1.2	0.11028
1.2	0.11308
1.2	0.11452000000000002
1.2	0.11604
1.2	0.11756000000000003
1.2	0.11908
1.2	0.12068000000000001
1.2	0.12228000000000001
1.2	0.12388000000000002
1.2	0.12548
1.2	0.12716
1.2	0.12884
1.2	0.13052000000000002
1.2	0.1322
1.2	0.13396000000000002
1.2	0.13564
1.2	0.13740000000000002
1.2	0.13908
1.2	0.14084000000000002
1.2	0.1426
1.2	0.14436
1.2	0.14612
1.2	0.14788
1.2	0.14964000000000002
1.25	-0.02308
1.25	-0.021240000000000002
1.25	-0.019320000000000004
1.25	-0.017480000000000002
1.25	-0.015560000000000001
1.25	-0.013720000000000001
1.25	-0.01188
1.25	-0.01004
1.25	-0.0082
1.25	-0.006360000000000001
1.25	-0.00452
1.25	-0.0027599999999999994
1.25	-0.0010000000000000009
1.25	0.0007599999999999996
1.25	0.00252
1.25	0.004200000000000001
1.25	0.00588
1.25	0.007560000000000001
1.25	0.00916
1.25	0.010680000000000002
1.25	0.012199999999999999
1.25	0.013640000000000003
1.25	0.015080000000000003
1.25	0.01644
1.25	0.01772
1.25	0.01892
1.25	0.02012
1.25	0.023000000000000003
1.25	0.025
1.25	0.02604
1.25	0.02628
1.25	0.0974
1.25	0.09884
1.25	0.10020000000000001
1.25	0.10100000000000002
1.25	0.10292000000000004
1.25	0.10900000000000001
1.25	0.11036000000000001
1.25	0.11180000000000001
1.25	0.11332000000000002
1.25	0.11484000000000001
1.25	0.11636000000000002
1.25	0.11796
1.25	0.11964000000000001
1.25	0.12124000000000001
1.25	0.12292
1.25	0.1246
1.25	0.12636000000000003
1.25	0.12812
1.25	0.12980000000000003
1.25	0.13164
1.25	0.13340000000000002
1.25	0.13516
1.25	0.13692000000000001
1.25	0.13876000000000002
1.25	0.1406
1.25	0.14236
1.25	0.1442
1.25	0.14604
1.25	0.14788
1.3	-0.024520000000000004
1.3	-0.022600000000000002
1.3	-0.0206
1.3	-0.018680000000000002
1.3	-0.01668
1.3	-0.01476
1.3	-0.01284
1.3	-0.010920000000000001
1.3	-0.009000000000000001
1.3	-0.00708
1.3	-0.005160000000000001
1.3	-0.00332
1.3	-0.00148
1.3	0.0003599999999999992
1.3	0.0022000000000000006
1.3	0.003960000000000001
1.3	0.005719999999999999
1.3	0.0074
1.3	0.009080000000000001
1.3	0.010680000000000002
1.3	0.01228
1.3	0.0138
1.3	0.01524
1.3	0.01668
1.3	0.025
1.3	0.02644
1.3	0.09748
1.3	0.10268000000000002
1.3	0.10380000000000002
1.3	0.10500000000000001
1.3	0.1062
1.3	0.10756000000000002
1.3	0.10892000000000002
1.3	0.11036000000000001
1.3	0.11188000000000002
1.3	0.11340000000000001
1.3	0.115
1.3	0.11668000000000003
1.3	0.11836000000000002
1.3	0.12004000000000001
1.3	0.12172000000000001
1.3	0.12348000000000003
1.3	0.12524000000000002
1.3	0.12708000000000003
1.3	0.12884
1.3	0.13068
1.3	0.13252000000000003
1.3	0.13436
1.3	0.13628
1.3	0.13812
1.3	0.14004000000000003
1.3	0.14188000000000003
1.3	0.14380000000000004
1.3	0.14572000000000002
1.3	0.14756000000000002
1.3	0.14948
1.35	-0.0238
1.35	-0.02172
1.35	-0.01972
1.35	-0.017640000000000003
1.35	-0.01564
1.35	-0.013640000000000003
1.35	-0.011640000000000001
1.35	-0.009640000000000001
1.35	-0.007640000000000001
1.35	-0.005640000000000002
1.35	-0.0037199999999999998
1.35	-0.0018000000000000013
1.35	0.00012000000000000067
1.35	0.00196
1.35	0.0037999999999999996
1.35	0.005639999999999999
1.35	0.0074
1.35	0.009160000000000001
1.35	0.010839999999999999
1.35	0.012440000000000001
1.35	0.01404
1.35	0.017
1.35	0.025
1.35	0.026600000000000002
1.35	0.0974
1.35	0.10132000000000001
1.35	0.10348000000000002
1.35	0.10468000000000002
1.35	0.10732000000000001
1.35	0.10876000000000001
1.35	0.11028
1.35	0.11188000000000002
1.35	0.11348000000000003
1.35	0.11508
1.35	0.11676000000000002
1.35	0.11852
1.35	0.12028000000000001
1.35	0.12212
1.35	0.12388000000000002
1.35	0.12572
1.35	0.12764000000000003
1.35	0.12948
1.35	0.13140000000000002
1.35	0.13332000000000002
1.35	0.13524000000000003
1.35	0.13716
1.35	0.13916
1.35	0.14108
1.35	0.14308
1.35	0.14500000000000002
1.35	0.14700000000000002
1.35	0.14900000000000002
1.4	-0.02484
1.4	-0.02268
1.4	-0.0206
1.4	-0.01844
1.4	-0.01636
1.4	-0.014280000000000001
1.4	-0.0122
1.4	-0.01012
1.4	-0.008040000000000002
1.4	-0.006040000000000001
1.4	-0.00396
1.4	-0.001960000000000001
1.4	-0.00003999999999999906
1.4	0.00196
1.4	0.0038799999999999993
1.4	0.005719999999999999
1.4	0.007559999999999997
1.4	0.009320000000000002
1.4	0.01108
1.4	0.01276
1.4	0.014439999999999998
1.4	0.017400000000000002
1.4	0.02012
1.4	0.025
1.4	0.026520000000000002
1.4	0.09748
1.4	0.10100000000000002
1.4	0.10316000000000003
1.4	0.10708000000000002
1.4	0.10852000000000002
1.4	0.11004
1.4	0.11164
1.4	0.11332000000000002
1.4	0.11508
1.4	0.11684000000000001
1.4	0.11860000000000001
1.4	0.12044000000000002
1.4	0.12228000000000001
1.4	0.12420000000000002
1.4	0.12612
1.4	0.12804000000000001
1.4	0.13004000000000002
1.4	0.13196000000000002
1.4	0.13396000000000002
1.4	0.13596000000000003
1.4	0.13796000000000003
1.4	0.14004000000000003
1.4	0.14204
1.4	0.14412
1.4	0.14612
1.4	0.1482
1.45	-0.02356
1.45	-0.02132
1.45	-0.019160000000000003
1.45	-0.01692
1.45	-0.01476
1.45	-0.0126
1.45	-0.010440000000000001
1.45	-0.008360000000000001
1.45	-0.006200000000000001
1.45	-0.00412
1.45	-0.00204
1.45	-0.00003999999999999906
1.45	0.00204
1.45	0.003960000000000001
1.45	0.00596
1.45	0.007799999999999998
1.45	0.00972
1.45	0.01148
1.45	0.013239999999999998
1.45	0.014840000000000002
1.45	0.01644
1.45	0.01932
1.45	0.0206
1.45	0.0218
1.45	0.0238
1.45	0.025
1.45	0.0262
1.45	0.0974
1.45	0.10052000000000001
1.45	0.10268000000000002
1.45	0.10668000000000002
1.45	0.1082
1.45	0.10972000000000001
1.45	0.11140000000000001
1.45	0.11308
1.45	0.11484000000000001
1.45	0.11668000000000003
1.45	0.11852
1.45	0.12044000000000002
1.45	0.12236000000000002
1.45	0.12436000000000003
1.45	0.12636000000000003
1.45	0.12836000000000003
1.45	0.13036000000000003
1.45	0.13244000000000003
1.45	0.13452000000000003
1.45	0.1366
1.45	0.13868
1.45	0.14076000000000002
1.45	0.14284000000000002
1.45	0.14500000000000002
1.45	0.14708000000000002
1.45	0.14923999999999998
1.5	-0.0242
1.5	-0.021880000000000004
1.5	-0.01964
1.5	-0.0174
1.5	-0.015160000000000002
1.5	-0.012920000000000001
1.5	-0.01068
1.5	-0.00844
1.5	-0.006280000000000001
1.5	-0.00412
1.5	-0.001960000000000001
1.5	0.00012000000000000067
1.5	0.0022000000000000006
1.5	0.004280000000000001
1.5	0.006280000000000001
1.5	0.008200000000000002
1.5	0.01012
1.5	0.011959999999999998
1.5	0.01372
1.5	0.0154
1.5	0.017
1.5	0.018520000000000002
1.5	0.0234
1.5	0.025
1.5	0.026600000000000002
1.5	0.0974
1.5	0.09860000000000001
1.5	0.0994
1.5	0.10108000000000002
1.5	0.10220000000000001
1.5	0.1034
1.5	0.1062
1.5	0.10772000000000001
1.5	0.10932000000000001
1.5	0.111
1.5	0.11276000000000001
1.5	0.11460000000000002
1.5	0.11644000000000002
1.5	0.11836000000000002
1.5	0.12036000000000002
1.5	0.12236000000000002
1.5	0.12436000000000003
1.5	0.12644000000000002
1.5	0.12852000000000002
1.5	0.1306
1.5	0.13268
1.5	0.13484000000000002
1.5	0.137
1.5	0.13916
1.5	0.14132000000000003
1.5	0.14356000000000002
1.5	0.14572000000000002
1.5	0.14796000000000004
1.5499999999999998	-0.02468
1.5499999999999998	-0.02236
1.5499999999999998	-0.020040000000000002
1.5499999999999998	-0.017720000000000003
1.5499999999999998	-0.01532
1.5499999999999998	-0.01308
1.5499999999999998	-0.010760000000000002
1.5499999999999998	-0.00844
1.5499999999999998	-0.006200000000000001
1.5499999999999998	-0.00396
1.5499999999999998	-0.0017200000000000015
1.5499999999999998	0.0004399999999999994
1.5499999999999998	0.0026
1.5499999999999998	0.00468
1.5499999999999998	0.00676
1.5499999999999998	0.008760000000000002
1.5499999999999998	0.010680000000000002
1.5499999999999998	0.0126
1.5499999999999998	0.014359999999999998
1.5499999999999998	0.016120000000000002
1.5499999999999998	0.01772
1.5499999999999998	0.0206
1.5499999999999998	0.02188
1.5499999999999998	0.023000000000000003
1.5499999999999998	0.025
1.5499999999999998	0.026600000000000002
1.5499999999999998	0.0974
1.5499999999999998	0.10052000000000001
1.5499999999999998	0.10284000000000001
1.5499999999999998	0.10411999999999999
1.5499999999999998	0.10716
1.5499999999999998	0.10876000000000001
1.5499999999999998	0.11052000000000002
1.5499999999999998	0.11228
1.5499999999999998	0.11420000000000001
1.5499999999999998	0.11612
1.5499999999999998	0.11804
1.5499999999999998	0.12004000000000001
1.5499999999999998	0.12212
1.5499999999999998	0.12420000000000002
1.5499999999999998	0.12636000000000003
1.5499999999999998	0.12852000000000002
1.5499999999999998	0.13068
1.5499999999999998	0.13284
1.5499999999999998	0.13508000000000003
1.5499999999999998	0.13732000000000003
1.5499999999999998	0.13956000000000002
1.5499999999999998	0.14180000000000004
1.5499999999999998	0.14404
1.5499999999999998	0.14636
1.5499999999999998	0.1486
1.6	-0.02268
1.6	-0.020200000000000003
1.6	-0.017800000000000003
1.6	-0.0154
1.6	-0.013000000000000001
1.6	-0.01068
1.6	-0.008280000000000001
1.6	-0.005960000000000002
1.6	-0.00364
1.6	-0.0014000000000000002
1.6	0.0008399999999999994
1.6	0.0030800000000000007
1.6	0.00524
1.6	0.00732
1.6	0.009400000000000002
1.6	0.0114
1.6	0.013319999999999999
1.6	0.015160000000000003
1.6	0.01684
1.6	0.01844
1.6	0.02132
1.6	0.02252
1.6	0.025
1.6	0.02628
1.6	0.09756000000000001
1.6	0.10100000000000002
1.6	0.10220000000000001
1.6	0.10324
1.6	0.10492000000000001
1.6	0.10652000000000002
1.6	0.10812
1.6	0.10988000000000002
1.6	0.11172
1.6	0.11364
1.6	0.11556000000000002
1.6	0.11764000000000001
1.6	0.11972000000000001
1.6	0.1218
1.6	0.12396
1.6	0.12612
1.6	0.12836000000000003
1.6	0.1306
1.6	0.13292
1.6	0.13516
1.6	0.13748
1.6	0.13980000000000004
1.6	0.14212
1.6	0.14444
1.6	0.14676000000000003
1.6	0.14908000000000002
1.6500000000000001	-0.02276
1.6500000000000001	-0.02028
1.6500000000000001	-0.017800000000000003
1.6500000000000001	-0.01532
1.6500000000000001	-0.01284
1.6500000000000001	-0.010440000000000001
1.6500000000000001	-0.007959999999999998
1.6500000000000001	-0.00556
1.6500000000000001	-0.0032400000000000007
1.6500000000000001	-0.0008400000000000005
1.6500000000000001	0.00148
1.6500000000000001	0.0037199999999999998
1.6500000000000001	0.00596
1.6500000000000001	0.008120000000000002
1.6500000000000001	0.0102
1.6500000000000001	0.012199999999999999
1.6500000000000001	0.01412
1.6500000000000001	0.015960000000000002
1.6500000000000001	0.01772
1.6500000000000001	0.01932
1.6500000000000001	0.025
1.6500000000000001	0.026520000000000002
1.6500000000000001	0.09748
1.6500000000000001	0.0982
1.6500000000000001	0.09932
1.6500000000000001	0.10284000000000001
1.6500000000000001	0.1042
1.6500000000000001	0.10580000000000002
1.6500000000000001	0.10740000000000001
1.6500000000000001	0.10916000000000001
1.6500000000000001	0.11108
1.6500000000000001	0.113
1.6500000000000001	0.115
1.6500000000000001	0.11708
1.6500000000000001	0.11916
1.6500000000000001	0.12132000000000003
1.6500000000000001	0.12356000000000003
1.6500000000000001	0.12580000000000002
1.6500000000000001	0.12812
1.6500000000000001	0.13044000000000003
1.6500000000000001	0.13276000000000002
1.6500000000000001	0.13508000000000003
1.6500000000000001	0.13748
1.6500000000000001	0.13988000000000003
1.6500000000000001	0.14228000000000002
1.6500000000000001	0.14468
1.6500000000000001	0.14708000000000002
1.6500000000000001	0.14948
1.7000000000000002	-0.02276
1.7000000000000002	-0.020200000000000003
1.7000000000000002	-0.017640000000000003
1.7000000000000002	-0.01508
1.7000000000000002	-0.01252
1.7000000000000002	-0.01004
1.7000000000000002	-0.007560000000000001
1.7000000000000002	-0.005080000000000001
1.7000000000000002	-0.0026
1.7000000000000002	-0.00020000000000000052
1.7000000000000002	0.0021200000000000004
1.7000000000000002	0.0044399999999999995
1.7000000000000002	0.0067599999999999995
1.7000000000000002	0.00892
1.7000000000000002	0.01108
1.7000000000000002	0.013080000000000001
1.7000000000000002	0.015080000000000003
1.7000000000000002	0.01684
1.7000000000000002	0.018600000000000002
1.7000000000000002	0.0202
1.7000000000000002	0.025
1.7000000000000002	0.026680000000000002
1.7000000000000002	0.09748
1.7000000000000002	0.10203999999999999
1.7000000000000002	0.1034
1.7000000000000002	0.10500000000000001
1.7000000000000002	0.10660000000000001
1.7000000000000002	0.10836000000000001
1.7000000000000002	0.11028
1.7000000000000002	0.11220000000000001
1.7000000000000002	0.11428
1.7000000000000002	0.11636000000000002
1.7000000000000002	0.11852
1.7000000000000002	0.12076000000000002
1.7000000000000002	0.12300000000000001
1.7000000000000002	0.12532000000000001
1.7000000000000002	0.12772
1.7000000000000002	0.13004000000000002
1.7000000000000002	0.13244
1.7000000000000002	0.13492
1.7000000000000002	0.13732000000000003
1.7000000000000002	0.13980000000000004
1.7000000000000002	0.14228000000000002
1.7000000000000002	0.14476000000000003
1.7000000000000002	0.14723999999999998
1.75	-0.022600000000000002
1.75	-0.019960000000000002
1.75	-0.017320000000000002
1.75	-0.014680000000000002
1.75	-0.01212
1.75	-0.00948
1.75	-0.006920000000000001
1.75	-0.00444
1.75	-0.001880000000000001
1.75	0.0005999999999999998
1.75	0.003000000000000001
1.75	0.00532
1.75	0.0076399999999999975
1.75	0.00988
1.75	0.012039999999999999
1.75	0.01412
1.75	0.016040000000000002
1.75	0.01788
1.75	0.02108
1.75	0.025
1.75	0.026600000000000002
1.75	0.09748
1.75	0.10020000000000001
1.75	0.10132000000000001
1.75	0.10260000000000001
1.75	0.10332000000000001
1.75	0.10572000000000001
1.75	0.10748000000000002
1.75	0.10940000000000001
1.75	0.11132000000000002
1.75	0.11340000000000001
1.75	0.11556000000000002
1.75	0.1178
1.75	0.12004000000000001
1.75	0.12236000000000002
1.75	0.12476000000000001
1.75	0.12716
1.75	0.12956000000000004
1.75	0.13204
1.75	0.13452000000000003
1.75	0.13708000000000004
1.75	0.13956000000000002
1.75	0.14212
1.75	0.14468
1.75	0.14723999999999998
1.8	-0.02228
1.8	-0.01956
1.8	-0.01684
1.8	-0.0142
1.8	-0.01148
1.8	-0.00884
1.8	-0.006200000000000001
1.8	-0.003640000000000001
1.8	-0.0010000000000000009
1.8	0.00148
1.8	0.00396
1.8	0.00636
1.8	0.00868
1.8	0.011
1.8	0.013160000000000002
1.8	0.01516
1.8	0.01708
1.8	0.01892
1.8	0.02052
1.8	0.025
1.8	0.026680000000000002
1.8	0.09763999999999999
1.8	0.09868000000000002
1.8	0.10052000000000001
1.8	0.10180000000000002
1.8	0.10324
1.8	0.10652000000000002
1.8	0.10844000000000001
1.8	0.11036000000000001
1.8	0.11244000000000003
1.8	0.11468000000000003
1.8	0.11692
1.8	0.11924000000000001
1.8	0.12156000000000003
1.8	0.12404000000000001
1.8	0.12644
1.8	0.129
1.8	0.13147999999999999
1.8	0.13404
1.8	0.1366
1.8	0.13924000000000003
1.8	0.14188000000000003
1.8	0.14444
1.8	0.14708000000000002
1.85	-0.024600000000000004
1.85	-0.0218
1.85	-0.019000000000000003
1.85	-0.01628
1.85	-0.01348
1.85	-0.010760000000000002
1.85	-0.00804
1.85	-0.00532
1.85	-0.0026799999999999997
1.85	-0.00003999999999999906
1.85	0.00252
1.85	0.0050799999999999994
1.85	0.0074800000000000005
1.85	0.00988
1.85	0.012119999999999999
1.85	0.014280000000000001
1.85	0.016360000000000003
1.85	0.0182
1.85	0.022920000000000003
1.85	0.025
1.85	0.0258
1.85	0.026600000000000002
1.85	0.09860000000000001
1.85	0.09980000000000001
1.85	0.10092000000000004
1.85	0.10228000000000001
1.85	0.10348000000000002
1.85	0.10556000000000001
1.85	0.10740000000000001
1.85	0.10932000000000001
1.85	0.11140000000000001
1.85	0.11364
1.85	0.11588000000000002
1.85	0.11828000000000001
1.85	0.12068000000000001
1.85	0.12316
1.85	0.12564000000000003
1.85	0.12820000000000004
1.85	0.13084
1.85	0.13340000000000002
1.85	0.13604
1.85	0.13876000000000002
1.85	0.14140000000000003
1.85	0.14412
1.85	0.14684000000000003
1.85	0.14956000000000003
1.9000000000000001	-0.024120000000000003
1.9000000000000001	-0.021240000000000002
1.9000000000000001	-0.01836
1.9000000000000001	-0.015480000000000002
1.9000000000000001	-0.012680000000000002
1.9000000000000001	-0.00988
1.9000000000000001	-0.00708
1.9000000000000001	-0.004280000000000001
1.9000000000000001	-0.00156
1.9000000000000001	0.001079999999999999
1.9000000000000001	0.0037199999999999998
1.9000000000000001	0.006280000000000001
1.9000000000000001	0.00876
1.9000000000000001	0.01108
1.9000000000000001	0.013399999999999999
1.9000000000000001	0.015560000000000001
1.9000000000000001	0.01756
1.9000000000000001	0.0194
1.9000000000000001	0.02108
1.9000000000000001	0.0226
1.9000000000000001	0.0238
1.9000000000000001	0.025
1.9000000000000001	0.026680000000000002
1.9000000000000001	0.09756000000000001
1.9000000000000001	0.10012000000000001
1.9000000000000001	0.1014
1.9000000000000001	0.1034
1.9000000000000001	0.10628
1.9000000000000001	0.1082
1.9000000000000001	0.11028
1.9000000000000001	0.11252000000000002
1.9000000000000001	0.11476000000000001
1.9000000000000001	0.11716
1.9000000000000001	0.11964000000000001
1.9000000000000001	0.12212
1.9000000000000001	0.12467999999999999
1.9000000000000001	0.12732000000000002
1.9000000000000001	0.12996000000000002
1.9000000000000001	0.13268
1.9000000000000001	0.13540000000000002
1.9000000000000001	0.13812
1.9000000000000001	0.14084000000000002
1.9000000000000001	0.14364000000000002
1.9000000000000001	0.14636
1.9000000000000001	0.14916000000000001
1.9500000000000002	-0.0234
1.9500000000000002	-0.020440000000000003
1.9500000000000002	-0.017480000000000002
1.9500000000000002	-0.014600000000000002
1.9500000000000002	-0.011640000000000001
1.9500000000000002	-0.00876
1.9500000000000002	-0.005960000000000002
1.9500000000000002	-0.0031600000000000005
1.9500000000000002	-0.00036000000000000024
1.9500000000000002	0.002360000000000001
1.9500000000000002	0.004999999999999999
1.9500000000000002	0.007559999999999997
1.9500000000000002	0.010040000000000002
1.9500000000000002	0.012440000000000001
1.9500000000000002	0.014679999999999999
1.9500000000000002	0.01684
1.9500000000000002	0.01884
1.9500000000000002	0.0206
1.9500000000000002	0.0222
1.9500000000000002	0.025
1.9500000000000002	0.02652
1.9500000000000002	0.09748000000000001
1.9500000000000002	0.09852000000000001
1.9500000000000002	0.09924000000000001
1.9500000000000002	0.10180000000000002
1.9500000000000002	0.1034
1.9500000000000002	0.10516
1.9500000000000002	0.10700000000000001
1.9500000000000002	0.10908000000000002
1.9500000000000002	0.11124
1.9500000000000002	0.11356000000000002
1.9500000000000002	0.11596000000000002
1.9500000000000002	0.11844000000000002
1.9500000000000002	0.12100000000000001
1.9500000000000002	0.12364000000000001
1.9500000000000002	0.12628
1.9500000000000002	0.129
1.9500000000000002	0.13172
1.9500000000000002	0.13452000000000003
1.9500000000000002	0.13732000000000003
1.9500000000000002	0.14012
1.9500000000000002	0.14300000000000002
1.9500000000000002	0.1458
1.9500000000000002	0.14868
2.	-0.022520000000000002
2.	-0.01956
2.	-0.01652
2.	-0.013560000000000003
2.	-0.010520000000000002
2.	-0.007640000000000001
2.	-0.00468
2.	-0.0018000000000000013
2.	0.0009999999999999992
2.	0.0037199999999999998
2.	0.0064399999999999995
2.	0.009000000000000001
2.	0.01148
2.	0.013879999999999998
2.	0.016120000000000002
2.	0.0182
2.	0.02004
2.	0.02172
2.	0.025
2.	0.026520000000000002
2.	0.09764000000000002
2.	0.10228000000000001
2.	0.10356000000000001
2.	0.10580000000000002
2.	0.10780000000000002
2.	0.10996000000000002
2.	0.11228
2.	0.11468000000000003
2.	0.11716
2.	0.1198
2.	0.12244000000000002
2.	0.12516
2.	0.12788000000000002
2.	0.13068
2.	0.13356
2.	0.13636
2.	0.13924
2.	0.1422
2.	0.14508000000000001
2.	0.14804
2.05	-0.02468
2.05	-0.021560000000000003
2.05	-0.01844
2.05	-0.0154
2.05	-0.012280000000000001
2.05	-0.00932
2.05	-0.006280000000000001
2.05	-0.00332
2.05	-0.0004400000000000001
2.05	0.0024400000000000003
2.05	0.00524
2.05	0.007959999999999998
2.05	0.010520000000000002
2.05	0.013000000000000001
2.05	0.01532
2.05	0.017560000000000003
2.05	0.02132
2.05	0.025
2.05	0.026760000000000003
2.05	0.09764000000000002
2.05	0.10276
2.05	0.10356000000000001
2.05	0.10452000000000002
2.05	0.10652000000000002
2.05	0.10860000000000002
2.05	0.11091999999999999
2.05	0.11332000000000002
2.05	0.11580000000000001
2.05	0.11844000000000002
2.05	0.12108000000000001
2.05	0.12388000000000002
2.05	0.12668
2.05	0.12948
2.05	0.13244000000000003
2.05	0.13532000000000002
2.05	0.13828000000000001
2.05	0.14124
2.05	0.1442
2.05	0.14723999999999998
2.1	-0.02356
2.1	-0.02044
2.1	-0.01724
2.1	-0.014120000000000002
2.1	-0.011
2.1	-0.00788
2.1	-0.0048400000000000006
2.1	-0.0018000000000000013
2.1	0.001159999999999999
2.1	0.00404
2.1	0.006840000000000001
2.1	0.009560000000000003
2.1	0.012119999999999999
2.1	0.014599999999999998
2.1	0.01692
2.1	0.019
2.1	0.02084
2.1	0.02252
2.1	0.025
2.1	0.02588
2.1	0.02644
2.1	0.09756000000000001
2.1	0.10028000000000001
2.1	0.10332000000000001
2.1	0.10516
2.1	0.10724000000000003
2.1	0.10948000000000002
2.1	0.11180000000000001
2.1	0.11436000000000002
2.1	0.11692
2.1	0.11964000000000001
2.1	0.12244000000000002
2.1	0.12532000000000001
2.1	0.12820000000000004
2.1	0.13116
2.1	0.13412000000000002
2.1	0.13716
2.1	0.1402
2.1	0.14324000000000003
2.1	0.14628000000000002
2.1	0.14932000000000004
2.15	-0.02236
2.15	-0.019080000000000003
2.15	-0.01588
2.15	-0.012680000000000002
2.15	-0.00948
2.15	-0.006360000000000001
2.15	-0.0032400000000000007
2.15	-0.00020000000000000052
2.15	0.0028400000000000014
2.15	0.005719999999999999
2.15	0.00852
2.15	0.011240000000000002
2.15	0.0138
2.15	0.016200000000000003
2.15	0.01844
2.15	0.020440000000000003
2.15	0.0222
2.15	0.025
2.15	0.02588
2.15	0.02636
2.15	0.09756000000000001
2.15	0.10060000000000001
2.15	0.10203999999999999
2.15	0.10380000000000002
2.15	0.10580000000000002
2.15	0.10796000000000001
2.15	0.11028
2.15	0.11276000000000001
2.15	0.11540000000000002
2.15	0.11812
2.15	0.12092
2.15	0.12380000000000001
2.15	0.12676
2.15	0.12972
2.15	0.13276000000000002
2.15	0.13588000000000003
2.15	0.13892000000000002
2.15	0.14204
2.15	0.14516
2.15	0.14836
2.2	-0.024280000000000003
2.2	-0.021
2.2	-0.017640000000000003
2.2	-0.014360000000000001
2.2	-0.011080000000000001
2.2	-0.00788
2.2	-0.00468
2.2	-0.00148
2.2	0.0015599999999999989
2.2	0.0046
2.2	0.007560000000000001
2.2	0.01036
2.2	0.013000000000000001
2.2	0.01548
2.2	0.0178
2.2	0.0218
2.2	0.0234
2.2	0.025
2.2	0.02636
2.2	0.09788000000000001
2.2	0.09860000000000001
2.2	0.10092000000000004
2.2	0.10252000000000001
2.2	0.10364
2.2	0.10644
2.2	0.10868000000000003
2.2	0.11116
2.2	0.11372
2.2	0.11644000000000003
2.2	0.11932000000000002
2.2	0.12220000000000002
2.2	0.12516
2.2	0.12820000000000004
2.2	0.13132000000000002
2.2	0.13444000000000003
2.2	0.13756000000000002
2.2	0.14076000000000002
2.2	0.14396000000000003
2.2	0.14716
2.25	-0.022840000000000003
2.25	-0.019480000000000004
2.25	-0.016040000000000002
2.25	-0.012680000000000002
2.25	-0.009400000000000002
2.25	-0.0061200000000000004
2.25	-0.0028400000000000014
2.25	0.00036000000000000024
2.25	0.0034800000000000005
2.25	0.006520000000000001
2.25	0.009400000000000002
2.25	0.012199999999999999
2.25	0.014760000000000002
2.25	0.017240000000000002
2.25	0.01948
2.25	0.0214
2.25	0.025
2.25	0.026680000000000002
2.25	0.09804000000000002
2.25	0.09988000000000001
2.25	0.10292000000000004
2.25	0.10492000000000001
2.25	0.10708000000000002
2.25	0.10948000000000002
2.25	0.11204
2.25	0.11476000000000001
2.25	0.11756000000000003
2.25	0.12052
2.25	0.12348000000000003
2.25	0.1266
2.25	0.12972
2.25	0.13284
2.25	0.13604
2.25	0.13932000000000003
2.25	0.1426
2.25	0.14588
2.25	0.14916000000000001
2.3000000000000003	-0.02476
2.3000000000000003	-0.021240000000000002
2.3000000000000003	-0.017800000000000003
2.3000000000000003	-0.014360000000000001
2.3000000000000003	-0.010920000000000001
2.3000000000000003	-0.007560000000000001
2.3000000000000003	-0.004200000000000001
2.3000000000000003	-0.0009200000000000007
2.3000000000000003	0.0022800000000000008
2.3000000000000003	0.0054
2.3000000000000003	0.00844
2.3000000000000003	0.01132
2.3000000000000003	0.01404
2.3000000000000003	0.0166
2.3000000000000003	0.01892
2.3000000000000003	0.021
2.3000000000000003	0.025
2.3000000000000003	0.0262
2.3000000000000003	0.09772
2.3000000000000003	0.09908000000000002
2.3000000000000003	0.10012000000000001
2.3000000000000003	0.10164
2.3000000000000003	0.1034
2.3000000000000003	0.10548000000000002
2.3000000000000003	0.10780000000000002
2.3000000000000003	0.11028
2.3000000000000003	0.11291999999999999
2.3000000000000003	0.11572
2.3000000000000003	0.11868000000000001
2.3000000000000003	0.12172000000000001
2.3000000000000003	0.12476000000000001
2.3000000000000003	0.12796000000000002
2.3000000000000003	0.13116
2.3000000000000003	0.13444
2.3000000000000003	0.13772
2.3000000000000003	0.14108
2.3000000000000003	0.14444
2.3000000000000003	0.14780000000000001
2.35	-0.02308
2.35	-0.019480000000000004
2.35	-0.01596
2.35	-0.012440000000000001
2.35	-0.009000000000000001
2.35	-0.00556
2.35	-0.0022000000000000006
2.35	0.001159999999999999
2.35	0.004359999999999999
2.35	0.0074800000000000005
2.35	0.010520000000000002
2.35	0.013319999999999999
2.35	0.015960000000000002
2.35	0.01844
2.35	0.0206
2.35	0.02252
2.35	0.025
2.35	0.02644
2.35	0.09772
2.35	0.09908000000000002
2.35	0.10196000000000001
2.35	0.10388000000000001
2.35	0.10604
2.35	0.10844000000000002
2.35	0.11108
2.35	0.11388000000000002
2.35	0.11676000000000002
2.35	0.1198
2.35	0.12292
2.35	0.12612
2.35	0.12932000000000002
2.35	0.13268
2.35	0.13604000000000002
2.35	0.13940000000000002
2.35	0.14284000000000002
2.35	0.14628000000000002
2.4000000000000004	-0.021240000000000002
2.4000000000000004	-0.01764
2.4000000000000004	-0.01404
2.4000000000000004	-0.010440000000000001
2.4000000000000004	-0.006920000000000001
2.4000000000000004	-0.0034000000000000002
2.4000000000000004	-0.00003999999999999906
2.4000000000000004	0.00332
2.4000000000000004	0.006520000000000001
2.4000000000000004	0.00964
2.4000000000000004	0.0126
2.4000000000000004	0.01532
2.4000000000000004	0.01788
2.4000000000000004	0.0202
2.4000000000000004	0.02212
2.4000000000000004	0.0238
2.4000000000000004	0.025
2.4000000000000004	0.026840000000000003
2.4000000000000004	0.09780000000000001
2.4000000000000004	0.10068000000000002
2.4000000000000004	0.10236
2.4000000000000004	0.10364000000000002
2.4000000000000004	0.10668000000000002
2.4000000000000004	0.10916000000000001
2.4000000000000004	0.11188000000000002
2.4000000000000004	0.11476000000000001
2.4000000000000004	0.1178
2.4000000000000004	0.12092
2.4000000000000004	0.12412000000000001
2.4000000000000004	0.1274
2.4000000000000004	0.13076000000000002
2.4000000000000004	0.1342
2.4000000000000004	0.13764
2.4000000000000004	0.14108
2.4000000000000004	0.1446
2.4000000000000004	0.14812
2.45	-0.022920000000000003
2.45	-0.01924
2.45	-0.015560000000000001
2.45	-0.01188
2.45	-0.008280000000000001
2.45	-0.00468
2.45	-0.0012400000000000015
2.45	0.0022000000000000006
2.45	0.00556
2.45	0.00876
2.45	0.011800000000000001
2.45	0.014679999999999999
2.45	0.017320000000000002
2.45	0.01972
2.45	0.0218
2.45	0.025
2.45	0.026600000000000002
2.45	0.09788000000000001
2.45	0.10100000000000002
2.45	0.10276
2.45	0.10364000000000002
2.45	0.10492000000000001
2.45	0.10732000000000001
2.45	0.10988000000000002
2.45	0.11276000000000001
2.45	0.11572
2.45	0.11884000000000002
2.45	0.12204000000000001
2.45	0.1254
2.45	0.12876
2.45	0.1322
2.45	0.13572
2.45	0.13924000000000003
2.45	0.14276000000000003
2.45	0.14636
2.5000000000000004	-0.02468
2.5000000000000004	-0.02092
2.5000000000000004	-0.01716
2.5000000000000004	-0.013400000000000002
2.5000000000000004	-0.00964
2.5000000000000004	-0.006040000000000001
2.5000000000000004	-0.002440000000000001
2.5000000000000004	0.001159999999999999
2.5000000000000004	0.00452
2.5000000000000004	0.007879999999999998
2.5000000000000004	0.011
2.5000000000000004	0.01404
2.5000000000000004	0.016760000000000004
2.5000000000000004	0.01924
2.5000000000000004	0.02148
2.5000000000000004	0.02332
2.5000000000000004	0.025
2.5000000000000004	0.02604
2.5000000000000004	0.026520000000000002
2.5000000000000004	0.09780000000000001
2.5000000000000004	0.09980000000000001
2.5000000000000004	0.10132000000000001
2.5000000000000004	0.10380000000000002
2.5000000000000004	0.10540000000000001
2.5000000000000004	0.10788000000000002
2.5000000000000004	0.11068000000000003
2.5000000000000004	0.11356000000000002
2.5000000000000004	0.11668000000000003
2.5000000000000004	0.11988000000000001
2.5000000000000004	0.12316
2.5000000000000004	0.1266
2.5000000000000004	0.13012
2.5000000000000004	0.13364
2.5000000000000004	0.13724000000000003
2.5000000000000004	0.14084000000000002
2.5000000000000004	0.14444
2.5000000000000004	0.14812
2.5500000000000003	-0.022520000000000002
2.5500000000000003	-0.018680000000000002
2.5500000000000003	-0.01484
2.5500000000000003	-0.011080000000000001
2.5500000000000003	-0.00732
2.5500000000000003	-0.003640000000000001
2.5500000000000003	0.000040000000000000796
2.5500000000000003	0.0035600000000000007
2.5500000000000003	0.006999999999999999
2.5500000000000003	0.0102
2.5500000000000003	0.013319999999999999
2.5500000000000003	0.016200000000000003
2.5500000000000003	0.01884
2.5500000000000003	0.02108
2.5500000000000003	0.023080000000000003
2.5500000000000003	0.025
2.5500000000000003	0.0258
2.5500000000000003	0.026840000000000003
2.5500000000000003	0.09780000000000001
2.5500000000000003	0.09884
2.5500000000000003	0.10164
2.5500000000000003	0.10364000000000002
2.5500000000000003	0.10596000000000001
2.5500000000000003	0.10852000000000002
2.5500000000000003	0.11140000000000001
2.5500000000000003	0.11444000000000001
2.5500000000000003	0.11764000000000001
2.5500000000000003	0.12092
2.5500000000000003	0.12436000000000003
2.5500000000000003	0.12788000000000002
2.5500000000000003	0.13140000000000002
2.5500000000000003	0.13508000000000003
2.5500000000000003	0.13876000000000002
2.5500000000000003	0.14244
2.5500000000000003	0.14612
2.6	-0.0242
2.6	-0.02028
2.6	-0.01636
2.6	-0.012440000000000001
2.6	-0.0086
2.6	-0.0048400000000000006
2.6	-0.001080000000000001
2.6	0.00252
2.6	0.00604
2.6	0.009400000000000002
2.6	0.0126
2.6	0.015640000000000005
2.6	0.018359999999999998
2.6	0.02076
2.6	0.025
2.6	0.026840000000000003
2.6	0.09780000000000001
2.6	0.099
2.6	0.10028000000000001
2.6	0.10196000000000001
2.6	0.10404000000000002
2.6	0.10652000000000002
2.6	0.10924000000000003
2.6	0.11212
2.6	0.11532000000000002
2.6	0.11860000000000001
2.6	0.12204000000000001
2.6	0.12556000000000003
2.6	0.12916
2.6	0.13276000000000002
2.6	0.13652000000000003
2.6	0.14028000000000002
2.6	0.14404
2.6	0.14780000000000001
2.65	-0.021880000000000004
2.65	-0.01788
2.65	-0.01388
2.65	-0.00996
2.65	-0.00604
2.65	-0.0022000000000000006
2.65	0.00148
2.65	0.00516
2.65	0.0086
2.65	0.011880000000000002
2.65	0.015000000000000003
2.65	0.01788
2.65	0.02036
2.65	0.02252
2.65	0.025
2.65	0.026920000000000003
2.65	0.0982
2.65	0.099
2.65	0.10052000000000001
2.65	0.10236
2.65	0.10388000000000001
2.65	0.10452000000000002
2.65	0.10708000000000002
2.65	0.10988000000000002
2.65	0.11291999999999999
2.65	0.11620000000000001
2.65	0.11956000000000003
2.65	0.12308000000000001
2.65	0.12668
2.65	0.13036000000000003
2.65	0.13412000000000002
2.65	0.13796000000000003
2.65	0.14180000000000004
2.65	0.14564000000000002
2.65	0.14956000000000003
2.7	-0.0234
2.7	-0.019320000000000004
2.7	-0.01524
2.7	-0.011240000000000002
2.7	-0.00724
2.7	-0.00332
2.7	0.0004399999999999994
2.7	0.004200000000000001
2.7	0.007799999999999998
2.7	0.011240000000000002
2.7	0.014439999999999998
2.7	0.017320000000000002
2.7	0.01996
2.7	0.02228
2.7	0.025
2.7	0.026920000000000003
2.7	0.09780000000000001
2.7	0.099
2.7	0.10076
2.7	0.10268000000000002
2.7	0.10380000000000002
2.7	0.10500000000000001
2.7	0.10764
2.7	0.11060000000000002
2.7	0.11372
2.7	0.11708
2.7	0.12060000000000001
2.7	0.12420000000000002
2.7	0.12788000000000002
2.7	0.13164000000000003
2.7	0.13548
2.7	0.13940000000000002
2.7	0.14332000000000003
2.7	0.14724
2.75	-0.02084
2.75	-0.01668
2.75	-0.0126
2.75	-0.00852
2.75	-0.00452
2.75	-0.0005999999999999998
2.75	0.00324
2.75	0.00692
2.75	0.010440000000000001
2.75	0.0138
2.75	0.01684
2.75	0.01956
2.75	0.025
2.75	0.02636
2.75	0.09780000000000001
2.75	0.09892000000000001
2.75	0.10100000000000002
2.75	0.10308000000000002
2.75	0.10380000000000002
2.75	0.10548000000000002
2.75	0.1082
2.75	0.11124
2.75	0.11452000000000002
2.75	0.11796
2.75	0.12156000000000003
2.75	0.12524000000000002
2.75	0.12908000000000003
2.75	0.13292
2.75	0.13692000000000001
2.75	0.14084000000000002
2.75	0.14484000000000002
2.75	0.14884000000000003
2.8	-0.02236
2.8	-0.01812
2.8	-0.01388
2.8	-0.009720000000000001
2.8	-0.005640000000000002
2.8	-0.0016399999999999997
2.8	0.0022800000000000008
2.8	0.0061200000000000004
2.8	0.00972
2.8	0.013160000000000002
2.8	0.016360000000000003
2.8	0.019160000000000003
2.8	0.02164
2.8	0.025
2.8	0.026280000000000005
2.8	0.02684
2.8	0.09788000000000001
2.8	0.10132000000000001
2.8	0.10348000000000002
2.8	0.10596000000000001
2.8	0.10884
2.8	0.11196000000000002
2.8	0.11532000000000002
2.8	0.11884000000000002
2.8	0.12260000000000001
2.8	0.12636000000000003
2.8	0.13028
2.8	0.13428
2.8	0.13828000000000001
2.8	0.14228000000000002
2.8	0.14636
2.8499999999999996	-0.0238
2.8499999999999996	-0.01956
2.8499999999999996	-0.01524
2.8499999999999996	-0.011
2.8499999999999996	-0.0067599999999999995
2.8499999999999996	-0.0026799999999999997
2.8499999999999996	0.0013200000000000004
2.8499999999999996	0.00524
2.8499999999999996	0.009000000000000001
2.8499999999999996	0.01252
2.8499999999999996	0.0158
2.8499999999999996	0.01876
2.8499999999999996	0.02132
2.8499999999999996	0.025
2.8499999999999996	0.0262
2.8499999999999996	0.02684
2.8499999999999996	0.09788000000000001
2.8499999999999996	0.09988000000000001
2.8499999999999996	0.10164
2.8499999999999996	0.10388000000000001
2.8499999999999996	0.10644000000000002
2.8499999999999996	0.10940000000000001
2.8499999999999996	0.11268000000000003
2.8499999999999996	0.11612
2.8499999999999996	0.1198
2.8499999999999996	0.12356000000000003
2.8499999999999996	0.12748
2.8499999999999996	0.13147999999999999
2.8499999999999996	0.13556
2.8499999999999996	0.13964000000000004
2.8499999999999996	0.14380000000000004
2.8499999999999996	0.14796000000000004
2.9	-0.02092
2.9	-0.0166
2.9	-0.0122
2.9	-0.007959999999999998
2.9	-0.0037199999999999998
2.9	0.0003599999999999992
2.9	0.004359999999999999
2.9	0.008200000000000002
2.9	0.011880000000000002
2.9	0.01524
2.9	0.018359999999999998
2.9	0.021
2.9	0.025
2.9	0.0262
2.9	0.02684
2.9	0.09780000000000001
2.9	0.10188000000000001
2.9	0.1042
2.9	0.10700000000000001
2.9	0.11004
2.9	0.11340000000000001
2.9	0.117
2.9	0.12068000000000001
2.9	0.1246
2.9	0.1286
2.9	0.13268
2.9	0.13684000000000002
2.9	0.14100000000000001
2.9	0.14524
2.9	0.14948
2.9499999999999997	-0.02236
2.9499999999999997	-0.01788
2.9499999999999997	-0.01348
2.9499999999999997	-0.009080000000000001
2.9499999999999997	-0.0048400000000000006
2.9499999999999997	-0.0005999999999999998
2.9499999999999997	0.0034800000000000005
2.9499999999999997	0.0074800000000000005
2.9499999999999997	0.011240000000000002
2.9499999999999997	0.014679999999999999
2.9499999999999997	0.01788
2.9499999999999997	0.020679999999999997
2.9499999999999997	0.023000000000000003
2.9499999999999997	0.025
2.9499999999999997	0.026119999999999997
2.9499999999999997	0.027
2.9499999999999997	0.09804000000000002
2.9499999999999997	0.09892000000000001
2.9499999999999997	0.10028000000000001
2.9499999999999997	0.10220000000000001
2.9499999999999997	0.10404000000000002
2.9499999999999997	0.10468000000000002
2.9499999999999997	0.10748000000000002
2.9499999999999997	0.11068000000000003
2.9499999999999997	0.11412
2.9499999999999997	0.1178
2.9499999999999997	0.12164000000000001
2.9499999999999997	0.12564000000000003
2.9499999999999997	0.12972
2.9499999999999997	0.13388000000000003
2.9499999999999997	0.13812
2.9499999999999997	0.14244
2.9499999999999997	0.14668
3.	-0.0238
3.	-0.01924
3.	-0.01476
3.	-0.010280000000000001
3.	-0.0058800000000000015
3.	-0.00156
3.	0.0026799999999999997
3.	0.00668
3.	0.010520000000000002
3.	0.01412
3.	0.017480000000000002
3.	0.02036
3.	0.025
3.	0.02604
3.	0.02676
3.	0.09812000000000001
3.	0.099
3.	0.10044000000000002
3.	0.10252000000000001
3.	0.10404000000000002
3.	0.10508000000000002
3.	0.10804000000000002
3.	0.11132000000000002
3.	0.11484000000000001
3.	0.11868000000000001
3.	0.12260000000000001
3.	0.12668
3.	0.13084
3.	0.13516
3.	0.13948
3.	0.14380000000000004
3.	0.1482
3.05	-0.0206
3.05	-0.01604
3.05	-0.01148
3.05	-0.006920000000000001
3.05	-0.00252
3.05	0.0017199999999999993
3.05	0.00588
3.05	0.00988
3.05	0.01356
3.05	0.017
3.05	0.02004
3.05	0.02252
3.05	0.025
3.05	0.025960000000000004
3.05	0.02676
3.05	0.09812
3.05	0.09892000000000001
3.05	0.10068000000000002
3.05	0.10284000000000001
3.05	0.10396000000000001
3.05	0.10548000000000002
3.05	0.10852000000000002
3.05	0.11196000000000002
3.05	0.11564
3.05	0.11948000000000003
3.05	0.12356000000000003
3.05	0.12772
3.05	0.13204000000000002
3.05	0.13636
3.05	0.14076000000000002
3.05	0.14516
3.1	-0.02196
3.1	-0.01724
3.1	-0.0126
3.1	-0.008040000000000002
3.1	-0.0035600000000000007
3.1	0.0008399999999999994
3.1	0.00516
3.1	0.009160000000000001
3.1	0.013000000000000001
3.1	0.01652
3.1	0.01964
3.1	0.02228
3.1	0.025
3.1	0.02588
3.1	0.02684
3.1	0.09796
3.1	0.10092000000000004
3.1	0.10316000000000003
3.1	0.10596000000000001
3.1	0.10908000000000002
3.1	0.11260000000000002
3.1	0.11636000000000002
3.1	0.12036000000000002
3.1	0.12452
3.1	0.12876
3.1	0.13316
3.1	0.13756000000000002
3.1	0.14204
3.1	0.1466
3.15	-0.02332
3.15	-0.018520000000000002
3.15	-0.0138
3.15	-0.00916
3.15	-0.00452
3.15	-0.000040000000000000796
3.15	0.00436
3.15	0.00852
3.15	0.012440000000000001
3.15	0.016040000000000002
3.15	0.01932
3.15	0.02204
3.15	0.025
3.15	0.0258
3.15	0.02684
3.15	0.09788
3.15	0.0994
3.15	0.10116000000000003
3.15	0.10356000000000001
3.15	0.10636000000000001
3.15	0.10964000000000003
3.15	0.11324000000000001
3.15	0.11716
3.15	0.12124000000000001
3.15	0.12548
3.15	0.12980000000000003
3.15	0.13428
3.15	0.13884000000000002
3.15	0.14340000000000003
3.15	0.14796000000000004
3.2	-0.02468
3.2	-0.0198
3.2	-0.015
3.2	-0.0102
3.2	-0.00556
3.2	-0.0009200000000000007
3.2	0.0035600000000000007
3.2	0.007799999999999998
3.2	0.011880000000000002
3.2	0.015560000000000001
3.2	0.01892
3.2	0.0218
3.2	0.025
3.2	0.02572
3.2	0.02708
3.2	0.09796
3.2	0.1014
3.2	0.10388000000000001
3.2	0.10684
3.2	0.1102
3.2	0.11396000000000002
3.2	0.11788000000000001
3.2	0.12212
3.2	0.12644
3.2	0.13092
3.2	0.13540000000000002
3.2	0.14004
3.2	0.14468
3.2	0.14940000000000003
3.25	-0.02108
3.25	-0.0162
3.25	-0.01132
3.25	-0.006520000000000001
3.25	-0.0018000000000000013
3.25	0.0027599999999999994
3.25	0.007079999999999999
3.25	0.011240000000000002
3.25	0.015080000000000003
3.25	0.018520000000000002
3.25	0.02148
3.25	0.025
3.25	0.02564
3.25	0.02668
3.25	0.09796
3.25	0.09972
3.25	0.10164000000000002
3.25	0.1042
3.25	0.10732000000000001
3.25	0.11076000000000001
3.25	0.11460000000000002
3.25	0.11868000000000001
3.25	0.12300000000000001
3.25	0.1274
3.25	0.13196000000000002
3.25	0.1366
3.25	0.14132000000000003
3.25	0.14604
3.3000000000000003	-0.02236
3.3000000000000003	-0.0174
3.3000000000000003	-0.012440000000000001
3.3000000000000003	-0.007560000000000001
3.3000000000000003	-0.0027599999999999994
3.3000000000000003	0.0018799999999999997
3.3000000000000003	0.00636
3.3000000000000003	0.010680000000000002
3.3000000000000003	0.014599999999999998
3.3000000000000003	0.0182
3.3000000000000003	0.02124
3.3000000000000003	0.025
3.3000000000000003	0.02564
3.3000000000000003	0.02708
3.3000000000000003	0.09852000000000001
3.3000000000000003	0.09988000000000001
3.3000000000000003	0.10196000000000001
3.3000000000000003	0.10460000000000001
3.3000000000000003	0.10780000000000002
3.3000000000000003	0.11140000000000001
3.3000000000000003	0.11532000000000002
3.3000000000000003	0.11948000000000003
3.3000000000000003	0.12388000000000002
3.3000000000000003	0.12836000000000003
3.3000000000000003	0.133
3.3000000000000003	0.13772
3.3000000000000003	0.14252000000000004
3.3000000000000003	0.14732000000000003
3.35	-0.02364
3.35	-0.018600000000000002
3.35	-0.013560000000000003
3.35	-0.00852
3.35	-0.00364
3.35	0.001079999999999999
3.35	0.005719999999999999
3.35	0.010040000000000002
3.35	0.01412
3.35	0.0178
3.35	0.02092
3.35	0.025
3.35	0.026600000000000002
3.35	0.09868000000000002
3.35	0.10220000000000001
3.35	0.10411999999999999
3.35	0.10500000000000001
3.35	0.10828
3.35	0.11196000000000002
3.35	0.11596000000000002
3.35	0.12028000000000001
3.35	0.12476000000000001
3.35	0.12940000000000002
3.35	0.13412000000000002
3.35	0.13892000000000002
3.35	0.14380000000000004
3.35	0.14868
3.4000000000000004	-0.01972
3.4000000000000004	-0.014600000000000002
3.4000000000000004	-0.009560000000000003
3.4000000000000004	-0.0046
3.4000000000000004	0.0002800000000000004
3.4000000000000004	0.004999999999999999
3.4000000000000004	0.009400000000000002
3.4000000000000004	0.01356
3.4000000000000004	0.017400000000000002
3.4000000000000004	0.020679999999999997
3.4000000000000004	0.02332
3.4000000000000004	0.025
3.4000000000000004	0.027
3.4000000000000004	0.09803999999999999
3.4000000000000004	0.10020000000000001
3.4000000000000004	0.10244000000000002
3.4000000000000004	0.1042
3.4000000000000004	0.10532000000000001
3.4000000000000004	0.10876000000000001
3.4000000000000004	0.11252000000000002
3.4000000000000004	0.11668000000000003
3.4000000000000004	0.12108000000000001
3.4000000000000004	0.12564000000000003
3.4000000000000004	0.13036000000000003
3.4000000000000004	0.13516
3.4000000000000004	0.14004
3.4000000000000004	0.14500000000000002
3.45	-0.02092
3.45	-0.01572
3.45	-0.010600000000000002
3.45	-0.0054800000000000005
3.45	-0.0005999999999999998
3.45	0.004200000000000001
3.45	0.008840000000000002
3.45	0.013080000000000001
3.45	0.017
3.45	0.02036
3.45	0.025
3.45	0.027
3.45	0.09803999999999999
3.45	0.10044000000000002
3.45	0.10276
3.45	0.10428
3.45	0.10572000000000001
3.45	0.10924000000000003
3.45	0.11316
3.45	0.11740000000000002
3.45	0.12188000000000002
3.45	0.12652000000000002
3.45	0.13132000000000002
3.45	0.13628
3.45	0.14124
3.45	0.14628000000000002
3.5000000000000004	-0.02212
3.5000000000000004	-0.01684
3.5000000000000004	-0.011640000000000001
3.5000000000000004	-0.0064399999999999995
3.5000000000000004	-0.0014000000000000002
3.5000000000000004	0.0034800000000000005
3.5000000000000004	0.008200000000000002
3.5000000000000004	0.0126
3.5000000000000004	0.0166
3.5000000000000004	0.02004
3.5000000000000004	0.023000000000000003
3.5000000000000004	0.025
3.5000000000000004	0.02572
3.5000000000000004	0.02708
3.5000000000000004	0.09812
3.5000000000000004	0.09876
3.5000000000000004	0.10060000000000001
3.5000000000000004	0.10300000000000002
3.5000000000000004	0.1042
3.5000000000000004	0.10611999999999999
3.5000000000000004	0.10972000000000001
3.5000000000000004	0.11372
3.5000000000000004	0.11812
3.5000000000000004	0.12268000000000001
3.5000000000000004	0.12748
3.5000000000000004	0.13236
3.5000000000000004	0.13732000000000003
3.5000000000000004	0.14244
3.5000000000000004	0.14748
3.5500000000000003	-0.02332
3.5500000000000003	-0.01796
3.5500000000000003	-0.012680000000000002
3.5500000000000003	-0.0074
3.5500000000000003	-0.0022000000000000006
3.5500000000000003	0.0027599999999999994
3.5500000000000003	0.007560000000000001
3.5500000000000003	0.012039999999999999
3.5500000000000003	0.016120000000000002
3.5500000000000003	0.0198
3.5500000000000003	0.025
3.5500000000000003	0.02572
3.5500000000000003	0.02708
3.5500000000000003	0.09812
3.5500000000000003	0.09876
3.5500000000000003	0.10076
3.5500000000000003	0.10332000000000001
3.5500000000000003	0.10428
3.5500000000000003	0.10652000000000002
3.5500000000000003	0.1102
3.5500000000000003	0.11436000000000002
3.5500000000000003	0.11884000000000002
3.5500000000000003	0.12348000000000003
3.5500000000000003	0.12836000000000003
3.5500000000000003	0.13332000000000002
3.5500000000000003	0.13844
3.5500000000000003	0.14356000000000002
3.5500000000000003	0.14876000000000003
3.6	-0.024520000000000004
3.6	-0.019080000000000003
3.6	-0.01364
3.6	-0.008360000000000001
3.6	-0.0030800000000000007
3.6	0.00204
3.6	0.00692
3.6	0.01148
3.6	0.01572
3.6	0.01948
3.6	0.02252
3.6	0.025
3.6	0.02572
3.6	0.02708
3.6	0.09812
3.6	0.10100000000000002
3.6	0.10428
3.6	0.10692000000000002
3.6	0.11076000000000001
3.6	0.115
3.6	0.11956000000000003
3.6	0.12436000000000003
3.6	0.12932000000000002
3.6	0.13436
3.6	0.13956000000000002
3.6	0.14476000000000003
3.65	-0.020200000000000003
3.65	-0.014680000000000002
3.65	-0.009240000000000002
3.65	-0.00396
3.65	0.0012400000000000004
3.65	0.006280000000000001
3.65	0.011
3.65	0.01532
3.65	0.01916
3.65	0.025
3.65	0.02572
3.65	0.02636
3.65	0.09812
3.65	0.10116000000000003
3.65	0.10396000000000001
3.65	0.10732000000000001
3.65	0.11124
3.65	0.11564
3.65	0.12028000000000001
3.65	0.12516
3.65	0.13020000000000004
3.65	0.13540000000000002
3.65	0.1406
3.65	0.14596000000000003
3.7	-0.02132
3.7	-0.01572
3.7	-0.0102
3.7	-0.00476
3.7	0.0005199999999999996
3.7	0.005639999999999999
3.7	0.010440000000000001
3.7	0.014840000000000002
3.7	0.01884
3.7	0.02212
3.7	0.025
3.7	0.02572
3.7	0.02636
3.7	0.09827999999999999
3.7	0.0994
3.7	0.1014
3.7	0.10428
3.7	0.10772000000000001
3.7	0.11180000000000001
3.7	0.11628000000000001
3.7	0.12100000000000001
3.7	0.12596000000000002
3.7	0.13116
3.7	0.13636
3.7	0.14172
3.7	0.14708000000000002
3.75	-0.02244
3.75	-0.01676
3.75	-0.01116
3.75	-0.005640000000000002
3.75	-0.0002800000000000004
3.75	0.004919999999999999
3.75	0.00988
3.75	0.014439999999999998
3.75	0.01844
3.75	0.02188
3.75	0.025
3.75	0.02628
3.75	0.09812
3.75	0.10164
3.75	0.10444000000000002
3.75	0.1082
3.75	0.11236000000000002
3.75	0.11684000000000001
3.75	0.12172000000000001
3.75	0.12684
3.75	0.13204
3.75	0.13740000000000002
3.75	0.14284000000000002
3.75	0.14828000000000002
3.8000000000000003	-0.02356
3.8000000000000003	-0.017800000000000003
3.8000000000000003	-0.01212
3.8000000000000003	-0.006520000000000001
3.8000000000000003	-0.0010000000000000009
3.8000000000000003	0.004280000000000001
3.8000000000000003	0.009320000000000002
3.8000000000000003	0.01396
3.8000000000000003	0.018120000000000004
3.8000000000000003	0.02164
3.8000000000000003	0.025
3.8000000000000003	0.026600000000000002
3.8000000000000003	0.09812
3.8000000000000003	0.10180000000000002
3.8000000000000003	0.10444000000000002
3.8000000000000003	0.10860000000000002
3.8000000000000003	0.11284000000000001
3.8000000000000003	0.11756000000000003
3.8000000000000003	0.12244000000000002
3.8000000000000003	0.12764000000000003
3.8000000000000003	0.133
3.8000000000000003	0.13844
3.8000000000000003	0.14388000000000004
3.8000000000000003	0.14948
3.85	-0.02468
3.85	-0.018840000000000003
3.85	-0.01308
3.85	-0.00732
3.85	-0.0018000000000000013
3.85	0.00364
3.85	0.00876
3.85	0.01356
3.85	0.0178
3.85	0.0214
3.85	0.025
3.85	0.026600000000000002
3.85	0.09812
3.85	0.09972
3.85	0.10203999999999999
3.85	0.10452000000000002
3.85	0.10908000000000002
3.85	0.11340000000000001
3.85	0.11820000000000001
3.85	0.12324000000000002
3.85	0.12852000000000002
3.85	0.13388000000000003
3.85	0.13940000000000002
3.85	0.14500000000000002
3.9000000000000004	-0.019880000000000002
3.9000000000000004	-0.014040000000000002
3.9000000000000004	-0.0082
3.9000000000000004	-0.00252
3.9000000000000004	0.002920000000000001
3.9000000000000004	0.008200000000000002
3.9000000000000004	0.013080000000000001
3.9000000000000004	0.017480000000000002
3.9000000000000004	0.021159999999999998
3.9000000000000004	0.025
3.9000000000000004	0.02612
3.9000000000000004	0.026680000000000002
3.9000000000000004	0.09812
3.9000000000000004	0.09988000000000001
3.9000000000000004	0.10228000000000001
3.9000000000000004	0.10444000000000002
3.9000000000000004	0.10556000000000001
3.9000000000000004	0.10948000000000002
3.9000000000000004	0.11396000000000002
3.9000000000000004	0.11884000000000002
3.9000000000000004	0.12396
3.9000000000000004	0.12932000000000002
3.9000000000000004	0.13484000000000002
3.9000000000000004	0.14044
3.9000000000000004	0.14612
3.95	-0.02092
3.95	-0.015
3.95	-0.009080000000000001
3.95	-0.00332
3.95	0.0022800000000000008
3.95	0.0076399999999999975
3.95	0.0126
3.95	0.01708
3.95	0.02092
3.95	0.025
3.95	0.02604
3.95	0.02724
3.95	0.09812
3.95	0.10252000000000001
3.95	0.10452000000000002
3.95	0.10588000000000002
3.95	0.10996000000000002
3.95	0.11452000000000002
3.95	0.11948000000000003
3.95	0.12476000000000001
3.95	0.13020000000000004
3.95	0.13580000000000003
3.95	0.14148
3.95	0.14724
4.	-0.02196
4.	-0.01596
4.	-0.00996
4.	-0.00412
4.	0.001639999999999999
4.	0.007079999999999999
4.	0.012119999999999999
4.	0.01676
4.	0.020679999999999997
4.	0.0238
4.	0.025
4.	0.0258
4.	0.02724
4.	0.09868000000000002
4.	0.10020000000000001
4.	0.10276
4.	0.10460000000000001
4.	0.1062
4.	0.11036000000000001
4.	0.11508
4.	0.12012
4.	0.12548
4.	0.131
4.	0.13668
4.	0.14252000000000004
4.	0.14836
4.05	-0.023
4.05	-0.01692
4.05	-0.010839999999999999
4.05	-0.0048400000000000006
4.05	0.0009199999999999993
4.05	0.0064399999999999995
4.05	0.011640000000000001
4.05	0.01636
4.05	0.020440000000000003
4.05	0.025
4.05	0.0258
4.05	0.02708
4.05	0.0982
4.05	0.10028000000000001
4.05	0.10300000000000002
4.05	0.10452000000000002
4.05	0.10660000000000001
4.05	0.11084000000000001
4.05	0.11564
4.05	0.12076000000000002
4.05	0.12628
4.05	0.13188000000000002
4.05	0.13764000000000004
4.05	0.14356000000000002
4.05	0.14940000000000003
4.1	-0.02404
4.1	-0.01788
4.1	-0.01172
4.1	-0.005640000000000002
4.1	0.00020000000000000052
4.1	0.00588
4.1	0.011160000000000002
4.1	0.016040000000000002
4.1	0.0202
4.1	0.025
4.1	0.0258
4.1	0.02708
4.1	0.0982
4.1	0.10044000000000002
4.1	0.10324
4.1	0.10460000000000001
4.1	0.10692000000000002
4.1	0.11132000000000002
4.1	0.11620000000000001
4.1	0.12148000000000003
4.1	0.127
4.1	0.13276000000000002
4.1	0.1386
4.1	0.14452000000000004
4.15	-0.018840000000000003
4.15	-0.0126
4.15	-0.0064399999999999995
4.15	-0.0004399999999999994
4.15	0.00532
4.15	0.010680000000000002
4.15	0.015640000000000005
4.15	0.019960000000000002
4.15	0.0234
4.15	0.025
4.15	0.0258
4.15	0.02676
4.15	0.0982
4.15	0.10060000000000001
4.15	0.10348000000000002
4.15	0.10468000000000002
4.15	0.10732000000000001
4.15	0.11180000000000001
4.15	0.11676000000000002
4.15	0.12212
4.15	0.12780000000000002
4.15	0.13364
4.15	0.13956000000000002
4.15	0.14556000000000002
4.2	-0.0198
4.2	-0.01348
4.2	-0.00724
4.2	-0.0011600000000000013
4.2	0.00468
4.2	0.0102
4.2	0.01524
4.2	0.01964
4.2	0.025
4.2	0.02572
4.2	0.02732
4.2	0.0982
4.2	0.10076
4.2	0.10372
4.2	0.10460000000000001
4.2	0.10764000000000003
4.2	0.11220000000000001
4.2	0.11732000000000002
4.2	0.12284000000000002
4.2	0.12852000000000002
4.2	0.13444
4.2	0.14052000000000003
4.2	0.1466
4.25	-0.02076
4.25	-0.014360000000000001
4.25	-0.008040000000000002
4.25	-0.001880000000000001
4.25	0.00412
4.25	0.00972
4.25	0.014920000000000003
4.25	0.0194
4.25	0.023080000000000003
4.25	0.025
4.25	0.02564
4.25	0.02732
4.25	0.0982
4.25	0.10092000000000004
4.25	0.10468000000000002
4.25	0.10804000000000002
4.25	0.11268000000000003
4.25	0.11788000000000001
4.25	0.12348000000000003
4.25	0.12932000000000002
4.25	0.13532000000000002
4.25	0.14148
4.25	0.14764000000000002
4.3	-0.02172
4.3	-0.01524
4.3	-0.00884
4.3	-0.00252
4.3	0.0034800000000000005
4.3	0.009240000000000002
4.3	0.014519999999999998
4.3	0.01916
4.3	0.022840000000000003
4.3	0.025
4.3	0.02556
4.3	0.02684
4.3	0.09827999999999999
4.3	0.10108000000000002
4.3	0.10428000000000001
4.3	0.10836000000000001
4.3	0.11316
4.3	0.11852
4.3	0.12420000000000002
4.3	0.13012
4.3	0.13620000000000002
4.3	0.14236
4.3	0.14868
4.3500000000000005	-0.02268
4.3500000000000005	-0.016120000000000002
4.3500000000000005	-0.009640000000000001
4.3500000000000005	-0.00324
4.3500000000000005	0.002920000000000001
4.3500000000000005	0.00876
4.3500000000000005	0.01412
4.3500000000000005	0.01884
4.3500000000000005	0.02268
4.3500000000000005	0.025
4.3500000000000005	0.0274
4.3500000000000005	0.09828
4.3500000000000005	0.10124
4.3500000000000005	0.10468000000000002
4.3500000000000005	0.10876000000000001
4.3500000000000005	0.11364
4.3500000000000005	0.11908
4.3500000000000005	0.12484000000000002
4.3500000000000005	0.13084
4.3500000000000005	0.13708000000000004
4.3500000000000005	0.14332000000000003
4.4	-0.02364
4.4	-0.017
4.4	-0.010440000000000001
4.4	-0.00396
4.4	0.0022800000000000008
4.4	0.008280000000000003
4.4	0.01372
4.4	0.018600000000000002
4.4	0.02252
4.4	0.025
4.4	0.0274
4.4	0.09828
4.4	0.1014
4.4	0.10484
4.4	0.10916000000000001
4.4	0.11420000000000001
4.4	0.11972000000000001
4.4	0.12556000000000003
4.4	0.13164000000000003
4.4	0.13796000000000003
4.4	0.14428000000000002
4.45	-0.02468
4.45	-0.01788
4.45	-0.01124
4.45	-0.00468
4.45	0.0017199999999999993
4.45	0.007719999999999998
4.45	0.013319999999999999
4.45	0.01828
4.45	0.022359999999999998
4.45	0.025
4.45	0.02692
4.45	0.09828
4.45	0.10164
4.45	0.10484
4.45	0.10956000000000002
4.45	0.11468000000000003
4.45	0.12028000000000001
4.45	0.12628
4.45	0.13244
4.45	0.13884000000000002
4.45	0.14524
4.5	-0.018760000000000002
4.5	-0.01204
4.5	-0.0054
4.5	0.001079999999999999
4.5	0.00724
4.5	0.012920000000000001
4.5	0.017960000000000004
4.5	0.0222
4.5	0.025
4.5	0.02588
4.5	0.02692
4.5	0.09836
4.5	0.0994
4.5	0.10180000000000002
4.5	0.10540000000000001
4.5	0.10988000000000002
4.5	0.11516
4.5	0.12084000000000002
4.5	0.12692
4.5	0.13324
4.5	0.13964000000000004
4.5	0.1462
4.550000000000001	-0.01964
4.550000000000001	-0.01284
4.550000000000001	-0.00604
4.550000000000001	0.0004399999999999994
4.550000000000001	0.0067599999999999995
4.550000000000001	0.01252
4.550000000000001	0.01772
4.550000000000001	0.02196
4.550000000000001	0.025
4.550000000000001	0.02588
4.550000000000001	0.02692
4.550000000000001	0.09836
4.550000000000001	0.09948
4.550000000000001	0.10196000000000001
4.550000000000001	0.10492000000000001
4.550000000000001	0.11028
4.550000000000001	0.11564
4.550000000000001	0.12148000000000003
4.550000000000001	0.12764000000000003
4.550000000000001	0.13404
4.550000000000001	0.14052000000000003
4.550000000000001	0.14716
4.6	-0.0206
4.6	-0.01364
4.6	-0.0067599999999999995
4.6	-0.00012000000000000067
4.6	0.006200000000000001
4.6	0.012119999999999999
4.6	0.017400000000000002
4.6	0.0218
4.6	0.025
4.6	0.02588
4.6	0.02692
4.6	0.09844
4.6	0.10212000000000002
4.6	0.10484
4.6	0.10596000000000001
4.6	0.11068000000000003
4.6	0.11612
4.6	0.12204000000000001
4.6	0.12836000000000003
4.6	0.13484000000000002
4.6	0.14140000000000003
4.6	0.14812
4.6499999999999995	-0.02148
4.6499999999999995	-0.01444
4.6499999999999995	-0.0074800000000000005
4.6499999999999995	-0.0007600000000000003
4.6499999999999995	0.005719999999999999
4.6499999999999995	0.011720000000000001
4.6499999999999995	0.01708
4.6499999999999995	0.02164
4.6499999999999995	0.025
4.6499999999999995	0.02596
4.6499999999999995	0.02692
4.6499999999999995	0.09844
4.6499999999999995	0.10236
4.6499999999999995	0.10492000000000001
4.6499999999999995	0.10628
4.6499999999999995	0.11108
4.6499999999999995	0.11668000000000003
4.6499999999999995	0.12268000000000001
4.6499999999999995	0.129
4.6499999999999995	0.13564
4.6499999999999995	0.14228000000000002
4.6499999999999995	0.14908000000000002
4.699999999999999	-0.02236
4.699999999999999	-0.01524
4.699999999999999	-0.0082
4.699999999999999	-0.0014000000000000002
4.699999999999999	0.00516
4.699999999999999	0.01132
4.699999999999999	0.01684
4.699999999999999	0.0214
4.699999999999999	0.025
4.699999999999999	0.02596
4.699999999999999	0.027
4.699999999999999	0.09844
4.699999999999999	0.09972
4.699999999999999	0.10252000000000001
4.699999999999999	0.10500000000000001
4.699999999999999	0.10652000000000002
4.699999999999999	0.11148000000000002
4.699999999999999	0.11716
4.699999999999999	0.12332000000000003
4.699999999999999	0.12972
4.699999999999999	0.13636
4.699999999999999	0.14316
4.75	-0.02324
4.75	-0.016040000000000002
4.75	-0.00892
4.75	-0.002040000000000001
4.75	0.00468
4.75	0.01092
4.75	0.01652
4.75	0.02124
4.75	0.025
4.75	0.02596
4.75	0.02684
4.75	0.09844
4.75	0.09988000000000001
4.75	0.10276
4.75	0.10492000000000001
4.75	0.10684
4.75	0.11196000000000002
4.75	0.11772
4.75	0.12388000000000002
4.75	0.13044
4.75	0.13716
4.75	0.14404
4.800000000000001	-0.024120000000000003
4.800000000000001	-0.01684
4.800000000000001	-0.00964
4.800000000000001	-0.0026799999999999997
4.800000000000001	0.00412
4.800000000000001	0.010440000000000001
4.800000000000001	0.016200000000000003
4.800000000000001	0.021
4.800000000000001	0.025
4.800000000000001	0.02596
4.800000000000001	0.02684
4.800000000000001	0.09852000000000001
4.800000000000001	0.09996000000000002
4.800000000000001	0.10292000000000004
4.800000000000001	0.10500000000000001
4.800000000000001	0.10716
4.800000000000001	0.11236000000000002
4.800000000000001	0.11820000000000001
4.800000000000001	0.12452
4.800000000000001	0.13116
4.800000000000001	0.13796000000000003
4.800000000000001	0.14492
4.8500000000000005	-0.017640000000000003
4.8500000000000005	-0.01036
4.8500000000000005	-0.00324
4.8500000000000005	0.00356
4.8500000000000005	0.010040000000000002
4.8500000000000005	0.01588
4.8500000000000005	0.02084
4.8500000000000005	0.025
4.8500000000000005	0.02596
4.8500000000000005	0.02708
4.8500000000000005	0.09860000000000001
4.8500000000000005	0.10003999999999999
4.8500000000000005	0.10316000000000003
4.8500000000000005	0.10508000000000002
4.8500000000000005	0.10748000000000002
4.8500000000000005	0.11276000000000001
4.8500000000000005	0.11868000000000001
4.8500000000000005	0.12516
4.8500000000000005	0.13188000000000002
4.8500000000000005	0.13876000000000002
4.8500000000000005	0.1458
4.9	-0.018520000000000002
4.9	-0.01116
4.9	-0.0038799999999999993
4.9	0.0030800000000000007
4.9	0.00964
4.9	0.015560000000000001
4.9	0.0206
4.9	0.025
4.9	0.02596
4.9	0.02676
4.9	0.09860000000000001
4.9	0.10020000000000001
4.9	0.10332000000000001
4.9	0.10500000000000001
4.9	0.10780000000000002
4.9	0.11316
4.9	0.11924000000000001
4.9	0.12580000000000002
4.9	0.1326
4.9	0.13956000000000002
4.9	0.14668
4.95	-0.019320000000000004
4.95	-0.01188
4.95	-0.00452
4.95	0.00252
4.95	0.00916
4.95	0.01524
4.95	0.02036
4.95	0.025
4.95	0.02676
4.95	0.09860000000000001
4.95	0.10028000000000001
4.95	0.10356000000000001
4.95	0.10508000000000002
4.95	0.10812
4.95	0.11356000000000002
4.95	0.1198
4.95	0.12636000000000003
4.95	0.13332000000000002
4.95	0.14035999999999998
4.95	0.14756000000000002
5.	-0.020120000000000002
5.	-0.0126
5.	-0.005160000000000001
5.	0.00196
5.	0.00876
5.	0.014920000000000003
5.	0.0202
5.	0.024200000000000003
5.	0.025
5.	0.02668
5.	0.09860000000000001
5.	0.10036
5.	0.10372
5.	0.10516
5.	0.10844000000000001
5.	0.11404
5.	0.12028000000000001
5.	0.127
5.	0.13404
5.	0.14116
5.	0.14852000000000004
5.05	-0.02092
5.05	-0.013320000000000002
5.05	-0.005800000000000001
5.05	0.0014000000000000002
5.05	0.008280000000000003
5.05	0.014599999999999998
5.05	0.019960000000000002
5.05	0.025
5.05	0.026680000000000002
5.05	0.09868000000000002
5.05	0.10052000000000001
5.05	0.10396000000000001
5.05	0.10508000000000002
5.05	0.10876000000000001
5.05	0.11444000000000003
5.05	0.12084000000000002
5.05	0.12764000000000003
5.05	0.13476000000000002
5.05	0.14204000000000003
5.05	0.14940000000000003
5.1000000000000005	-0.02172
5.1000000000000005	-0.014040000000000002
5.1000000000000005	-0.0064399999999999995
5.1000000000000005	0.0009199999999999993
5.1000000000000005	0.007879999999999998
5.1000000000000005	0.014280000000000001
5.1000000000000005	0.01972
5.1000000000000005	0.025
5.1000000000000005	0.026600000000000002
5.1000000000000005	0.02772
5.1000000000000005	0.09860000000000001
5.1000000000000005	0.10060000000000001
5.1000000000000005	0.1042
5.1000000000000005	0.10524000000000003
5.1000000000000005	0.10908000000000002
5.1000000000000005	0.11484000000000001
5.1000000000000005	0.12132000000000003
5.1000000000000005	0.12828
5.1000000000000005	0.13548
5.1000000000000005	0.14284000000000002
5.15	-0.022600000000000002
5.15	-0.01476
5.15	-0.00708
5.15	0.00036000000000000024
5.15	0.0074
5.15	0.013879999999999998
5.15	0.01948
5.15	0.023880000000000002
5.15	0.025
5.15	0.026600000000000002
5.15	0.027639999999999998
5.15	0.09860000000000001
5.15	0.10076
5.15	0.10436000000000001
5.15	0.10940000000000001
5.15	0.11532000000000002
5.15	0.12188000000000002
5.15	0.12892
5.15	0.13620000000000002
5.15	0.14364000000000005
5.2	-0.0234
5.2	-0.015480000000000002
5.2	-0.007719999999999999
5.2	-0.00020000000000000052
5.2	0.006999999999999999
5.2	0.01356
5.2	0.01932
5.2	0.02372
5.2	0.025
5.2	0.026520000000000002
5.2	0.027639999999999998
5.2	0.09860000000000001
5.2	0.10084000000000001
5.2	0.10460000000000001
5.2	0.10972000000000001
5.2	0.11572
5.2	0.12244000000000002
5.2	0.12956000000000004
5.2	0.13692000000000001
5.2	0.14444
5.25	-0.0242
5.25	-0.01628
5.25	-0.008360000000000001
5.25	-0.0007600000000000003
5.25	0.006520000000000001
5.25	0.013239999999999998
5.25	0.01908
5.25	0.025
5.25	0.026520000000000002
5.25	0.027639999999999998
5.25	0.09860000000000001
5.25	0.10100000000000002
5.25	0.10484
5.25	0.11004
5.25	0.11620000000000001
5.25	0.12300000000000001
5.25	0.13020000000000004
5.25	0.13764000000000004
5.25	0.14524
5.3	-0.017
5.3	-0.009000000000000001
5.3	-0.0013200000000000004
5.3	0.0061200000000000004
5.3	0.012920000000000001
5.3	0.01884
5.3	0.02348
5.3	0.025
5.3	0.02604
5.3	0.027639999999999998
5.3	0.09852000000000001
5.3	0.10108000000000002
5.3	0.10508000000000002
5.3	0.11036000000000001
5.3	0.11660000000000002
5.3	0.12348000000000003
5.3	0.13084
5.3	0.13835999999999998
5.3	0.14604
5.35	-0.017720000000000003
5.35	-0.009720000000000001
5.35	-0.001880000000000001
5.35	0.005639999999999999
5.35	0.01252
5.35	0.018600000000000002
5.35	0.0234
5.35	0.025
5.35	0.026439999999999998
5.35	0.02764
5.35	0.09860000000000001
5.35	0.10124
5.35	0.10532000000000001
5.35	0.11068000000000003
5.35	0.11708
5.35	0.12404000000000001
5.35	0.13147999999999999
5.35	0.13908
5.35	0.14684000000000003
5.4	-0.01844
5.4	-0.01036
5.4	-0.002440000000000001
5.4	0.00516
5.4	0.012199999999999999
5.4	0.018359999999999998
5.4	0.02324
5.4	0.025
5.4	0.02604
5.4	0.02772
5.4	0.09868000000000002
5.4	0.1014
5.4	0.10540000000000001
5.4	0.11108
5.4	0.11756000000000003
5.4	0.1246
5.4	0.13212000000000002
5.4	0.13980000000000004
5.4	0.14764000000000002
5.45	-0.019160000000000003
5.45	-0.011
5.45	-0.003000000000000001
5.45	0.00476
5.45	0.011880000000000002
5.45	0.018120000000000004
5.45	0.023080000000000003
5.45	0.025
5.45	0.02636
5.45	0.02772
5.45	0.09868000000000002
5.45	0.10148000000000001
5.45	0.10580000000000002
5.45	0.11140000000000001
5.45	0.11796
5.45	0.12516
5.45	0.13276000000000002
5.45	0.14052000000000003
5.45	0.14844000000000002
5.5	-0.019960000000000002
5.5	-0.011640000000000001
5.5	-0.0035600000000000007
5.5	0.004280000000000001
5.5	0.01148
5.5	0.01788
5.5	0.023000000000000003
5.5	0.025
5.5	0.026280000000000005
5.5	0.02772
5.5	0.09868000000000002
5.5	0.10164000000000002
5.5	0.10548000000000002
5.5	0.11172
5.5	0.11844000000000002
5.5	0.12572
5.5	0.13340000000000002
5.5	0.14124
5.5	0.14932000000000004
5.55	-0.02068
5.55	-0.012280000000000001
5.55	-0.00412
5.55	0.0037999999999999996
5.55	0.01116
5.55	0.01764
5.55	0.022840000000000003
5.55	0.025
5.55	0.026280000000000005
5.55	0.02772
5.55	0.09868000000000002
5.55	0.10180000000000002
5.55	0.10540000000000001
5.55	0.10628
5.55	0.11212
5.55	0.11892
5.55	0.12628
5.55	0.13404
5.55	0.14196000000000003
5.6	-0.021400000000000002
5.6	-0.012920000000000001
5.6	-0.00468
5.6	0.00332
5.6	0.010759999999999999
5.6	0.017400000000000002
5.6	0.02268
5.6	0.025
5.6	0.026119999999999997
5.6	0.0274
5.6	0.09868000000000002
5.6	0.10196000000000001
5.6	0.10548000000000002
5.6	0.10652000000000002
5.6	0.11244000000000003
5.6	0.11932000000000002
5.6	0.12684
5.6	0.13468
5.6	0.14276000000000003
5.6499999999999995	-0.0222
5.6499999999999995	-0.013640000000000003
5.6499999999999995	-0.00524
5.6499999999999995	0.0028400000000000014
5.6499999999999995	0.010440000000000001
5.6499999999999995	0.01716
5.6499999999999995	0.02252
5.6499999999999995	0.025
5.6499999999999995	0.026119999999999997
5.6499999999999995	0.02772
5.6499999999999995	0.09868000000000002
5.6499999999999995	0.10203999999999999
5.6499999999999995	0.10556000000000001
5.6499999999999995	0.10676000000000001
5.6499999999999995	0.11284000000000001
5.6499999999999995	0.1198
5.6499999999999995	0.1274
5.6499999999999995	0.13532000000000002
5.6499999999999995	0.14348
5.7	-0.022920000000000003
5.7	-0.014280000000000001
5.7	-0.005800000000000001
5.7	0.0024400000000000003
5.7	0.010040000000000002
5.7	0.01692
5.7	0.022439999999999998
5.7	0.025
5.7	0.026119999999999997
5.7	0.02772
5.7	0.09868000000000002
5.7	0.09932
5.7	0.10220000000000001
5.7	0.10548000000000002
5.7	0.10700000000000001
5.7	0.11316
5.7	0.12028000000000001
5.7	0.12796000000000002
5.7	0.13596000000000003
5.7	0.1442
5.75	-0.02364
5.75	-0.01492
5.75	-0.006360000000000001
5.75	0.00196
5.75	0.00972
5.75	0.0166
5.75	0.02228
5.75	0.025
5.75	0.026119999999999997
5.75	0.02772
5.75	0.09868000000000002
5.75	0.0994
5.75	0.10236
5.75	0.10564
5.75	0.10724
5.75	0.11356000000000002
5.75	0.12076000000000002
5.75	0.12852000000000002
5.75	0.1366
5.75	0.14492
5.8	-0.02436
5.8	-0.015560000000000001
5.8	-0.006920000000000001
5.8	0.00148
5.8	0.009320000000000002
5.8	0.01636
5.8	0.02212
5.8	0.025
5.8	0.026119999999999997
5.8	0.02748
5.8	0.09868000000000002
5.8	0.09948
5.8	0.10252000000000001
5.8	0.10556000000000001
5.8	0.10748000000000002
5.8	0.11388000000000002
5.8	0.12116
5.8	0.12908000000000003
5.8	0.13724
5.8	0.14564000000000002
5.8500000000000005	-0.01628
5.8500000000000005	-0.0074800000000000005
5.8500000000000005	0.0009999999999999992
5.8500000000000005	0.009000000000000001
5.8500000000000005	0.016120000000000002
5.8500000000000005	0.02196
5.8500000000000005	0.025
5.8500000000000005	0.025960000000000004
5.8500000000000005	0.02772
5.8500000000000005	0.09868000000000002
5.8500000000000005	0.09948
5.8500000000000005	0.10268000000000002
5.8500000000000005	0.10564000000000003
5.8500000000000005	0.10780000000000002
5.8500000000000005	0.11428
5.8500000000000005	0.12164000000000001
5.8500000000000005	0.12964000000000003
5.8500000000000005	0.13788000000000003
5.8500000000000005	0.14644000000000001
5.9	-0.01692
5.9	-0.008040000000000002
5.9	0.0005199999999999996
5.9	0.0086
5.9	0.01588
5.9	0.0218
5.9	0.025
5.9	0.025880000000000004
5.9	0.02772
5.9	0.09868000000000002
5.9	0.10284000000000001
5.9	0.10572000000000001
5.9	0.10804000000000002
5.9	0.11460000000000002
5.9	0.12212
5.9	0.13020000000000004
5.9	0.1386
5.9	0.14716
5.95	-0.01756
5.95	-0.0086
5.95	0.000040000000000000796
5.95	0.008200000000000002
5.95	0.015560000000000001
5.95	0.02164
5.95	0.025
5.95	0.025880000000000004
5.95	0.02756
5.95	0.09868000000000002
5.95	0.10300000000000002
5.95	0.10564000000000003
5.95	0.10828
5.95	0.115
5.95	0.12260000000000001
5.95	0.13076000000000002
5.95	0.13924
5.95	0.14788
6.	-0.0182
6.	-0.009240000000000002
6.	-0.0004399999999999994
6.	0.007879999999999998
6.	0.01532
6.	0.02148
6.	0.025
6.	0.0258
6.	0.02756
6.	0.09876
6.	0.09972
6.	0.10316000000000003
6.	0.10572000000000001
6.	0.10852000000000002
6.	0.11540000000000002
6.	0.12308000000000001
6.	0.13132000000000002
6.	0.13988000000000003
6.	0.1486
6.05	-0.01892
6.05	-0.0098
6.05	-0.0009200000000000007
6.05	0.0074800000000000005
6.05	0.015080000000000003
6.05	0.02132
6.05	0.025
6.05	0.0262
6.05	0.02772
6.05	0.09876
6.05	0.09980000000000001
6.05	0.10332000000000001
6.05	0.10572000000000001
6.05	0.10884
6.05	0.11572
6.05	0.12356000000000003
6.05	0.13188000000000002
6.05	0.14052000000000003
6.05	0.14932000000000004
6.1	-0.01956
6.1	-0.01036
6.1	-0.0014000000000000002
6.1	0.007079999999999999
6.1	0.014760000000000002
6.1	0.021159999999999998
6.1	0.025
6.1	0.0262
6.1	0.02764
6.1	0.09876
6.1	0.09980000000000001
6.1	0.10348000000000002
6.1	0.10580000000000002
6.1	0.10908000000000002
6.1	0.11612
6.1	0.12404000000000001
6.1	0.13244
6.1	0.14116
6.15	-0.020200000000000003
6.15	-0.010920000000000001
6.15	-0.001880000000000001
6.15	0.00668
6.15	0.014519999999999998
6.15	0.021
6.15	0.025
6.15	0.0262
6.15	0.02764
6.15	0.09876
6.15	0.09988000000000001
6.15	0.10364000000000002
6.15	0.10588000000000002
6.15	0.10932000000000001
6.15	0.11652000000000003
6.15	0.12452
6.15	0.133
6.15	0.14188000000000003
6.2	-0.02092
6.2	-0.01148
6.2	-0.002360000000000001
6.2	0.006360000000000001
6.2	0.014280000000000001
6.2	0.02084
6.2	0.025
6.2	0.0262
6.2	0.02772
6.2	0.09876
6.2	0.09996000000000002
6.2	0.10380000000000002
6.2	0.10580000000000002
6.2	0.10964000000000003
6.2	0.11684000000000001
6.2	0.125
6.2	0.13364
6.2	0.14252000000000004
6.25	-0.021560000000000003
6.25	-0.01212
6.25	-0.0028400000000000014
6.25	0.00596
6.25	0.01396
6.25	0.020679999999999997
6.25	0.025
6.25	0.0262
6.25	0.02772
6.25	0.09876
6.25	0.10003999999999999
6.25	0.10396000000000001
6.25	0.10588000000000002
6.25	0.10988000000000002
6.25	0.11724000000000001
6.25	0.12548
6.25	0.1342
6.25	0.14316
6.300000000000001	-0.0222
6.300000000000001	-0.012680000000000002
6.300000000000001	-0.00332
6.300000000000001	0.00556
6.300000000000001	0.01372
6.300000000000001	0.02052
6.300000000000001	0.025
6.300000000000001	0.0262
6.300000000000001	0.02772
6.300000000000001	0.09876
6.300000000000001	0.10012000000000001
6.300000000000001	0.10411999999999999
6.300000000000001	0.10588000000000002
6.300000000000001	0.1102
6.300000000000001	0.11764000000000001
6.300000000000001	0.12596000000000002
6.300000000000001	0.13476000000000002
6.300000000000001	0.14380000000000004
6.3500000000000005	-0.022920000000000003
6.3500000000000005	-0.013240000000000002
6.3500000000000005	-0.0037999999999999996
6.3500000000000005	0.00516
6.3500000000000005	0.013399999999999999
6.3500000000000005	0.02036
6.3500000000000005	0.025
6.3500000000000005	0.026280000000000005
6.3500000000000005	0.02772
6.3500000000000005	0.09884
6.3500000000000005	0.10020000000000001
6.3500000000000005	0.10428
6.3500000000000005	0.10596000000000001
6.3500000000000005	0.11044000000000002
6.3500000000000005	0.11804
6.3500000000000005	0.12644
6.3500000000000005	0.13532000000000002
6.3500000000000005	0.14452000000000004
6.4	-0.02356
6.4	-0.0138
6.4	-0.00436
6.4	0.00476
6.4	0.013160000000000002
6.4	0.0202
6.4	0.025
6.4	0.026280000000000005
6.4	0.027800000000000002
6.4	0.09884
6.4	0.10028000000000001
6.4	0.10444000000000002
6.4	0.10604000000000002
6.4	0.11076000000000001
6.4	0.11844000000000002
6.4	0.12692
6.4	0.13588000000000003
6.4	0.14516
6.45	-0.0242
6.45	-0.01444
6.45	-0.0048400000000000006
6.45	0.004359999999999999
6.45	0.01284
6.45	0.02004
6.45	0.025
6.45	0.026280000000000005
6.45	0.027800000000000002
6.45	0.09884
6.45	0.10036
6.45	0.10460000000000001
6.45	0.10596000000000001
6.45	0.111
6.45	0.11876000000000002
6.45	0.1274
6.45	0.13652000000000003
6.45	0.1458
6.5	-0.015
6.5	-0.00532
6.5	0.003960000000000001
6.5	0.0126
6.5	0.019880000000000002
6.5	0.025
6.5	0.026280000000000005
6.5	0.027800000000000002
6.5	0.09884
6.5	0.10044000000000002
6.5	0.10484
6.5	0.10604
6.5	0.11132000000000002
6.5	0.11916
6.5	0.12788000000000002
6.5	0.13708000000000004
6.5	0.14644000000000001
6.55	-0.015560000000000001
6.55	-0.005800000000000001
6.55	0.00364
6.55	0.01228
6.55	0.01964
6.55	0.025
6.55	0.026280000000000005
6.55	0.027800000000000002
6.55	0.09884
6.55	0.10052000000000001
6.55	0.10500000000000001
6.55	0.10604
6.55	0.11156000000000002
6.55	0.11956000000000003
6.55	0.12836000000000003
6.55	0.13764000000000004
6.55	0.14716
6.6000000000000005	-0.0162
6.6000000000000005	-0.006280000000000001
6.6000000000000005	0.00324
6.6000000000000005	0.011959999999999998
6.6000000000000005	0.01948
6.6000000000000005	0.025
6.6000000000000005	0.026280000000000005
6.6000000000000005	0.027800000000000002
6.6000000000000005	0.09884
6.6000000000000005	0.10060000000000001
6.6000000000000005	0.10516
6.6000000000000005	0.10611999999999999
6.6000000000000005	0.11188000000000002
6.6000000000000005	0.11996
6.6000000000000005	0.12884
6.6000000000000005	0.1382
6.6000000000000005	0.14780000000000001
6.65	-0.01676
6.65	-0.0067599999999999995
6.65	0.0028400000000000014
6.65	0.011720000000000001
6.65	0.01932
6.65	0.025
6.65	0.026280000000000005
6.65	0.027880000000000002
6.65	0.09892000000000001
6.65	0.10068000000000002
6.65	0.10532000000000001
6.65	0.1062
6.65	0.11220000000000001
6.65	0.12036000000000002
6.65	0.12940000000000002
6.65	0.13876000000000002
6.65	0.14844000000000002
6.7	-0.017320000000000002
6.7	-0.00732
6.7	0.0024400000000000003
6.7	0.0114
6.7	0.01916
6.7	0.025
6.7	0.026280000000000005
6.7	0.027880000000000002
6.7	0.09892000000000001
6.7	0.10076
6.7	0.10556000000000001
6.7	0.10611999999999999
6.7	0.11244000000000003
6.7	0.12076000000000002
6.7	0.12988000000000002
6.7	0.13940000000000002
6.7	0.14916000000000001
6.75	-0.01796
6.75	-0.0078
6.75	0.00204
6.75	0.01108
6.75	0.01892
6.75	0.025
6.75	0.026280000000000005
6.75	0.027880000000000002
6.75	0.09892000000000001
6.75	0.10084000000000001
6.75	0.10628
6.75	0.11276000000000001
6.75	0.12116
6.75	0.13036000000000003
6.75	0.13996000000000003
6.8	-0.018520000000000002
6.8	-0.008280000000000001
6.8	0.001639999999999999
6.8	0.010839999999999999
6.8	0.01876
6.8	0.025
6.8	0.02636
6.8	0.027800000000000002
6.8	0.09892000000000001
6.8	0.10092000000000004
6.8	0.1062
6.8	0.11308
6.8	0.12156000000000003
6.8	0.13084
6.8	0.14052000000000003
6.85	-0.019080000000000003
6.85	-0.00876
6.85	0.0012400000000000004
6.85	0.010520000000000002
6.85	0.018600000000000002
6.85	0.025
6.85	0.02636
6.85	0.027960000000000002
6.85	0.09892000000000001
6.85	0.10100000000000002
6.85	0.10611999999999999
6.85	0.11332000000000002
6.85	0.12196
6.85	0.13132000000000002
6.85	0.14116
6.9	-0.01972
6.9	-0.009240000000000002
6.9	0.0008399999999999994
6.9	0.0102
6.9	0.01836
6.9	0.025
6.9	0.02636
6.9	0.027960000000000002
6.9	0.099
6.9	0.10108000000000002
6.9	0.10628
6.9	0.11364
6.9	0.12236000000000002
6.9	0.13180000000000003
6.9	0.14172
6.95	-0.02028
6.95	-0.0098
6.95	0.0003599999999999992
6.95	0.00988
6.95	0.0182
6.95	0.025
6.95	0.02636
6.95	0.027960000000000002
6.95	0.099
6.95	0.10116000000000003
6.95	0.10644000000000002
6.95	0.11396000000000002
6.95	0.12276000000000002
6.95	0.13236
6.95	0.14228000000000002
7.	-0.02084
7.	-0.010280000000000001
7.	-0.00003999999999999906
7.	0.00964
7.	0.01804
7.	0.025
7.	0.02636
7.	0.028040000000000002
7.	0.099
7.	0.10132000000000001
7.	0.10668000000000002
7.	0.11428
7.	0.12316
7.	0.13284
7.	0.14292000000000002
7.050000000000001	-0.02148
7.050000000000001	-0.010760000000000002
7.050000000000001	-0.0004399999999999994
7.050000000000001	0.009320000000000002
7.050000000000001	0.0178
7.050000000000001	0.025
7.050000000000001	0.02636
7.050000000000001	0.028040000000000002
7.050000000000001	0.099
7.050000000000001	0.1014
7.050000000000001	0.10636000000000001
7.050000000000001	0.11460000000000002
7.050000000000001	0.12356000000000003
7.050000000000001	0.13332000000000002
7.050000000000001	0.14348
7.1000000000000005	-0.02204
7.1000000000000005	-0.01132
7.1000000000000005	-0.0008400000000000005
7.1000000000000005	0.009000000000000001
7.1000000000000005	0.01764
7.1000000000000005	0.024200000000000003
7.1000000000000005	0.025
7.1000000000000005	0.02636
7.1000000000000005	0.028040000000000002
7.1000000000000005	0.09908000000000002
7.1000000000000005	0.10148000000000001
7.1000000000000005	0.10708000000000002
7.1000000000000005	0.11484000000000001
7.1000000000000005	0.12396
7.1000000000000005	0.13380000000000003
7.1000000000000005	0.14404
7.15	-0.02268
7.15	-0.011800000000000001
7.15	-0.0012400000000000004
7.15	0.00868
7.15	0.017400000000000002
7.15	0.025
7.15	0.02636
7.15	0.02772
7.15	0.09908000000000002
7.15	0.10156000000000001
7.15	0.10644000000000002
7.15	0.10724
7.15	0.11516
7.15	0.12436000000000003
7.15	0.13436
7.15	0.14468
7.2	-0.02324
7.2	-0.012280000000000001
7.2	-0.0016400000000000015
7.2	0.00836
7.2	0.017240000000000002
7.2	0.025
7.2	0.026439999999999998
7.2	0.02772
7.2	0.09908000000000002
7.2	0.10164000000000002
7.2	0.10652000000000002
7.2	0.10748000000000002
7.2	0.11548000000000003
7.2	0.12483999999999999
7.2	0.13484000000000002
7.2	0.14524
7.25	-0.0238
7.25	-0.01284
7.25	-0.00204
7.25	0.008120000000000002
7.25	0.01708
7.25	0.025
7.25	0.02644
7.25	0.02812
7.25	0.09908000000000002
7.25	0.10180000000000002
7.25	0.10660000000000001
7.25	0.10764000000000003
7.25	0.11580000000000001
7.25	0.12524000000000002
7.25	0.13532000000000002
7.25	0.1458
7.3	-0.024440000000000003
7.3	-0.013320000000000002
7.3	-0.0024400000000000003
7.3	0.007799999999999998
7.3	0.01684
7.3	0.0238
7.3	0.025
7.3	0.02644
7.3	0.02812
7.3	0.09916
7.3	0.10188000000000001
7.3	0.10652000000000002
7.3	0.10788000000000002
7.3	0.11612
7.3	0.12564000000000003
7.3	0.13588000000000003
7.3	0.14644000000000001
7.3500000000000005	-0.0138
7.3500000000000005	-0.002920000000000001
7.3500000000000005	0.0074800000000000005
7.3500000000000005	0.01668
7.3500000000000005	0.02372
7.3500000000000005	0.025
7.3500000000000005	0.02644
7.3500000000000005	0.0282
7.3500000000000005	0.09916
7.3500000000000005	0.10196000000000001
7.3500000000000005	0.10668000000000002
7.3500000000000005	0.10812
7.3500000000000005	0.11644000000000003
7.3500000000000005	0.12604
7.3500000000000005	0.13636
7.3500000000000005	0.14700000000000002
7.4	-0.014360000000000001
7.4	-0.00332
7.4	0.007159999999999998
7.4	0.01644
7.4	0.02364
7.4	0.025
7.4	0.02644
7.4	0.0282
7.4	0.09916
7.4	0.10203999999999999
7.4	0.10660000000000001
7.4	0.10828
7.4	0.11676000000000002
7.4	0.12644
7.4	0.13684000000000002
7.4	0.14756000000000002
7.45	-0.01484
7.45	-0.0037199999999999998
7.45	0.006840000000000001
7.45	0.016200000000000003
7.45	0.025
7.45	0.02644
7.45	0.0282
7.45	0.09916
7.45	0.10220000000000001
7.45	0.10676000000000001
7.45	0.10852000000000002
7.45	0.11708
7.45	0.12684
7.45	0.13740000000000002
7.45	0.1482
7.5	-0.01532
7.5	-0.00412
7.5	0.006520000000000001
7.5	0.016040000000000002
7.5	0.02348
7.5	0.025
7.5	0.02644
7.5	0.02828
7.5	0.09924000000000002
7.5	0.10228000000000001
7.5	0.10668000000000002
7.5	0.10868000000000003
7.5	0.11740000000000002
7.5	0.12732000000000002
7.5	0.13788000000000003
7.5	0.14876000000000003
7.55	-0.01588
7.55	-0.00452
7.55	0.006200000000000001
7.55	0.0158
7.55	0.0234
7.55	0.025
7.55	0.02644
7.55	0.02828
7.55	0.09924000000000002
7.55	0.10236
7.55	0.10676000000000001
7.55	0.10892000000000002
7.55	0.11772
7.55	0.12772
7.55	0.13835999999999998
7.55	0.14932000000000004
7.6	-0.01636
7.6	-0.005000000000000001
7.6	0.00588
7.6	0.015640000000000005
7.6	0.02324
7.6	0.025
7.6	0.02644
7.6	0.02828
7.6	0.09924000000000001
7.6	0.10252000000000001
7.6	0.10684
7.6	0.10916000000000001
7.6	0.11804
7.6	0.12812
7.6	0.13892000000000002
7.65	-0.01684
7.65	-0.0054
7.65	0.00556
7.65	0.0154
7.65	0.02316
7.65	0.025
7.65	0.026520000000000002
7.65	0.02828
7.65	0.09924000000000001
7.65	0.10260000000000001
7.65	0.10676000000000001
7.65	0.10932000000000001
7.65	0.11836000000000002
7.65	0.12852000000000002
7.65	0.13940000000000002
7.7	-0.0174
7.7	-0.005800000000000001
7.7	0.00524
7.7	0.01516
7.7	0.023080000000000003
7.7	0.025
7.7	0.026520000000000002
7.7	0.028360000000000003
7.7	0.09932
7.7	0.10268000000000002
7.7	0.10692000000000002
7.7	0.10956000000000002
7.7	0.11868000000000001
7.7	0.129
7.7	0.13988000000000003
7.75	-0.01788
7.75	-0.006200000000000001
7.75	0.004919999999999999
7.75	0.015000000000000003
7.75	0.023000000000000003
7.75	0.025
7.75	0.026520000000000002
7.75	0.028360000000000003
7.75	0.09932
7.75	0.10284000000000001
7.75	0.10684
7.75	0.10980000000000002
7.75	0.11900000000000001
7.75	0.12940000000000002
7.75	0.14044
7.800000000000001	-0.01844
7.800000000000001	-0.00668
7.800000000000001	0.0046
7.800000000000001	0.014759999999999999
7.800000000000001	0.022840000000000003
7.800000000000001	0.025
7.800000000000001	0.026520000000000002
7.800000000000001	0.028360000000000003
7.800000000000001	0.09924000000000001
7.800000000000001	0.10292000000000004
7.800000000000001	0.10700000000000001
7.800000000000001	0.10996000000000002
7.800000000000001	0.11932000000000002
7.800000000000001	0.12980000000000003
7.800000000000001	0.14092000000000002
7.8500000000000005	-0.01892
7.8500000000000005	-0.00708
7.8500000000000005	0.004280000000000001
7.8500000000000005	0.014519999999999998
7.8500000000000005	0.022760000000000002
7.8500000000000005	0.025
7.8500000000000005	0.026520000000000002
7.8500000000000005	0.02844
7.8500000000000005	0.0994
7.8500000000000005	0.10300000000000002
7.8500000000000005	0.10692000000000002
7.8500000000000005	0.1102
7.8500000000000005	0.11964000000000001
7.8500000000000005	0.13020000000000004
7.8500000000000005	0.14140000000000003
7.9	-0.0194
7.9	-0.0074800000000000005
7.9	0.00396
7.9	0.014360000000000001
7.9	0.02268
7.9	0.025
7.9	0.026520000000000002
7.9	0.02756
7.9	0.02844
7.9	0.09916
7.9	0.10316000000000003
7.9	0.10700000000000001
7.9	0.11044000000000002
7.9	0.11996
7.9	0.13068
7.9	0.14196000000000003
7.95	-0.019960000000000002
7.95	-0.007959999999999998
7.95	0.00364
7.95	0.01412
7.95	0.02252
7.95	0.025
7.95	0.026520000000000002
7.95	0.02756
7.95	0.02844
7.95	0.09948
7.95	0.10324
7.95	0.10700000000000001
7.95	0.11068000000000003
7.95	0.12028000000000001
7.95	0.13108000000000003
7.95	0.14244
8.	-0.020440000000000003
8.	-0.008360000000000001
8.	0.00332
8.	0.013879999999999998
8.	0.022439999999999998
8.	0.025
8.	0.026520000000000002
8.	0.02756
8.	0.0286
8.	0.09948
8.	0.1034
8.	0.10708000000000002
8.	0.11091999999999999
8.	0.12060000000000001
8.	0.13147999999999999
8.	0.14300000000000002
8.05	-0.021
8.05	-0.00876
8.05	0.003000000000000001
8.05	0.013640000000000003
8.05	0.02236
8.05	0.025
8.05	0.026520000000000002
8.05	0.02756
8.05	0.02852
8.05	0.09948
8.05	0.10348000000000002
8.05	0.10716
8.05	0.11108
8.05	0.12092
8.05	0.13196000000000002
8.05	0.14348
8.100000000000001	-0.02148
8.100000000000001	-0.00916
8.100000000000001	0.0026799999999999997
8.100000000000001	0.013479999999999999
8.100000000000001	0.0222
8.100000000000001	0.025
8.100000000000001	0.026600000000000002
8.100000000000001	0.027479999999999997
8.100000000000001	0.02852
8.100000000000001	0.09956000000000001
8.100000000000001	0.10364000000000002
8.100000000000001	0.10708000000000002
8.100000000000001	0.11132000000000002
8.100000000000001	0.12124000000000001
8.100000000000001	0.13236
8.100000000000001	0.14396000000000003
8.150000000000002	-0.02196
8.150000000000002	-0.00964
8.150000000000002	0.0022800000000000008
8.150000000000002	0.013239999999999998
8.150000000000002	0.02212
8.150000000000002	0.025
8.150000000000002	0.026600000000000002
8.150000000000002	0.027479999999999997
8.150000000000002	0.02852
8.150000000000002	0.09956000000000001
8.150000000000002	0.10372
8.150000000000002	0.10724000000000003
8.150000000000002	0.11156000000000002
8.150000000000002	0.12156000000000003
8.150000000000002	0.13276000000000002
8.150000000000002	0.14452000000000004
8.200000000000001	-0.022520000000000002
8.200000000000001	-0.010040000000000002
8.200000000000001	0.00196
8.200000000000001	0.013000000000000001
8.200000000000001	0.02204
8.200000000000001	0.025
8.200000000000001	0.026600000000000002
8.200000000000001	0.027479999999999997
8.200000000000001	0.02868
8.200000000000001	0.09932
8.200000000000001	0.10388000000000001
8.200000000000001	0.10716
8.200000000000001	0.11180000000000001
8.200000000000001	0.12196
8.200000000000001	0.13324
8.200000000000001	0.14500000000000002
8.25	-0.023
8.25	-0.010440000000000001
8.25	0.001639999999999999
8.25	0.01276
8.25	0.02188
8.25	0.025
8.25	0.026600000000000002
8.25	0.027479999999999997
8.25	0.0286
8.25	0.09963999999999999
8.25	0.10396000000000001
8.25	0.10732000000000001
8.25	0.11204
8.25	0.12228000000000001
8.25	0.13364000000000004
8.25	0.14556000000000002
8.3	-0.02356
8.3	-0.010920000000000001
8.3	0.0013200000000000004
8.3	0.0126
8.3	0.0218
8.3	0.025
8.3	0.026600000000000002
8.3	0.027479999999999997
8.3	0.0286
8.3	0.09963999999999999
8.3	0.10411999999999999
8.3	0.10724
8.3	0.11228
8.3	0.12260000000000001
8.3	0.13404
8.3	0.14604
8.35	-0.02404
8.35	-0.01132
8.35	0.0009999999999999992
8.35	0.01236
8.35	0.02164
8.35	0.025
8.35	0.026600000000000002
8.35	0.0274
8.35	0.0286
8.35	0.09972
8.35	0.1042
8.35	0.10732000000000001
8.35	0.11244000000000003
8.35	0.12292
8.35	0.13452000000000003
8.35	0.1466
8.4	-0.024600000000000004
8.4	-0.011800000000000001
8.4	0.00068
8.4	0.012119999999999999
8.4	0.02156
8.4	0.025
8.4	0.026600000000000002
8.4	0.0274
8.4	0.02868
8.4	0.09972
8.4	0.10436000000000001
8.4	0.10732000000000001
8.4	0.11268000000000003
8.4	0.12324000000000002
8.4	0.13492
8.4	0.14708000000000002
8.450000000000001	-0.0122
8.450000000000001	0.0002800000000000004
8.450000000000001	0.011880000000000002
8.450000000000001	0.0214
8.450000000000001	0.025
8.450000000000001	0.026600000000000002
8.450000000000001	0.0274
8.450000000000001	0.02868
8.450000000000001	0.09980000000000001
8.450000000000001	0.10444000000000002
8.450000000000001	0.10740000000000001
8.450000000000001	0.11291999999999999
8.450000000000001	0.12364000000000001
8.450000000000001	0.13532000000000002
8.450000000000001	0.14756000000000002
8.5	-0.0126
8.5	-0.000040000000000000796
8.5	0.011640000000000001
8.5	0.02132
8.5	0.025
8.5	0.026600000000000002
8.5	0.0274
8.5	0.02868
8.5	0.09980000000000001
8.5	0.10460000000000001
8.5	0.10748000000000002
8.5	0.11316
8.5	0.12396
8.5	0.13580000000000003
8.5	0.14812
8.55	-0.01308
8.55	-0.00036000000000000024
8.55	0.0114
8.55	0.021159999999999998
8.55	0.025
8.55	0.026680000000000002
8.55	0.02732
8.55	0.028759999999999997
8.55	0.0994
8.55	0.10468000000000002
8.55	0.10748000000000002
8.55	0.11340000000000001
8.55	0.12428000000000002
8.55	0.13620000000000002
8.55	0.1486
8.600000000000001	-0.01348
8.600000000000001	-0.00068
8.600000000000001	0.01116
8.600000000000001	0.02108
8.600000000000001	0.025
8.600000000000001	0.026680000000000002
8.600000000000001	0.02732
8.600000000000001	0.028759999999999997
8.600000000000001	0.0994
8.600000000000001	0.10484
8.600000000000001	0.10756000000000002
8.600000000000001	0.11364
8.600000000000001	0.1246
8.600000000000001	0.13668
8.600000000000001	0.14916000000000001
8.65	-0.01388
8.65	-0.0010000000000000009
8.65	0.01092
8.65	0.02092
8.65	0.025
8.65	0.026680000000000002
8.65	0.02732
8.65	0.028759999999999997
8.65	0.09932
8.65	0.10500000000000001
8.65	0.10748000000000002
8.65	0.11388000000000002
8.65	0.125
8.65	0.13708000000000004
8.7	-0.014360000000000001
8.7	-0.0014000000000000002
8.7	0.010680000000000002
8.7	0.02084
8.7	0.025
8.7	0.026680000000000002
8.7	0.02732
8.7	0.02876
8.7	0.09932
8.7	0.10508000000000002
8.7	0.10764
8.7	0.11412
8.7	0.12532000000000001
8.7	0.13748
8.75	-0.01476
8.75	-0.0017200000000000015
8.75	0.010520000000000002
8.75	0.020679999999999997
8.75	0.025
8.75	0.026680000000000002
8.75	0.02884
8.75	0.0994
8.75	0.10524
8.75	0.10756000000000002
8.75	0.11436000000000002
8.75	0.12564000000000003
8.75	0.13796000000000003
8.799999999999999	-0.01524
8.799999999999999	-0.00204
8.799999999999999	0.010280000000000001
8.799999999999999	0.0206
8.799999999999999	0.025
8.799999999999999	0.026680000000000002
8.799999999999999	0.02884
8.799999999999999	0.0994
8.799999999999999	0.10540000000000001
8.799999999999999	0.10772000000000001
8.799999999999999	0.11460000000000002
8.799999999999999	0.12596000000000002
8.799999999999999	0.13835999999999998
8.850000000000001	-0.01564
8.850000000000001	-0.002360000000000001
8.850000000000001	0.010040000000000002
8.850000000000001	0.020440000000000003
8.850000000000001	0.025
8.850000000000001	0.026680000000000002
8.850000000000001	0.02884
8.850000000000001	0.09948
8.850000000000001	0.10003999999999999
8.850000000000001	0.10548000000000002
8.850000000000001	0.10764000000000003
8.850000000000001	0.11484000000000001
8.850000000000001	0.12636000000000003
8.850000000000001	0.13884000000000002
8.900000000000002	-0.016120000000000002
8.900000000000002	-0.0027599999999999994
8.900000000000002	0.0098
8.900000000000002	0.02036
8.900000000000002	0.025
8.900000000000002	0.026680000000000002
8.900000000000002	0.02892
8.900000000000002	0.09948
8.900000000000002	0.10012000000000001
8.900000000000002	0.10564000000000003
8.900000000000002	0.10780000000000002
8.900000000000002	0.11508
8.900000000000002	0.12668
8.900000000000002	0.13924
8.950000000000001	-0.01652
8.950000000000001	-0.0030800000000000007
8.950000000000001	0.009560000000000003
8.950000000000001	0.0202
8.950000000000001	0.025
8.950000000000001	0.02716
8.950000000000001	0.02892
8.950000000000001	0.09948
8.950000000000001	0.10012000000000001
8.950000000000001	0.10580000000000002
8.950000000000001	0.10772000000000001
8.950000000000001	0.11532000000000002
8.950000000000001	0.127
8.950000000000001	0.13972
9.	-0.01692
9.	-0.0034000000000000002
9.	0.009320000000000002
9.	0.02012
9.	0.025
9.	0.02716
9.	0.02892
9.	0.09948
9.	0.10020000000000001
9.	0.10588000000000002
9.	0.10780000000000002
9.	0.11556000000000002
9.	0.1274
9.	0.14012
9.05	-0.0174
9.05	-0.0037999999999999996
9.05	0.009080000000000001
9.05	0.019960000000000002
9.05	0.025
9.05	0.02676
9.05	0.029
9.05	0.0994
9.05	0.10020000000000001
9.05	0.10604
9.05	0.10780000000000002
9.05	0.11580000000000001
9.05	0.12772
9.05	0.1406
9.1	-0.017800000000000003
9.1	-0.00412
9.1	0.008840000000000002
9.1	0.0198
9.1	0.025
9.1	0.02676
9.1	0.029
9.1	0.0994
9.1	0.10028000000000001
9.1	0.1062
9.1	0.10788000000000002
9.1	0.11612
9.1	0.12804000000000001
9.1	0.14100000000000001
9.15	-0.01828
9.15	-0.0044399999999999995
9.15	0.0086
9.15	0.01972
9.15	0.025
9.15	0.02676
9.15	0.029
9.15	0.0994
9.15	0.10028000000000001
9.15	0.10628
9.15	0.10788000000000002
9.15	0.11636000000000002
9.15	0.12844
9.15	0.14148
9.200000000000001	-0.018680000000000002
9.200000000000001	-0.00476
9.200000000000001	0.008360000000000003
9.200000000000001	0.01956
9.200000000000001	0.025
9.200000000000001	0.02676
9.200000000000001	0.029
9.200000000000001	0.09948
9.200000000000001	0.10036
9.200000000000001	0.10644000000000002
9.200000000000001	0.10796000000000001
9.200000000000001	0.11660000000000002
9.200000000000001	0.12876
9.200000000000001	0.14188000000000003
9.25	-0.019160000000000003
9.25	-0.005160000000000001
9.25	0.008120000000000002
9.25	0.01948
9.25	0.025
9.25	0.02676
9.25	0.02908
9.25	0.09948
9.25	0.10036
9.25	0.10660000000000001
9.25	0.10796000000000001
9.25	0.11684000000000001
9.25	0.12908000000000003
9.25	0.14228000000000002
9.3	-0.01956
9.3	-0.0054800000000000005
9.3	0.007799999999999998
9.3	0.01932
9.3	0.025
9.3	0.027
9.3	0.02908
9.3	0.09956000000000001
9.3	0.10044000000000002
9.3	0.10676000000000001
9.3	0.10804
9.3	0.11708
9.3	0.12948
9.3	0.14276000000000003
9.350000000000001	-0.020040000000000002
9.350000000000001	-0.005800000000000001
9.350000000000001	0.007559999999999997
9.350000000000001	0.019160000000000003
9.350000000000001	0.025
9.350000000000001	0.02692
9.350000000000001	0.02908
9.350000000000001	0.09956000000000001
9.350000000000001	0.10044000000000002
9.350000000000001	0.10692000000000002
9.350000000000001	0.10812
9.350000000000001	0.11732000000000002
9.350000000000001	0.12980000000000003
9.350000000000001	0.14316
9.4	-0.020440000000000003
9.4	-0.006200000000000001
9.4	0.00732
9.4	0.019
9.4	0.025
9.4	0.02692
9.4	0.029240000000000002
9.4	0.09956000000000001
9.4	0.10052000000000001
9.4	0.10700000000000001
9.4	0.10812
9.4	0.11756000000000003
9.4	0.13020000000000004
9.4	0.14364000000000005
9.450000000000001	-0.02084
9.450000000000001	-0.006520000000000001
9.450000000000001	0.007079999999999999
9.450000000000001	0.01892
9.450000000000001	0.025
9.450000000000001	0.02684
9.450000000000001	0.029160000000000002
9.450000000000001	0.09956000000000001
9.450000000000001	0.10052000000000001
9.450000000000001	0.10716
9.450000000000001	0.1082
9.450000000000001	0.1178
9.450000000000001	0.13052000000000002
9.450000000000001	0.14404
9.500000000000002	-0.02132
9.500000000000002	-0.0068400000000000015
9.500000000000002	0.006840000000000001
9.500000000000002	0.018760000000000002
9.500000000000002	0.025
9.500000000000002	0.02684
9.500000000000002	0.029160000000000002
9.500000000000002	0.09948
9.500000000000002	0.10060000000000001
9.500000000000002	0.10732000000000001
9.500000000000002	0.1082
9.500000000000002	0.11812
9.500000000000002	0.13084
9.500000000000002	0.14452000000000004
9.55	-0.02172
9.55	-0.00724
9.55	0.0066
9.55	0.018600000000000002
9.55	0.025
9.55	0.02684
9.55	0.029160000000000002
9.55	0.09948
9.55	0.10068000000000002
9.55	0.10748000000000002
9.55	0.10828
9.55	0.11836000000000002
9.55	0.13124
9.55	0.14492
9.6	-0.0222
9.6	-0.007560000000000001
9.6	0.006360000000000001
9.6	0.018520000000000002
9.6	0.025
9.6	0.02684
9.6	0.02924
9.6	0.09948
9.6	0.10068000000000002
9.6	0.1082
9.6	0.11860000000000001
9.6	0.13156
9.6	0.14540000000000003
9.65	-0.022600000000000002
9.65	-0.007959999999999998
9.65	0.0061200000000000004
9.65	0.018359999999999998
9.65	0.025
9.65	0.02684
9.65	0.02924
9.65	0.09956000000000001
9.65	0.10076
9.65	0.10772000000000001
9.65	0.11884000000000002
9.65	0.13196000000000002
9.65	0.1458
9.7	-0.02308
9.7	-0.008280000000000001
9.7	0.00588
9.7	0.0182
9.7	0.025
9.7	0.026840000000000003
9.7	0.02924
9.7	0.09956000000000001
9.7	0.10076
9.7	0.10788
9.7	0.11908
9.7	0.13228
9.7	0.14628000000000002
9.75	-0.02348
9.75	-0.0086
9.75	0.005559999999999999
9.75	0.01804
9.75	0.025
9.75	0.026840000000000003
9.75	0.02924
9.75	0.09964000000000002
9.75	0.10084000000000001
9.75	0.10844000000000001
9.75	0.11940000000000002
9.75	0.1326
9.75	0.14668
9.8	-0.023960000000000002
9.8	-0.009000000000000001
9.8	0.00532
9.8	0.01796
9.8	0.025
9.8	0.026680000000000002
9.8	0.02932
9.8	0.09964000000000002
9.8	0.10084000000000001
9.8	0.1082
9.8	0.11964000000000001
9.8	0.133
9.8	0.14716
9.85	-0.02436
9.85	-0.00932
9.85	0.0050799999999999994
9.85	0.0178
9.85	0.025
9.85	0.026680000000000002
9.85	0.02932
9.85	0.09964000000000002
9.85	0.10092000000000004
9.85	0.10836000000000001
9.85	0.11988000000000001
9.85	0.13332000000000002
9.85	0.14756000000000002
9.9	-0.009720000000000001
9.9	0.00484
9.9	0.01764
9.9	0.025
9.9	0.026600000000000002
9.9	0.02932
9.9	0.09964000000000002
9.9	0.10100000000000002
9.9	0.10852000000000002
9.9	0.12012
9.9	0.13372
9.9	0.14804
9.950000000000001	-0.010040000000000002
9.950000000000001	0.0046
9.950000000000001	0.017480000000000002
9.950000000000001	0.025
9.950000000000001	0.026600000000000002
9.950000000000001	0.02932
9.950000000000001	0.09956000000000001
9.950000000000001	0.10100000000000002
9.950000000000001	0.10860000000000002
9.950000000000001	0.12044000000000002
9.950000000000001	0.13404
9.950000000000001	0.14844000000000002
10.	-0.01036
10.	0.00436
10.	0.017400000000000002
10.	0.025
10.	0.026920000000000003
10.	0.0294
10.	0.09956000000000001
10.	0.10108000000000002
10.	0.10884
10.	0.12068000000000001
10.	0.13444
10.	0.14892