10.	0.0006092000000000001
10.	0.0006309999999999999
10.	0.00065
10.1	0.0006088
10.1	0.0006307999999999999
10.1	0.00065
10.2	0.0006083999999999999
10.2	0.0006305999999999999
10.2	0.00065
10.3	0.0006077999999999999
10.3	0.0006304
10.3	0.00065
10.4	0.0006072
10.4	0.0006302
10.4	0.00065
10.5	0.0006064
10.5	0.00063
10.5	0.00065
10.6	0.0006052
10.6	0.0006296
10.6	0.00065
10.700000000000001	0.0006033999999999999
10.700000000000001	0.0006293999999999999
10.700000000000001	0.00065
10.8	0.0006006
10.8	0.0006288
10.8	0.00065
10.9	0.0005962000000000001
10.9	0.0006282
10.9	0.0006498000000000001
11.	0.0005895999999999999
11.	0.0006274000000000001
11.	0.0006498000000000001
11.100000000000001	0.0005796000000000001
11.100000000000001	0.0006266
11.100000000000001	0.0006498000000000001
11.2	0.0005651999999999999
11.2	0.0006255999999999999
11.2	0.0006496
11.299999999999999	0.0005452
11.299999999999999	0.0006248
11.299999999999999	0.0006494
11.399999999999999	0.0005181999999999999
11.399999999999999	0.0006236
11.399999999999999	0.0006492
11.5	0.0004838
11.5	0.0006226
11.5	0.000649
11.6	0.00044139999999999994
11.6	0.0006211999999999999
11.6	0.0006485999999999999
11.7	0.0003912
11.7	0.0006196
11.7	0.0006482
11.799999999999999	0.0003344
11.799999999999999	0.0006174
11.799999999999999	0.0006476
11.9	0.0002724
11.9	0.0006144
11.9	0.0006468
12.	0.0002076
12.	0.0006102
12.	0.0006456
12.1	0.00014240000000000002
12.1	0.0006042
12.1	0.0006443999999999999
12.2	0.00007960000000000002
12.2	0.0005956000000000001
12.2	0.0006428
12.3	0.000021199999999999994
12.3	0.0005833999999999999
12.3	0.0006412
12.4	-0.00003099999999999997
12.4	0.0005662
12.4	0.0006393999999999999
12.5	-0.00007599999999999998
12.5	0.000543
12.5	0.0006376
12.6	-0.00011359999999999998
12.6	0.000513
12.6	0.0006358
12.700000000000001	-0.00014399999999999998
12.700000000000001	0.0004754
12.700000000000001	0.0006335999999999999
12.8	-0.00016799999999999996
12.8	0.0004298
12.8	0.0006312
12.9	-0.0001862
12.9	0.000377
12.9	0.0006282
13.	-0.00019999999999999998
13.	0.000318
13.	0.0006244
13.100000000000001	-0.0002104
13.100000000000001	0.0002548
13.100000000000001	0.0006194
13.2	-0.00021799999999999999
13.2	0.0001896
13.2	0.0006127999999999999
13.299999999999999	-0.00022339999999999998
13.299999999999999	0.00012540000000000004
13.299999999999999	0.0006042
13.399999999999999	-0.00022759999999999998
13.399999999999999	0.00006420000000000002
13.399999999999999	0.0005928
13.5	-0.00023079999999999997
13.5	8.200000000000004e-6
13.5	0.0005778000000000001
13.6	-0.00023319999999999998
13.6	-0.00004119999999999999
13.6	0.0005585999999999999
13.7	-0.0002352
13.7	-0.00008299999999999998
13.7	0.0005342
13.799999999999999	-0.000237
13.799999999999999	-0.0001174
13.799999999999999	0.0005044
13.9	-0.00023859999999999997
13.9	-0.00014479999999999997
13.9	0.0004684
14.	-0.00023999999999999998
14.	-0.00016579999999999996
14.	0.0004264
14.1	-0.00024159999999999996
14.1	-0.0001814
14.1	0.000379
14.2	-0.00024299999999999997
14.2	-0.00019279999999999997
14.2	0.000327
14.3	-0.0002444
14.3	-0.00020079999999999997
14.3	0.0002716
14.4	-0.0002456
14.4	-0.00020639999999999998
14.4	0.0002144
14.5	-0.0002465999999999999
14.5	-0.0002104
14.5	0.0001576
14.6	-0.00024739999999999994
14.6	-0.00021299999999999997
14.6	0.00010240000000000002
14.700000000000001	-0.00024799999999999996
14.700000000000001	-0.00021479999999999996
14.700000000000001	0.00005060000000000002
14.8	-0.00024839999999999997
14.8	-0.0002162
14.8	3.3999999999999903e-6
14.9	-0.0002488
14.9	-0.000217
14.9	-0.00003819999999999997
15.	-0.000249
15.	-0.00021779999999999998
15.	-0.00007419999999999999
15.100000000000001	-0.0002494
15.100000000000001	-0.0002182
15.100000000000001	-0.00010399999999999998
15.2	-0.0002494
15.2	-0.00021879999999999998
15.2	-0.00012839999999999998
15.299999999999999	-0.0002496
15.299999999999999	-0.00021899999999999998
15.299999999999999	-0.00014779999999999996
15.399999999999999	-0.0002498
15.399999999999999	-0.00021939999999999997
15.399999999999999	-0.0001626
15.5	-0.0002498
15.5	-0.0002196
15.5	-0.00017359999999999996
15.600000000000001	-0.0002498
15.600000000000001	-0.00021999999999999998
15.600000000000001	-0.00018179999999999997
15.700000000000001	-0.00025
15.700000000000001	-0.00022019999999999999
15.700000000000001	-0.00018739999999999995
15.8	-0.00025
15.8	-0.0002204
15.8	-0.0001914
15.900000000000002	-0.00025
15.900000000000002	-0.0002204
15.900000000000002	-0.00019399999999999997
16.	-0.00025
16.	-0.0002204
16.	-0.00019579999999999996
16.1	-0.00025
16.1	-0.0002204
16.1	-0.0001968
16.2	-0.00025
16.2	-0.0002204
16.2	-0.0001974
16.3	-0.00025
16.3	-0.00022019999999999999
16.3	-0.00019759999999999995
16.4	-0.00025
16.4	-0.00022019999999999999
16.4	-0.00019779999999999998
16.5	-0.00025
16.5	-0.00021999999999999998
16.5	-0.00019779999999999998
16.599999999999998	-0.00025
16.599999999999998	-0.00021979999999999998
16.599999999999998	-0.00019759999999999995
16.7	-0.00025
16.7	-0.00021979999999999998
16.7	-0.0001974
16.8	-0.00025
16.8	-0.0002196
16.8	-0.00019719999999999997
16.900000000000002	-0.00025
16.900000000000002	-0.00021939999999999997
16.900000000000002	-0.000197
17.	-0.00025
17.	-0.0002192
17.	-0.0001968
17.1	-0.00025
17.1	-0.0002192
17.1	-0.00019659999999999998
17.2	-0.00025
17.2	-0.00021899999999999998
17.2	-0.00019639999999999995
17.3	-0.00025
17.3	-0.00021879999999999998
17.3	-0.00019619999999999997
17.4	-0.00025
17.4	-0.0002186
17.4	-0.00019599999999999997
17.5	-0.00025
17.5	-0.00021839999999999997
17.5	-0.00019579999999999996
17.6	-0.00025
17.6	-0.00021839999999999997
17.6	-0.00019559999999999998
17.700000000000003	-0.00025
17.700000000000003	-0.0002182
17.700000000000003	-0.0001954
17.8	-0.00025
17.8	-0.00021799999999999999
17.8	-0.00019519999999999997
17.900000000000002	-0.00025
17.900000000000002	-0.00021779999999999998
17.900000000000002	-0.0001948
18.	-0.00025
18.	-0.00021759999999999995
18.	-0.0001946
18.1	-0.00025
18.1	-0.00021759999999999995
18.1	-0.00019439999999999998
18.2	-0.00025
18.2	-0.00021739999999999997
18.2	-0.00019419999999999998
18.3	-0.00025
18.3	-0.0002172
18.3	-0.00019399999999999997
18.4	-0.00025
18.4	-0.000217
18.4	-0.00019379999999999997
18.5	-0.00025
18.5	-0.000217
18.5	-0.0001936
18.599999999999998	-0.00025
18.599999999999998	-0.00021679999999999998
18.599999999999998	-0.00019339999999999998
18.7	-0.00025
18.7	-0.0002166
18.7	-0.00019319999999999998
18.8	-0.00025
18.8	-0.00021639999999999997
18.8	-0.00019299999999999997
18.900000000000002	-0.00025
18.900000000000002	-0.0002162
18.900000000000002	-0.00019279999999999997
19.	-0.00025
19.	-0.0002162
19.	-0.00019259999999999997
19.1	-0.00025
19.1	-0.00021599999999999996
19.1	-0.00019219999999999996
19.200000000000003	-0.00025
19.200000000000003	-0.0002158
19.200000000000003	-0.00019199999999999998
19.300000000000004	-0.00025
19.300000000000004	-0.00021559999999999996
19.300000000000004	-0.00019179999999999997
19.400000000000002	-0.00025
19.400000000000002	-0.00021559999999999996
19.400000000000002	-0.00019159999999999997
19.500000000000004	-0.00025
19.500000000000004	-0.0002154
19.500000000000004	-0.0001914
19.6	-0.00025
19.6	-0.00021519999999999997
19.6	-0.00019119999999999999
19.700000000000003	-0.00025
19.700000000000003	-0.000215
19.700000000000003	-0.00019099999999999998
19.8	-0.00025
19.8	-0.000215
19.8	-0.00019079999999999998
19.900000000000002	-0.00025
19.900000000000002	-0.00021479999999999996
19.900000000000002	-0.00019059999999999997
20.	-0.00025
20.	-0.00021459999999999998
20.	-0.0001904
20.1	-0.00025
20.1	-0.00021439999999999995
20.1	-0.0001902
20.2	-0.00025
20.2	-0.00021439999999999995
20.2	-0.00018999999999999998
20.3	-0.00025
20.3	-0.00021419999999999998
20.3	-0.0001898
20.4	-0.00025
20.4	-0.00021399999999999997
20.4	-0.0001896
20.5	-0.00025
20.5	-0.00021379999999999997
20.5	-0.0001894
20.599999999999998	-0.00025
20.599999999999998	-0.00021379999999999997
20.599999999999998	-0.0001892
20.7	-0.00025
20.7	-0.0002136
20.7	-0.00018899999999999999
20.8	-0.00025
20.8	-0.0002134
20.8	-0.00018879999999999998
20.900000000000002	-0.00025
20.900000000000002	-0.00021319999999999998
20.900000000000002	-0.00018859999999999998
21.	-0.00025
21.	-0.00021319999999999998
21.	-0.00018839999999999997
21.1	-0.00025
21.1	-0.00021299999999999997
21.1	-0.0001882
21.200000000000003	-0.00025
21.200000000000003	-0.00021279999999999997
21.200000000000003	-0.000188
21.300000000000004	-0.00025
21.300000000000004	-0.0002126
21.300000000000004	-0.00018779999999999998
21.400000000000002	-0.00025
21.400000000000002	-0.0002126
21.400000000000002	-0.00018759999999999998
21.500000000000004	-0.00025
21.500000000000004	-0.00021239999999999996
21.500000000000004	-0.00018739999999999995
21.6	-0.00025
21.6	-0.00021219999999999998
21.6	-0.00018719999999999994
21.700000000000003	-0.00025
21.700000000000003	-0.00021199999999999998
21.700000000000003	-0.00018699999999999996
21.8	-0.00025
21.8	-0.00021199999999999998
21.8	-0.00018679999999999996
21.900000000000002	-0.00025
21.900000000000002	-0.00021179999999999997
21.900000000000002	-0.00018679999999999996
22.	-0.00025
22.	-0.0002116
22.	-0.00018659999999999995
22.1	-0.00025
22.1	-0.00021139999999999996
22.1	-0.0001864
22.2	-0.00025
22.2	-0.00021139999999999996
22.2	-0.0001862
22.3	-0.00025
22.3	-0.00021119999999999998
22.3	-0.000186
22.4	-0.00025
22.4	-0.00021099999999999998
22.4	-0.0001858
22.5	-0.00025
22.5	-0.00021079999999999997
22.5	-0.0001856
22.599999999999998	-0.00025
22.599999999999998	-0.00021079999999999997
22.599999999999998	-0.00018539999999999998
22.7	-0.00025
22.7	-0.00021059999999999997
22.7	-0.00018519999999999998
22.8	-0.00025
22.8	-0.0002104
22.8	-0.00018499999999999997
22.900000000000002	-0.00025
22.900000000000002	-0.00021019999999999996
22.900000000000002	-0.0001848
23.	-0.00025
23.	-0.00021019999999999996
23.	-0.0001846
23.1	-0.00025
23.1	-0.00020999999999999998
23.1	-0.00018439999999999998
23.200000000000003	-0.00025
23.200000000000003	-0.0002098
23.200000000000003	-0.00018439999999999998
23.300000000000004	-0.00025
23.300000000000004	-0.0002098
23.300000000000004	-0.00018419999999999998
23.400000000000002	-0.00025
23.400000000000002	-0.00020959999999999997
23.400000000000002	-0.00018399999999999997
23.500000000000004	-0.00025
23.500000000000004	-0.0002094
23.500000000000004	-0.00018379999999999997
23.6	-0.00025
23.6	-0.00020919999999999996
23.6	-0.00018359999999999996
23.700000000000003	-0.00025
23.700000000000003	-0.00020919999999999996
23.700000000000003	-0.00018339999999999996
23.8	-0.00025
23.8	-0.00020899999999999998
23.8	-0.00018319999999999998
23.900000000000002	-0.00025
23.900000000000002	-0.00020879999999999995
23.900000000000002	-0.00018299999999999998
24.	-0.00025
24.	-0.00020879999999999995
24.	-0.00018279999999999997
24.1	-0.00025
24.1	-0.00020859999999999997
24.1	-0.00018279999999999997
24.2	-0.00025
24.2	-0.0002084
24.2	-0.00018259999999999997
24.3	-0.00025
24.3	-0.00020819999999999996
24.3	-0.00018239999999999996
24.4	-0.00025
24.4	-0.00020819999999999996
24.4	-0.00018219999999999998
24.5	-0.00025
24.5	-0.000208
24.5	-0.00018199999999999998
24.599999999999998	-0.00025
24.599999999999998	-0.0002078
24.599999999999998	-0.00018179999999999997
24.7	-0.00025
24.7	-0.0002078
24.7	-0.0001816
24.8	-0.00025
24.8	-0.00020759999999999998
24.8	-0.0001816
24.900000000000002	-0.00025
24.900000000000002	-0.00020739999999999995
24.900000000000002	-0.0001814
25.	-0.00025
25.	-0.00020719999999999997
25.	-0.00018119999999999999
25.1	-0.00025
25.1	-0.00020719999999999997
25.1	-0.00018099999999999998
25.200000000000003	-0.00025
25.200000000000003	-0.00020699999999999996
25.200000000000003	-0.00018079999999999998
25.300000000000004	-0.00025
25.300000000000004	-0.00020679999999999996
25.300000000000004	-0.0001806
25.400000000000002	-0.00025
25.400000000000002	-0.00020679999999999996
25.400000000000002	-0.0001804
25.500000000000004	-0.00025
25.500000000000004	-0.00020659999999999998
25.500000000000004	-0.0001804
25.6	-0.00025
25.6	-0.00020639999999999998
25.6	-0.0001802
25.700000000000003	-0.00025
25.700000000000003	-0.0002062
25.700000000000003	-0.00017999999999999998
25.8	-0.00025
25.8	-0.0002062
25.8	-0.00017979999999999998
25.900000000000002	-0.00025
25.900000000000002	-0.000206
25.900000000000002	-0.00017959999999999997
26.	-0.00025
26.	-0.0002058
26.	-0.00017959999999999997
26.1	-0.00025
26.1	-0.0002058
26.1	-0.00017939999999999997
26.2	-0.00025
26.2	-0.0002056
26.2	-0.00017919999999999996
26.3	-0.00025
26.3	-0.00020539999999999998
26.3	-0.000179
26.400000000000002	-0.00025
26.400000000000002	-0.00020539999999999998
26.400000000000002	-0.00017879999999999998
26.500000000000004	-0.00025
26.500000000000004	-0.00020519999999999995
26.500000000000004	-0.00017879999999999998
26.6	-0.00025
26.6	-0.00020499999999999997
26.6	-0.00017859999999999998
26.700000000000003	-0.00025
26.700000000000003	-0.00020479999999999994
26.700000000000003	-0.00017839999999999997
26.8	-0.00025
26.8	-0.00020479999999999994
26.8	-0.00017819999999999997
26.900000000000002	-0.00025
26.900000000000002	-0.00020459999999999996
26.900000000000002	-0.000178
27.	-0.00025
27.	-0.00020439999999999998
27.	-0.000178
27.1	-0.00025
27.1	-0.00020439999999999998
27.1	-0.00017779999999999998
27.2	-0.00025
27.2	-0.0002042
27.2	-0.00017759999999999998
27.3	-0.00025
27.3	-0.00020399999999999997
27.3	-0.00017739999999999998
27.4	-0.00025
27.4	-0.00020399999999999997
27.4	-0.00017739999999999998
27.5	-0.00025
27.5	-0.0002038
27.5	-0.00017719999999999997
27.6	-0.00025
27.6	-0.00020359999999999996
27.6	-0.00017699999999999997
27.700000000000003	-0.00025
27.700000000000003	-0.00020359999999999996
27.700000000000003	-0.0001768
27.8	-0.00025
27.8	-0.00020339999999999998
27.8	-0.0001768
27.900000000000002	-0.00025
27.900000000000002	-0.0002032
27.900000000000002	-0.00017659999999999998
28.	-0.00025
28.	-0.0002032
28.	-0.0001764
28.1	-0.00025
28.1	-0.00020299999999999997
28.1	-0.0001762
28.2	-0.00025
28.2	-0.0002028
28.2	-0.0001762
28.3	-0.00025
28.3	-0.0002028
28.3	-0.000176
28.400000000000002	-0.00025
28.400000000000002	-0.00020259999999999996
28.400000000000002	-0.0001758
28.500000000000004	-0.00025
28.500000000000004	-0.0002024
28.500000000000004	-0.00017559999999999999
28.6	-0.00025
28.6	-0.00020219999999999998
28.6	-0.00017559999999999999
28.700000000000003	-0.00025
28.700000000000003	-0.00020219999999999998
28.700000000000003	-0.00017539999999999998
28.8	-0.00025
28.8	-0.00020199999999999998
28.8	-0.00017519999999999998
28.900000000000002	-0.00025
28.900000000000002	-0.00020179999999999997
28.900000000000002	-0.00017499999999999997
29.	-0.00025
29.	-0.00020179999999999997
29.	-0.00017499999999999997
29.1	-0.00025
29.1	-0.00020159999999999997
29.1	-0.00017479999999999997
29.200000000000003	-0.00025
29.200000000000003	-0.00020139999999999996
29.200000000000003	-0.00017459999999999996
29.300000000000004	-0.00025
29.300000000000004	-0.00020139999999999996
29.300000000000004	-0.00017459999999999996
29.400000000000002	-0.00025
29.400000000000002	-0.00020119999999999998
29.400000000000002	-0.00017439999999999996
29.500000000000004	-0.00025
29.500000000000004	-0.00020099999999999998
29.500000000000004	-0.00017419999999999995
29.6	-0.00025
29.6	-0.00020099999999999998
29.6	-0.00017399999999999997
29.700000000000003	-0.00025
29.700000000000003	-0.00020079999999999997
29.700000000000003	-0.00017399999999999997
29.8	-0.00025
29.8	-0.0002006
29.8	-0.00017379999999999997
29.900000000000002	-0.00025
29.900000000000002	-0.0002006
29.900000000000002	-0.00017359999999999996
30.000000000000004	-0.00025
30.000000000000004	-0.00020039999999999997
30.000000000000004	-0.00017359999999999996
30.1	-0.00025
30.1	-0.0002002
30.1	-0.00017339999999999999
30.200000000000003	-0.00025
30.200000000000003	-0.0002002
30.200000000000003	-0.00017319999999999998
30.300000000000004	-0.00025
30.300000000000004	-0.00019999999999999998
30.300000000000004	-0.00017319999999999998
30.400000000000002	-0.00025
30.400000000000002	-0.00019979999999999998
30.400000000000002	-0.00017299999999999998
30.5	-0.00025
30.5	-0.00019979999999999998
30.5	-0.00017279999999999997
30.6	-0.00025
30.6	-0.00019959999999999995
30.6	-0.00017279999999999997
30.7	-0.00025
30.7	-0.0001996
30.7	-0.00017259999999999997
30.8	-0.00025
30.8	-0.00019939999999999997
30.8	-0.0001724
30.900000000000002	-0.00025
30.900000000000002	-0.0001992
30.900000000000002	-0.00017219999999999998
31.	-0.00025
31.	-0.0001992
31.	-0.00017219999999999998
31.1	-0.00025
31.1	-0.00019899999999999999
31.1	-0.00017199999999999998
31.200000000000003	-0.00025
31.200000000000003	-0.00019879999999999998
31.200000000000003	-0.0001718
31.3	-0.00025
31.3	-0.00019879999999999998
31.3	-0.0001718
31.400000000000002	-0.00025
31.400000000000002	-0.0001986
31.400000000000002	-0.0001716
31.500000000000004	-0.00025
31.500000000000004	-0.00019839999999999997
31.500000000000004	-0.0001716
31.6	-0.00025
31.6	-0.00019839999999999997
31.6	-0.0001714
31.700000000000003	-0.00025
31.700000000000003	-0.00019819999999999994
31.700000000000003	-0.0001712
31.800000000000004	-0.00025
31.800000000000004	-0.00019799999999999996
31.800000000000004	-0.0001712
31.900000000000002	-0.00025
31.900000000000002	-0.00019799999999999996
31.900000000000002	-0.00017099999999999998
32.	-0.00025
32.	-0.00019779999999999998
32.	-0.00017079999999999998
32.1	-0.00025
32.1	-0.00019759999999999995
32.1	-0.00017079999999999998
32.2	-0.00025
32.2	-0.00019759999999999995
32.2	-0.00017059999999999997
32.3	-0.00025
32.3	-0.0001974
32.3	-0.00017039999999999997
32.4	-0.00025
32.4	-0.00019719999999999997
32.4	-0.00017039999999999997
32.5	-0.00025
32.5	-0.00019719999999999997
32.5	-0.0001702
32.6	-0.00025
32.6	-0.000197
32.6	-0.0001702
32.7	-0.00025
32.7	-0.000197
32.7	-0.00016999999999999999
32.800000000000004	-0.00025
32.800000000000004	-0.0001968
32.800000000000004	-0.00016979999999999998
32.900000000000006	-0.00025
32.900000000000006	-0.00019659999999999998
32.900000000000006	-0.00016979999999999998
33.00000000000001	-0.00025
33.00000000000001	-0.00019659999999999998
33.00000000000001	-0.00016959999999999998
33.10000000000001	-0.00025
33.10000000000001	-0.00019639999999999995
33.10000000000001	-0.00016939999999999997
33.2	-0.00025
33.2	-0.00019619999999999997
33.2	-0.00016939999999999997
33.300000000000004	-0.00025
33.300000000000004	-0.00019619999999999997
33.300000000000004	-0.0001692
33.400000000000006	-0.00025
33.400000000000006	-0.00019599999999999997
33.400000000000006	-0.0001692
33.5	-0.00025
33.5	-0.00019579999999999996
33.5	-0.000169
33.6	-0.00025
33.6	-0.00019579999999999996
33.6	-0.00016879999999999998
33.7	-0.00025
33.7	-0.00019559999999999998
33.7	-0.00016879999999999998
33.8	-0.00025
33.8	-0.00019559999999999998
33.8	-0.0001686
33.9	-0.00025
33.9	-0.0001954
33.9	-0.0001686
34.	-0.00025
34.	-0.00019519999999999997
34.	-0.00016839999999999997
34.1	-0.00025
34.1	-0.00019519999999999997
34.1	-0.0001682
34.2	-0.00025
34.2	-0.00019499999999999997
34.2	-0.0001682
34.300000000000004	-0.00025
34.300000000000004	-0.0001948
34.300000000000004	-0.00016799999999999996
34.400000000000006	-0.00025
34.400000000000006	-0.0001948
34.400000000000006	-0.00016799999999999996
34.50000000000001	-0.00025
34.50000000000001	-0.0001946
34.50000000000001	-0.00016779999999999999
34.60000000000001	-0.00025
34.60000000000001	-0.0001946
34.60000000000001	-0.00016779999999999999
34.7	-0.00025
34.7	-0.00019439999999999998
34.7	-0.00016759999999999998
34.800000000000004	-0.00025
34.800000000000004	-0.00019419999999999998
34.800000000000004	-0.0001674
34.900000000000006	-0.00025
34.900000000000006	-0.00019419999999999998
34.900000000000006	-0.0001674
35.	-0.00025
35.	-0.00019399999999999997
35.	-0.0001672
35.1	-0.00025
35.1	-0.00019379999999999997
35.1	-0.0001672
35.2	-0.00025
35.2	-0.00019379999999999997
35.2	-0.000167
35.3	-0.00025
35.3	-0.0001936
35.3	-0.000167
35.4	-0.00025
35.4	-0.0001936
35.4	-0.0001668
35.5	-0.00025
35.5	-0.00019339999999999998
35.5	-0.00016659999999999998
35.6	-0.00025
35.6	-0.00019319999999999998
35.6	-0.00016659999999999998
35.7	-0.00025
35.7	-0.00019319999999999998
35.7	-0.00016639999999999998
35.800000000000004	-0.00025
35.800000000000004	-0.00019299999999999997
35.800000000000004	-0.00016639999999999998
35.900000000000006	-0.00025
35.900000000000006	-0.00019299999999999997
35.900000000000006	-0.00016619999999999997
36.00000000000001	-0.00025
36.00000000000001	-0.00019279999999999997
36.00000000000001	-0.00016619999999999997
36.10000000000001	-0.00025
36.10000000000001	-0.00019259999999999997
36.10000000000001	-0.00016599999999999997
36.2	-0.00025
36.2	-0.00019259999999999997
36.2	-0.00016599999999999997
36.300000000000004	-0.00025
36.300000000000004	-0.00019239999999999996
36.300000000000004	-0.00016579999999999996
36.400000000000006	-0.00025
36.400000000000006	-0.00019219999999999996
36.400000000000006	-0.00016579999999999996
36.5	-0.00025
36.5	-0.00019219999999999996
36.5	-0.00016559999999999996
36.6	-0.00025
36.6	-0.00019199999999999998
36.6	-0.00016559999999999996
36.7	-0.00025
36.7	-0.00019199999999999998
36.7	-0.00016539999999999995
36.8	-0.00025
36.8	-0.00019179999999999997
36.8	-0.00016519999999999998
36.9	-0.00025
36.9	-0.00019159999999999997
36.9	-0.00016519999999999998
37.	-0.00025
37.	-0.00019159999999999997
37.	-0.00016499999999999997
37.1	-0.00025
37.1	-0.0001914
37.1	-0.00016499999999999997
37.2	-0.00025
37.2	-0.0001914
37.2	-0.00016479999999999997
37.300000000000004	-0.00025
37.300000000000004	-0.00019119999999999999
37.300000000000004	-0.00016479999999999997
37.400000000000006	-0.00025
37.400000000000006	-0.00019099999999999998
37.400000000000006	-0.00016459999999999996
37.50000000000001	-0.00025
37.50000000000001	-0.00019099999999999998
37.50000000000001	-0.00016459999999999996
37.60000000000001	-0.00025
37.60000000000001	-0.00019079999999999998
37.60000000000001	-0.00016439999999999996
37.7	-0.00025
37.7	-0.00019079999999999998
37.7	-0.00016439999999999996
37.800000000000004	-0.00025
37.800000000000004	-0.00019059999999999997
37.800000000000004	-0.00016419999999999998
37.900000000000006	-0.00025
37.900000000000006	-0.0001904
37.900000000000006	-0.00016419999999999998
38.	-0.00025
38.	-0.0001904
38.	-0.00016399999999999997
38.1	-0.00025
38.1	-0.0001902
38.1	-0.00016399999999999997
38.2	-0.00025
38.2	-0.0001902
38.2	-0.00016379999999999997
38.3	-0.00025
38.3	-0.00018999999999999998
38.3	-0.00016379999999999997
38.4	-0.00025
38.4	-0.0001898
38.4	-0.0001636
38.5	-0.00025
38.5	-0.0001898
38.5	-0.0001636
38.6	-0.00025
38.6	-0.0001896
38.6	-0.0001634
38.7	-0.00025
38.7	-0.0001896
38.7	-0.0001634
38.800000000000004	-0.00025
38.800000000000004	-0.0001894
38.800000000000004	-0.00016319999999999998
38.900000000000006	-0.00025
38.900000000000006	-0.0001892
38.900000000000006	-0.00016319999999999998
39.00000000000001	-0.00025
39.00000000000001	-0.0001892
39.00000000000001	-0.00016299999999999998
39.10000000000001	-0.00025
39.10000000000001	-0.00018899999999999999
39.10000000000001	-0.00016299999999999998
39.2	-0.00025
39.2	-0.00018899999999999999
39.2	-0.00016299999999999998
39.300000000000004	-0.00025
39.300000000000004	-0.00018879999999999998
39.300000000000004	-0.00016279999999999997
39.400000000000006	-0.00025
39.400000000000006	-0.00018879999999999998
39.400000000000006	-0.00016279999999999997
39.5	-0.00025
39.5	-0.00018859999999999998
39.5	-0.0001626
39.6	-0.00025
39.6	-0.00018839999999999997
39.6	-0.0001626
39.7	-0.00025
39.7	-0.00018839999999999997
39.7	-0.0001624
39.8	-0.00025
39.8	-0.0001882
39.8	-0.0001624
39.9	-0.00025
39.9	-0.0001882
39.9	-0.00016219999999999999
40.	-0.00025
40.	-0.000188
40.	-0.00016219999999999999