0.01	-0.0023
0.01	-0.00047599999999999997
0.02	-0.002464
0.02	-0.0023
0.02	-0.00224
0.02	-0.00218
0.02	-0.00047599999999999997
0.03	-0.0023
0.03	-0.002184
0.03	-0.0021000000000000003
0.03	-0.00204
0.03	-0.00154
0.03	-0.0010999999999999998
0.03	-0.00047599999999999997
0.04	-0.0029
0.04	-0.0028
0.04	-0.0027
0.04	-0.00254
0.04	-0.0023
0.04	-0.0022119999999999996
0.04	-0.002116
0.04	-0.001976
0.04	-0.00174
0.04	-0.0016359999999999999
0.04	-0.0015
0.04	-0.00047599999999999997
0.05	-0.00298
0.05	-0.002936
0.05	-0.0023
0.05	-0.0022040000000000002
0.05	-0.002144
0.05	-0.002024
0.05	-0.002
0.05	-0.0019639999999999996
0.05	-0.0018960000000000001
0.05	-0.0018
0.05	-0.0016359999999999999
0.05	-0.0015799999999999998
0.05	-0.00152
0.05	-0.00118
0.05	-0.00047599999999999997
0.060000000000000005	-0.00292
0.060000000000000005	-0.00282
0.060000000000000005	-0.00272
0.060000000000000005	-0.00262
0.060000000000000005	-0.002524
0.060000000000000005	-0.0023
0.060000000000000005	-0.0022119999999999996
0.060000000000000005	-0.0021520000000000003
0.060000000000000005	-0.002032
0.060000000000000005	-0.00198
0.060000000000000005	-0.0019399999999999999
0.060000000000000005	-0.0019
0.060000000000000005	-0.00186
0.060000000000000005	-0.00182
0.060000000000000005	-0.00178
0.060000000000000005	-0.00174
0.060000000000000005	-0.0015559999999999999
0.060000000000000005	-0.00152
0.060000000000000005	-0.0014199999999999998
0.060000000000000005	-0.00132
0.060000000000000005	-0.0012599999999999998
0.060000000000000005	-0.0012
0.060000000000000005	-0.0010400000000000001
0.060000000000000005	-0.0009399999999999999
0.060000000000000005	-0.00047599999999999997
0.06999999999999999	-0.002956
0.06999999999999999	-0.002896
0.06999999999999999	-0.002836
0.06999999999999999	-0.002776
0.06999999999999999	-0.00272
0.06999999999999999	-0.00266
0.06999999999999999	-0.002604
0.06999999999999999	-0.00238
0.06999999999999999	-0.0023
0.06999999999999999	-0.0022040000000000002
0.06999999999999999	-0.002164
0.06999999999999999	-0.002116
0.06999999999999999	-0.0020640000000000003
0.06999999999999999	-0.002028
0.06999999999999999	-0.0019639999999999996
0.06999999999999999	-0.001916
0.06999999999999999	-0.0018679999999999999
0.06999999999999999	-0.00182
0.06999999999999999	-0.001776
0.06999999999999999	-0.001652
0.06999999999999999	-0.001596
0.06999999999999999	-0.0015559999999999999
0.06999999999999999	-0.0015119999999999999
0.06999999999999999	-0.001472
0.06999999999999999	-0.0014320000000000001
0.06999999999999999	-0.001396
0.06999999999999999	-0.001356
0.06999999999999999	-0.00132
0.06999999999999999	-0.001284
0.06999999999999999	-0.00118
0.06999999999999999	-0.0008599999999999999
0.06999999999999999	-0.00047599999999999997
0.08	-0.0029760000000000003
0.08	-0.002908
0.08	-0.002836
0.08	-0.002768
0.08	-0.0027
0.08	-0.0026360000000000003
0.08	-0.002504
0.08	-0.0024400000000000003
0.08	-0.0023
0.08	-0.002188
0.08	-0.0021319999999999998
0.08	-0.002076
0.08	-0.002012
0.08	-0.00196
0.08	-0.001904
0.08	-0.0018479999999999998
0.08	-0.001796
0.08	-0.001744
0.08	-0.001652
0.08	-0.001592
0.08	-0.0015439999999999998
0.08	-0.001496
0.08	-0.001404
0.08	-0.0013599999999999999
0.08	-0.001316
0.08	-0.0012759999999999998
0.08	-0.001236
0.08	-0.0011959999999999998
0.08	-0.001156
0.08	-0.00112
0.08	-0.001084
0.08	-0.000976
0.08	-0.0009159999999999998
0.08	-0.0008599999999999999
0.08	-0.00048399999999999995
0.09	-0.0029240000000000004
0.09	-0.0028480000000000003
0.09	-0.002768
0.09	-0.002616
0.09	-0.0025440000000000003
0.09	-0.0024000000000000002
0.09	-0.0023
0.09	-0.002208
0.09	-0.00212
0.09	-0.002056
0.09	-0.002024
0.09	-0.001928
0.09	-0.001864
0.09	-0.001804
0.09	-0.001744
0.09	-0.0016480000000000002
0.09	-0.001572
0.09	-0.001516
0.09	-0.001464
0.09	-0.001412
0.09	-0.001364
0.09	-0.001316
0.09	-0.001268
0.09	-0.00122
0.09	-0.001176
0.09	-0.001
0.09	-0.0009399999999999999
0.09	-0.00084
0.09	-0.00047999999999999996
0.09999999999999999	-0.002944
0.09999999999999999	-0.002856
0.09999999999999999	-0.002768
0.09999999999999999	-0.002684
0.09999999999999999	-0.0026
0.09999999999999999	-0.002516
0.09999999999999999	-0.0023
0.09999999999999999	-0.0022119999999999996
0.09999999999999999	-0.002124
0.09999999999999999	-0.002024
0.09999999999999999	-0.001976
0.09999999999999999	-0.001908
0.09999999999999999	-0.00184
0.09999999999999999	-0.001772
0.09999999999999999	-0.001704
0.09999999999999999	-0.0016480000000000002
0.09999999999999999	-0.001576
0.09999999999999999	-0.001516
0.09999999999999999	-0.001456
0.09999999999999999	-0.0014
0.09999999999999999	-0.001344
0.09999999999999999	-0.001292
0.09999999999999999	-0.0012399999999999998
0.09999999999999999	-0.0011879999999999998
0.09999999999999999	-0.00114
0.09999999999999999	-0.000996
0.09999999999999999	-0.0009639999999999999
0.09999999999999999	-0.0009239999999999998
0.09999999999999999	-0.0008160000000000001
0.09999999999999999	-0.0006999999999999999
0.09999999999999999	-0.00047999999999999996
0.09999999999999999	-0.000015999999999999867
0.11	-0.002916
0.11	-0.00282
0.11	-0.002724
0.11	-0.002632
0.11	-0.00254
0.11	-0.0023
0.11	-0.002208
0.11	-0.002104
0.11	-0.002028
0.11	-0.001944
0.11	-0.0018679999999999999
0.11	-0.0017919999999999998
0.11	-0.0017159999999999999
0.11	-0.0016480000000000002
0.11	-0.001576
0.11	-0.0015079999999999998
0.11	-0.001444
0.11	-0.00138
0.11	-0.00132
0.11	-0.0012599999999999998
0.11	-0.0012039999999999998
0.11	-0.0010999999999999998
0.11	-0.0010040000000000001
0.11	-0.0009559999999999999
0.11	-0.0007959999999999998
0.11	-0.0007599999999999998
0.11	-0.0006999999999999999
0.11	-0.00047999999999999996
0.11	-0.000015999999999999867
0.12	-0.00298
0.12	-0.0028720000000000004
0.12	-0.002768
0.12	-0.002664
0.12	-0.002564
0.12	-0.002464
0.12	-0.0023
0.12	-0.002204
0.12	-0.002084
0.12	-0.00202
0.12	-0.001908
0.12	-0.0018239999999999999
0.12	-0.001744
0.12	-0.00164
0.12	-0.001588
0.12	-0.0015119999999999999
0.12	-0.001444
0.12	-0.001372
0.12	-0.001308
0.12	-0.0012439999999999999
0.12	-0.00118
0.12	-0.001124
0.12	-0.001068
0.12	-0.000992
0.12	-0.0009599999999999999
0.12	-0.0009159999999999998
0.12	-0.000828
0.12	-0.0007159999999999997
0.12	-0.00048399999999999995
0.12	-0.000015999999999999867
0.13	-0.0029519999999999998
0.13	-0.002836
0.13	-0.002724
0.13	-0.0026119999999999997
0.13	-0.0025
0.13	-0.0023
0.13	-0.002204
0.13	-0.002088
0.13	-0.00202
0.13	-0.0018960000000000001
0.13	-0.001804
0.13	-0.0017159999999999999
0.13	-0.00164
0.13	-0.001548
0.13	-0.001468
0.13	-0.001392
0.13	-0.00132
0.13	-0.001248
0.13	-0.00118
0.13	-0.001116
0.13	-0.0010559999999999996
0.13	-0.001
0.13	-0.0009439999999999999
0.13	-0.0008919999999999998
0.13	-0.0008439999999999999
0.13	-0.0007999999999999999
0.13	-0.0007599999999999998
0.13	-0.0007199999999999997
0.13	-0.00047999999999999996
0.13	-0.000015999999999999867
0.14	-0.002964
0.14	-0.002836
0.14	-0.002712
0.14	-0.0025919999999999997
0.14	-0.00236
0.14	-0.0023
0.14	-0.002204
0.14	-0.002136
0.14	-0.002032
0.14	-0.001928
0.14	-0.0018280000000000002
0.14	-0.0017319999999999998
0.14	-0.0016359999999999999
0.14	-0.001548
0.14	-0.00146
0.14	-0.00138
0.14	-0.0013
0.14	-0.0012239999999999998
0.14	-0.0011519999999999998
0.14	-0.001084
0.14	-0.0010199999999999999
0.14	-0.0009599999999999999
0.14	-0.0009039999999999997
0.14	-0.0008039999999999998
0.14	-0.0007559999999999998
0.14	-0.0007159999999999997
0.14	-0.0006799999999999998
0.14	-0.00047999999999999996
0.14	-0.000015999999999999867
0.15	-0.0029
0.15	-0.002764
0.15	-0.002632
0.15	-0.002504
0.15	-0.00238
0.15	-0.0023
0.15	-0.002204
0.15	-0.00214
0.15	-0.002016
0.15	-0.001912
0.15	-0.001804
0.15	-0.001704
0.15	-0.0016359999999999999
0.15	-0.001604
0.15	-0.0015079999999999998
0.15	-0.001416
0.15	-0.0013279999999999998
0.15	-0.001248
0.15	-0.0011679999999999998
0.15	-0.0010959999999999998
0.15	-0.001024
0.15	-0.0009599999999999999
0.15	-0.0008999999999999998
0.15	-0.0008439999999999999
0.15	-0.000792
0.15	-0.0007439999999999998
0.15	-0.0006999999999999999
0.15	-0.00066
0.15	-0.00047999999999999996
0.15	-0.000015999999999999867
0.16	-0.002908
0.16	-0.0027600000000000003
0.16	-0.00262
0.16	-0.002484
0.16	-0.0023
0.16	-0.0022199999999999998
0.16	-0.002092
0.16	-0.002016
0.16	-0.0019720000000000002
0.16	-0.001856
0.16	-0.001744
0.16	-0.0016359999999999999
0.16	-0.001532
0.16	-0.0014320000000000001
0.16	-0.001336
0.16	-0.001248
0.16	-0.0011639999999999999
0.16	-0.001084
0.16	-0.00098
0.16	-0.0009399999999999999
0.16	-0.000876
0.16	-0.00082
0.16	-0.0007639999999999998
0.16	-0.0007159999999999997
0.16	-0.0005999999999999998
0.16	-0.00047999999999999996
0.16	-0.000011999999999999902
0.16999999999999998	-0.00286
0.16999999999999998	-0.0027040000000000002
0.16999999999999998	-0.002556
0.16999999999999998	-0.0023
0.16999999999999998	-0.0021999999999999997
0.16999999999999998	-0.002136
0.16999999999999998	-0.002004
0.16999999999999998	-0.0018759999999999998
0.16999999999999998	-0.001756
0.16999999999999998	-0.00164
0.16999999999999998	-0.0015279999999999998
0.16999999999999998	-0.001424
0.16999999999999998	-0.00132
0.16999999999999998	-0.001228
0.16999999999999998	-0.00114
0.16999999999999998	-0.0010559999999999996
0.16999999999999998	-0.000976
0.16999999999999998	-0.0009079999999999997
0.16999999999999998	-0.00084
0.16999999999999998	-0.0007799999999999999
0.16999999999999998	-0.0007279999999999997
0.16999999999999998	-0.0006799999999999998
0.16999999999999998	-0.000636
0.16999999999999998	-0.0005999999999999998
0.16999999999999998	-0.00047999999999999996
0.16999999999999998	-0.000011999999999999902
0.18	-0.00292
0.18	-0.002756
0.18	-0.002596
0.18	-0.0024400000000000003
0.18	-0.0023
0.18	-0.0021999999999999997
0.18	-0.002144
0.18	-0.002004
0.18	-0.0018679999999999999
0.18	-0.00174
0.18	-0.001616
0.18	-0.0015
0.18	-0.001388
0.18	-0.001284
0.18	-0.001184
0.18	-0.0010919999999999999
0.18	-0.000972
0.18	-0.0009279999999999998
0.18	-0.0008559999999999998
0.18	-0.000792
0.18	-0.0007319999999999998
0.18	-0.0006799999999999998
0.18	-0.000636
0.18	-0.0005959999999999999
0.18	-0.00047999999999999996
0.18	-7.999999999999934e-6
0.19	-0.002948
0.19	-0.0027719999999999997
0.19	-0.0026
0.19	-0.002436
0.19	-0.0023
0.19	-0.0021999999999999997
0.19	-0.00212
0.19	-0.002012
0.19	-0.0019720000000000002
0.19	-0.0018319999999999999
0.19	-0.001696
0.19	-0.0016239999999999998
0.19	-0.001568
0.19	-0.001444
0.19	-0.0013319999999999999
0.19	-0.0012239999999999998
0.19	-0.001124
0.19	-0.0010279999999999998
0.19	-0.0009439999999999999
0.19	-0.0008679999999999998
0.19	-0.0007959999999999998
0.19	-0.0007319999999999998
0.19	-0.0006799999999999998
0.19	-0.00047999999999999996
0.2	-0.002936
0.2	-0.002752
0.2	-0.002572
0.2	-0.002396
0.2	-0.0023
0.2	-0.0021999999999999997
0.2	-0.0020680000000000004
0.2	-0.0020080000000000002
0.2	-0.001912
0.2	-0.001764
0.2	-0.0016320000000000002
0.2	-0.0014919999999999998
0.2	-0.0013679999999999999
0.2	-0.001252
0.2	-0.0011439999999999998
0.2	-0.001044
0.2	-0.0009479999999999998
0.2	-0.0008679999999999998
0.2	-0.000792
0.2	-0.0007279999999999997
0.2	-0.000668
0.2	-0.0006199999999999999
0.2	-0.0005799999999999998
0.2	-0.00047999999999999996
0.21000000000000002	-0.0028880000000000004
0.21000000000000002	-0.002692
0.21000000000000002	-0.002504
0.21000000000000002	-0.0023
0.21000000000000002	-0.0021999999999999997
0.21000000000000002	-0.00198
0.21000000000000002	-0.0018239999999999999
0.21000000000000002	-0.0016719999999999999
0.21000000000000002	-0.00162
0.21000000000000002	-0.0015279999999999998
0.21000000000000002	-0.001392
0.21000000000000002	-0.001268
0.21000000000000002	-0.0011519999999999998
0.21000000000000002	-0.001044
0.21000000000000002	-0.0009639999999999999
0.21000000000000002	-0.0008599999999999999
0.21000000000000002	-0.0007799999999999999
0.21000000000000002	-0.0007119999999999997
0.21000000000000002	-0.000656
0.21000000000000002	-0.0006039999999999998
0.21000000000000002	-0.00048399999999999995
0.22000000000000003	-0.0028
0.22000000000000003	-0.002596
0.22000000000000003	-0.0024000000000000002
0.22000000000000003	-0.0023
0.22000000000000003	-0.002216
0.22000000000000003	-0.0020360000000000005
0.22000000000000003	-0.002004
0.22000000000000003	-0.001864
0.22000000000000003	-0.001704
0.22000000000000003	-0.001616
0.22000000000000003	-0.001548
0.22000000000000003	-0.001408
0.22000000000000003	-0.0012759999999999998
0.22000000000000003	-0.0011519999999999998
0.22000000000000003	-0.0010400000000000001
0.22000000000000003	-0.0009599999999999999
0.22000000000000003	-0.0008439999999999999
0.22000000000000003	-0.0007639999999999998
0.22000000000000003	-0.0006959999999999999
0.22000000000000003	-0.000636
0.22000000000000003	-0.0005839999999999998
0.22000000000000003	-0.0005159999999999999
0.22000000000000003	-0.00048399999999999995
0.23	-0.0028880000000000004
0.23	-0.002672
0.23	-0.002464
0.23	-0.0023
0.23	-0.002196
0.23	-0.002076
0.23	-0.002004
0.23	-0.001892
0.23	-0.0017239999999999998
0.23	-0.001616
0.23	-0.0015559999999999999
0.23	-0.001408
0.23	-0.001268
0.23	-0.00114
0.23	-0.001024
0.23	-0.0009519999999999999
0.23	-0.0009119999999999998
0.23	-0.00082
0.23	-0.0007399999999999998
0.23	-0.000668
0.23	-0.0006119999999999999
0.23	-0.000488
0.24000000000000002	-0.002964
0.24000000000000002	-0.002732
0.24000000000000002	-0.002512
0.24000000000000002	-0.0023
0.24000000000000002	-0.002196
0.24000000000000002	-0.0021000000000000003
0.24000000000000002	-0.002
0.24000000000000002	-0.001908
0.24000000000000002	-0.001728
0.24000000000000002	-0.001612
0.24000000000000002	-0.001552
0.24000000000000002	-0.001396
0.24000000000000002	-0.001248
0.24000000000000002	-0.001116
0.24000000000000002	-0.000996
0.24000000000000002	-0.0009479999999999998
0.24000000000000002	-0.0008839999999999999
0.24000000000000002	-0.000792
0.24000000000000002	-0.0007079999999999998
0.24000000000000002	-0.0006399999999999999
0.24000000000000002	-0.0005839999999999998
0.24000000000000002	-0.0005439999999999999
0.24000000000000002	-0.000492
0.25	-0.002776
0.25	-0.0025440000000000003
0.25	-0.0023
0.25	-0.002196
0.25	-0.0021079999999999996
0.25	-0.002
0.25	-0.001904
0.25	-0.0017159999999999999
0.25	-0.001608
0.25	-0.001532
0.25	-0.001372
0.25	-0.00122
0.25	-0.001084
0.25	-0.0009359999999999999
0.25	-0.0008480000000000001
0.25	-0.0007519999999999998
0.25	-0.0006759999999999998
0.25	-0.0006079999999999998
0.25	-0.0005559999999999997
0.25	-0.0005199999999999998
0.26	-0.0028
0.26	-0.002552
0.26	-0.0023
0.26	-0.002192
0.26	-0.0021000000000000003
0.26	-0.001996
0.26	-0.0018839999999999998
0.26	-0.0016919999999999997
0.26	-0.001604
0.26	-0.0015
0.26	-0.0013319999999999999
0.26	-0.001176
0.26	-0.0010400000000000001
0.26	-0.0009439999999999999
0.26	-0.0009079999999999997
0.26	-0.0008039999999999998
0.26	-0.0007119999999999997
0.26	-0.000636
0.26	-0.0005759999999999998
0.26	-0.000532
0.26	-0.0005
0.27	-0.002804
0.27	-0.0025480000000000004
0.27	-0.0023
0.27	-0.002072
0.27	-0.001996
0.27	-0.001852
0.27	-0.0016519999999999998
0.27	-0.001592
0.27	-0.0014519999999999997
0.27	-0.0012799999999999999
0.27	-0.001124
0.27	-0.000988
0.27	-0.0009279999999999998
0.27	-0.0008559999999999998
0.27	-0.0007519999999999998
0.27	-0.000668
0.27	-0.0005959999999999999
0.27	-0.0005439999999999999
0.28	-0.0027879999999999997
0.28	-0.00252
0.28	-0.0023
0.28	-0.002032
0.28	-0.0018
0.28	-0.001612
0.28	-0.001572
0.28	-0.001392
0.28	-0.00122
0.28	-0.0010639999999999996
0.28	-0.0009399999999999999
0.28	-0.0009079999999999997
0.28	-0.0007999999999999999
0.28	-0.0006999999999999999
0.28	-0.0006199999999999999
0.28	-0.0005559999999999997
0.28	-0.0005359999999999997
0.29000000000000004	-0.002748
0.29000000000000004	-0.0023
0.29000000000000004	-0.002212
0.29000000000000004	-0.001996
0.29000000000000004	-0.00196
0.29000000000000004	-0.0017360000000000001
0.29000000000000004	-0.001596
0.29000000000000004	-0.0015119999999999999
0.29000000000000004	-0.00132
0.29000000000000004	-0.0011480000000000001
0.29000000000000004	-0.000992
0.29000000000000004	-0.0009199999999999998
0.29000000000000004	-0.000848
0.29000000000000004	-0.0007359999999999998
0.29000000000000004	-0.0006439999999999999
0.29000000000000004	-0.0005719999999999998
0.29000000000000004	-0.0005239999999999998
0.30000000000000004	-0.002692
0.30000000000000004	-0.0023
0.30000000000000004	-0.00214
0.30000000000000004	-0.001988
0.30000000000000004	-0.0018839999999999998
0.30000000000000004	-0.00166
0.30000000000000004	-0.0015799999999999998
0.30000000000000004	-0.0014320000000000001
0.30000000000000004	-0.001236
0.30000000000000004	-0.0010639999999999996
0.30000000000000004	-0.0009319999999999999
0.30000000000000004	-0.0008919999999999998
0.30000000000000004	-0.0007799999999999999
0.30000000000000004	-0.0006759999999999998
0.30000000000000004	-0.0005919999999999999
0.30000000000000004	-0.000532
0.30000000000000004	-0.000496
0.31	-0.0029240000000000004
0.31	-0.002616
0.31	-0.0023
0.31	-0.0020520000000000004
0.31	-0.00198
0.31	-0.0017919999999999998
0.31	-0.001596
0.31	-0.0015359999999999998
0.31	-0.001336
0.31	-0.0011439999999999998
0.31	-0.00098
0.31	-0.0009039999999999997
0.31	-0.0008240000000000001
0.31	-0.0007039999999999999
0.31	-0.0006119999999999999
0.31	-0.0005439999999999999
0.31	-0.0005
0.32	-0.002836
0.32	-0.00252
0.32	-0.0023
0.32	-0.001988
0.32	-0.001936
0.32	-0.0016879999999999998
0.32	-0.001576
0.32	-0.0014399999999999999
0.32	-0.001228
0.32	-0.001044
0.32	-0.0009159999999999998
0.32	-0.0008639999999999999
0.32	-0.0007399999999999998
0.32	-0.000636
0.32	-0.0005559999999999997
0.33	-0.002724
0.33	-0.0024040000000000003
0.33	-0.0023
0.33	-0.002184
0.33	-0.002104
0.33	-0.00198
0.33	-0.00182
0.33	-0.001596
0.33	-0.0015359999999999998
0.33	-0.00132
0.33	-0.001116
0.33	-0.0009479999999999998
0.33	-0.0008839999999999999
0.33	-0.0007799999999999999
0.33	-0.00066
0.33	-0.0005719999999999998
0.33	-0.0005359999999999999
0.33999999999999997	-0.00294
0.33999999999999997	-0.002596
0.33999999999999997	-0.0023
0.33999999999999997	-0.00218
0.33999999999999997	-0.001992
0.33999999999999997	-0.0016879999999999998
0.33999999999999997	-0.001568
0.33999999999999997	-0.001416
0.33999999999999997	-0.0011959999999999998
0.33999999999999997	-0.001
0.33999999999999997	-0.0008919999999999998
0.33999999999999997	-0.0008160000000000001
0.33999999999999997	-0.0006879999999999997
0.33999999999999997	-0.0005879999999999998
0.33999999999999997	-0.0005199999999999998
0.35	-0.002796
0.35	-0.002444
0.35	-0.0023
0.35	-0.002184
0.35	-0.002116
0.35	-0.0019720000000000002
0.35	-0.001812
0.35	-0.001584
0.35	-0.0015119999999999999
0.35	-0.0012799999999999999
0.35	-0.0010639999999999996
0.35	-0.0009039999999999997
0.35	-0.000852
0.35	-0.0007199999999999997
0.35	-0.0006039999999999998
0.35	-0.0005239999999999999
0.36	-0.0026279999999999997
0.36	-0.0023
0.36	-0.00218
0.36	-0.001984
0.36	-0.0019320000000000001
0.36	-0.001656
0.36	-0.001552
0.36	-0.0013679999999999999
0.36	-0.001132
0.36	-0.0009399999999999999
0.36	-0.0008639999999999999
0.36	-0.0007519999999999998
0.36	-0.0006239999999999999
0.36	-0.0005359999999999999
0.37	-0.002824
0.37	-0.002448
0.37	-0.0023
0.37	-0.00218
0.37	-0.0020959999999999998
0.37	-0.0019639999999999996
0.37	-0.001768
0.37	-0.001564
0.37	-0.001456
0.37	-0.0012079999999999999
0.37	-0.000988
0.37	-0.0008679999999999998
0.37	-0.000784
0.37	-0.0006439999999999999
0.37	-0.0005439999999999999
0.38	-0.002624
0.38	-0.0023
0.38	-0.0019720000000000002
0.38	-0.0018880000000000001
0.38	-0.0015999999999999999
0.38	-0.001524
0.38	-0.001284
0.38	-0.001044
0.38	-0.000876
0.38	-0.0008119999999999999
0.38	-0.000668
0.38	-0.0005399999999999999
0.39	-0.002808
0.39	-0.0023
0.39	-0.002176
0.39	-0.0020360000000000005
0.39	-0.001952
0.39	-0.0016919999999999997
0.39	-0.00154
0.39	-0.0013679999999999999
0.39	-0.001108
0.39	-0.0008999999999999998
0.39	-0.0008320000000000001
0.39	-0.0006919999999999999
0.39	-0.0005399999999999999
0.4	-0.002572
0.4	-0.0023
0.4	-0.0019560000000000003
0.4	-0.0018
0.4	-0.001552
0.4	-0.001448
0.4	-0.0011719999999999999
0.4	-0.0009399999999999999
0.4	-0.0008359999999999999
0.4	-0.0007199999999999997
0.4	-0.0005799999999999998
0.4	-0.0005399999999999999
0.41000000000000003	-0.002744
0.41000000000000003	-0.0023
0.41000000000000003	-0.0019720000000000002
0.41000000000000003	-0.001904
0.41000000000000003	-0.001592
0.41000000000000003	-0.001504
0.41000000000000003	-0.0012439999999999999
0.41000000000000003	-0.000984
0.41000000000000003	-0.00084
0.41000000000000003	-0.0007479999999999998
0.41000000000000003	-0.0005959999999999999
0.41000000000000003	-0.0005399999999999999
0.42000000000000004	-0.002928
0.42000000000000004	-0.002476
0.42000000000000004	-0.0023
0.42000000000000004	-0.0021680000000000002
0.42000000000000004	-0.00206
0.42000000000000004	-0.0019399999999999999
0.42000000000000004	-0.001676
0.42000000000000004	-0.00152
0.42000000000000004	-0.00132
0.42000000000000004	-0.001036
0.42000000000000004	-0.0008439999999999999
0.42000000000000004	-0.0007719999999999999
0.42000000000000004	-0.0006119999999999999
0.42000000000000004	-0.0005399999999999999
0.43000000000000005	-0.0026360000000000003
0.43000000000000005	-0.0023
0.43000000000000005	-0.0021999999999999997
0.43000000000000005	-0.002156
0.43000000000000005	-0.001944
0.43000000000000005	-0.001776
0.43000000000000005	-0.0015279999999999998
0.43000000000000005	-0.001392
0.43000000000000005	-0.0010919999999999999
0.43000000000000005	-0.0008599999999999999
0.43000000000000005	-0.0007879999999999999
0.43000000000000005	-0.0006279999999999999
0.43000000000000005	-0.0005439999999999999
0.44000000000000006	-0.002804
0.44000000000000006	-0.0023
0.44000000000000006	-0.00216
0.44000000000000006	-0.0019560000000000003
0.44000000000000006	-0.0018759999999999998
0.44000000000000006	-0.001548
0.44000000000000006	-0.00146
0.44000000000000006	-0.0011519999999999998
0.44000000000000006	-0.0008879999999999999
0.44000000000000006	-0.000792
0.44000000000000006	-0.0006439999999999999
0.44000000000000006	-0.0005439999999999999
0.45	-0.00298
0.45	-0.002476
0.45	-0.0023
0.45	-0.00216
0.45	-0.00202
0.45	-0.001924
0.45	-0.001608
0.45	-0.0014880000000000002
0.45	-0.0012159999999999999
0.45	-0.0009239999999999998
0.45	-0.000792
0.45	-0.000664
0.45	-0.0005439999999999999
0.46	-0.0026279999999999997
0.46	-0.0023
0.46	-0.0021680000000000002
0.46	-0.001928
0.46	-0.0016919999999999997
0.46	-0.001496
0.46	-0.001284
0.46	-0.0009679999999999999
0.46	-0.000792
0.46	-0.0006839999999999998
0.46	-0.0005439999999999999
0.47000000000000003	-0.0027879999999999997
0.47000000000000003	-0.0023
0.47000000000000003	-0.0021520000000000003
0.47000000000000003	-0.001928
0.47000000000000003	-0.001784
0.47000000000000003	-0.0015
0.47000000000000003	-0.001352
0.47000000000000003	-0.0010119999999999999
0.47000000000000003	-0.000792
0.47000000000000003	-0.0007039999999999999
0.47000000000000003	-0.0005439999999999999
0.48000000000000004	-0.002956
0.48000000000000004	-0.0023
0.48000000000000004	-0.0021520000000000003
0.48000000000000004	-0.001944
0.48000000000000004	-0.001872
0.48000000000000004	-0.0015119999999999999
0.48000000000000004	-0.001412
0.48000000000000004	-0.0010599999999999997
0.48000000000000004	-0.0007959999999999998
0.48000000000000004	-0.0007199999999999997
0.48000000000000004	-0.0005439999999999999
0.49000000000000005	-0.0025480000000000004
0.49000000000000005	-0.0023
0.49000000000000005	-0.0021479999999999997
0.49000000000000005	-0.00202
0.49000000000000005	-0.001904
0.49000000000000005	-0.0015559999999999999
0.49000000000000005	-0.001448
0.49000000000000005	-0.001116
0.49000000000000005	-0.000808
0.49000000000000005	-0.0007279999999999997
0.49000000000000005	-0.0005439999999999999
0.5	-0.002696
0.5	-0.0023
0.5	-0.00216
0.5	-0.002116
0.5	-0.001904
0.5	-0.0016279999999999999
0.5	-0.001456
0.5	-0.0011719999999999999
0.5	-0.000828
0.5	-0.0007279999999999997
0.5	-0.0005439999999999999
0.51	-0.0028480000000000003
0.51	-0.0023
0.51	-0.002136
0.51	-0.001904
0.51	-0.001712
0.51	-0.001456
0.51	-0.001228
0.51	-0.0008559999999999998
0.51	-0.0007199999999999997
0.51	-0.0005439999999999999
0.52	-0.0023
0.52	-0.002136
0.52	-0.001904
0.52	-0.001796
0.52	-0.0014519999999999997
0.52	-0.0012879999999999999
0.52	-0.0008879999999999999
0.52	-0.0007119999999999997
0.52	-0.0005479999999999999
0.53	-0.002516
0.53	-0.0023
0.53	-0.0021319999999999998
0.53	-0.001936
0.53	-0.00186
0.53	-0.001456
0.53	-0.001344
0.53	-0.0009239999999999998
0.53	-0.0007039999999999999
0.53	-0.0005479999999999999
0.54	-0.0026520000000000003
0.54	-0.0023
0.54	-0.0021319999999999998
0.54	-0.00202
0.54	-0.001872
0.54	-0.0014839999999999999
0.54	-0.001384
0.54	-0.0009639999999999999
0.54	-0.0006919999999999999
0.54	-0.0005479999999999999
0.55	-0.002796
0.55	-0.0023
0.55	-0.00224
0.55	-0.0021479999999999997
0.55	-0.002104
0.55	-0.0018679999999999999
0.55	-0.0015359999999999998
0.55	-0.001396
0.55	-0.0010040000000000001
0.55	-0.0006799999999999998
0.55	-0.0005479999999999999
0.56	-0.002948
0.56	-0.0023
0.56	-0.002116
0.56	-0.001864
0.56	-0.001608
0.56	-0.001392
0.56	-0.0010479999999999997
0.56	-0.000664
0.56	-0.0005479999999999997
0.5700000000000001	-0.0023
0.5700000000000001	-0.002112
0.5700000000000001	-0.00186
0.5700000000000001	-0.001684
0.5700000000000001	-0.001388
0.5700000000000001	-0.0010959999999999998
0.5700000000000001	-0.000652
0.5700000000000001	-0.0005479999999999997
0.5800000000000001	-0.0024879999999999998
0.5800000000000001	-0.0023
0.5800000000000001	-0.0021079999999999996
0.5800000000000001	-0.00186
0.5800000000000001	-0.001764
0.5800000000000001	-0.00138
0.5800000000000001	-0.0011439999999999998
0.5800000000000001	-0.000636
0.5800000000000001	-0.0005479999999999997
0.59	-0.002616
0.59	-0.0023
0.59	-0.002104
0.59	-0.001892
0.59	-0.001816
0.59	-0.001372
0.59	-0.0011959999999999998
0.59	-0.0006199999999999999
0.59	-0.0005479999999999997
0.6	-0.002752
0.6	-0.0023
0.6	-0.0021000000000000003
0.6	-0.0019720000000000002
0.6	-0.00182
0.6	-0.0013679999999999999
0.6	-0.001248
0.6	-0.0006039999999999998
0.61	-0.0028880000000000004
0.61	-0.0023
0.61	-0.002104
0.61	-0.00206
0.61	-0.001816
0.61	-0.001376
0.61	-0.001284
0.61	-0.0005839999999999998
0.62	-0.0023
0.62	-0.002224
0.62	-0.00218
0.62	-0.0020800000000000003
0.62	-0.001808
0.62	-0.001412
0.62	-0.0013
0.62	-0.0005679999999999997
0.63	-0.0023
0.63	-0.002216
0.63	-0.002076
0.63	-0.001796
0.63	-0.001468
0.63	-0.001292
0.63	-0.0005479999999999999
0.64	-0.0024000000000000002
0.64	-0.0023
0.64	-0.002216
0.64	-0.002068
0.64	-0.001788
0.64	-0.001532
0.64	-0.001284
0.64	-0.0005279999999999998
0.65	-0.002516
0.65	-0.0023
0.65	-0.00206
0.65	-0.001776
0.65	-0.001604
0.65	-0.001268
0.65	-0.000508
0.66	-0.0026360000000000003
0.66	-0.0023
0.66	-0.0020520000000000004
0.66	-0.0017720000000000001
0.66	-0.001676
0.66	-0.001252
0.66	-0.000492
0.6699999999999999	-0.002764
0.6699999999999999	-0.0023
0.6699999999999999	-0.002204
0.6699999999999999	-0.0020480000000000003
0.6699999999999999	-0.001788
0.6699999999999999	-0.0017239999999999998
0.6699999999999999	-0.001236
0.6699999999999999	-0.0005519999999999998
0.6699999999999999	-0.0004639999999999999
0.6799999999999999	-0.002896
0.6799999999999999	-0.0023
0.6799999999999999	-0.0021999999999999997
0.6799999999999999	-0.00204
0.6799999999999999	-0.001856
0.6799999999999999	-0.001728
0.6799999999999999	-0.00122
0.6799999999999999	-0.0005519999999999998
0.6799999999999999	-0.000492
0.6799999999999999	-0.00043999999999999985
0.69	-0.0023
0.69	-0.002196
0.69	-0.002032
0.69	-0.0019399999999999999
0.69	-0.0017159999999999999
0.69	-0.0012
0.69	-0.0005559999999999997
0.69	-0.000492
0.69	-0.0004159999999999998
0.7	-0.0023
0.7	-0.002192
0.7	-0.00204
0.7	-0.001704
0.7	-0.00118
0.7	-0.0005559999999999997
0.7	-0.000492
0.7	-0.0003919999999999997
0.7100000000000001	-0.0023
0.7100000000000001	-0.002188
0.7100000000000001	-0.0020080000000000002
0.7100000000000001	-0.0016879999999999998
0.7100000000000001	-0.00116
0.7100000000000001	-0.0005559999999999997
0.7100000000000001	-0.000492
0.7100000000000001	-0.0003679999999999998
0.7200000000000001	-0.0023
0.7200000000000001	-0.00218
0.7200000000000001	-0.002
0.7200000000000001	-0.0016719999999999999
0.7200000000000001	-0.00114
0.7200000000000001	-0.0005559999999999997
0.7200000000000001	-0.000492
0.7200000000000001	-0.0003399999999999998
0.7300000000000001	-0.0023
0.7300000000000001	-0.002176
0.7300000000000001	-0.001988
0.7300000000000001	-0.001656
0.7300000000000001	-0.001116
0.7300000000000001	-0.0005559999999999997
0.7300000000000001	-0.000492
0.7300000000000001	-0.00031199999999999994
0.7400000000000001	-0.002436
0.7400000000000001	-0.0023
0.7400000000000001	-0.002172
0.7400000000000001	-0.001976
0.7400000000000001	-0.00164
0.7400000000000001	-0.0010959999999999998
0.7400000000000001	-0.0005559999999999997
0.7400000000000001	-0.000492
0.7400000000000001	-0.00028399999999999986
0.7500000000000001	-0.0025480000000000004
0.7500000000000001	-0.0023
0.7500000000000001	-0.0021680000000000002
0.7500000000000001	-0.001968
0.7500000000000001	-0.0016239999999999998
0.7500000000000001	-0.001072
0.7500000000000001	-0.0005559999999999997
0.7500000000000001	-0.000492
0.7500000000000001	-0.0002559999999999998
0.7600000000000001	-0.00266
0.7600000000000001	-0.0023
0.7600000000000001	-0.00216
0.7600000000000001	-0.0019560000000000003
0.7600000000000001	-0.001604
0.7600000000000001	-0.0010479999999999999
0.7600000000000001	-0.0005559999999999997
0.7600000000000001	-0.000492
0.7600000000000001	-0.00022799999999999974
0.77	-0.00278
0.77	-0.0023
0.77	-0.002156
0.77	-0.001944
0.77	-0.001584
0.77	-0.0010199999999999999
0.77	-0.0005599999999999997
0.77	-0.000496
0.77	-0.0001959999999999999
0.78	-0.0029
0.78	-0.0023
0.78	-0.0021520000000000003
0.78	-0.0019320000000000001
0.78	-0.001564
0.78	-0.000996
0.78	-0.0005599999999999997
0.78	-0.000496
0.78	-0.000164
0.79	-0.0023
0.79	-0.002144
0.79	-0.0019199999999999998
0.79	-0.0015439999999999998
0.79	-0.0009679999999999999
0.79	-0.0005599999999999997
0.79	-0.000496
0.79	-0.0001319999999999999
0.8	-0.0023
0.8	-0.00226
0.8	-0.00214
0.8	-0.001904
0.8	-0.001524
0.8	-0.0009399999999999999
0.8	-0.0005599999999999997
0.8	-0.000496
0.8	-0.00009999999999999983
0.81	-0.0023
0.81	-0.00226
0.81	-0.0021319999999999998
0.81	-0.001892
0.81	-0.001504
0.81	-0.0009119999999999998
0.81	-0.0005599999999999997
0.81	-0.000496
0.81	-0.00006399999999999974
0.8200000000000001	-0.0023
0.8200000000000001	-0.002128
0.8200000000000001	-0.00188
0.8200000000000001	-0.00148
0.8200000000000001	-0.0008839999999999999
0.8200000000000001	-0.0005599999999999997
0.8200000000000001	-0.000496
0.8200000000000001	-0.00002799999999999977
0.8300000000000001	-0.0023
0.8300000000000001	-0.00212
0.8300000000000001	-0.001864
0.8300000000000001	-0.001456
0.8300000000000001	-0.000852
0.8300000000000001	-0.0005599999999999997
0.8300000000000001	-0.000496
0.8400000000000001	-0.0023
0.8400000000000001	-0.002116
0.8400000000000001	-0.001852
0.8400000000000001	-0.001436
0.8400000000000001	-0.00082
0.8400000000000001	-0.0005639999999999997
0.8400000000000001	-0.000496
0.8500000000000001	-0.0023
0.8500000000000001	-0.0021079999999999996
0.8500000000000001	-0.001836
0.8500000000000001	-0.001412
0.8500000000000001	-0.0007879999999999999
0.8500000000000001	-0.0005639999999999997
0.8500000000000001	-0.000496
0.8600000000000001	-0.0023
0.8600000000000001	-0.0021000000000000003
0.8600000000000001	-0.00182
0.8600000000000001	-0.001384
0.8600000000000001	-0.0007559999999999998
0.8600000000000001	-0.0005639999999999997
0.8600000000000001	-0.000496
0.8700000000000001	-0.0023
0.8700000000000001	-0.0020959999999999998
0.8700000000000001	-0.001804
0.8700000000000001	-0.0013599999999999999
0.8700000000000001	-0.0007199999999999997
0.8700000000000001	-0.0005639999999999997
0.8700000000000001	-0.000496
0.8800000000000001	-0.0023
0.8800000000000001	-0.0020880000000000004
0.8800000000000001	-0.0017919999999999998
0.8800000000000001	-0.001336
0.8800000000000001	-0.0006879999999999997
0.8800000000000001	-0.0005639999999999997
0.8800000000000001	-0.000496
0.89	-0.0023
0.89	-0.0020800000000000003
0.89	-0.001776
0.89	-0.001308
0.89	-0.000652
0.89	-0.0005639999999999997
0.89	-0.000496
0.9	-0.0023
0.9	-0.002244
0.9	-0.002072
0.9	-0.0017599999999999998
0.9	-0.0012799999999999999
0.9	-0.0006159999999999999
0.9	-0.0005639999999999997
0.9	-0.000496
0.91	-0.0023
0.91	-0.002244
0.91	-0.0020680000000000004
0.91	-0.00174
0.91	-0.001252
0.91	-0.0005759999999999998
0.91	-0.000496
0.92	-0.0023
0.92	-0.00224
0.92	-0.00206
0.92	-0.0017239999999999998
0.92	-0.0012239999999999998
0.92	-0.0005399999999999999
0.93	-0.0023
0.93	-0.00224
0.93	-0.0020520000000000004
0.93	-0.0017079999999999999
0.93	-0.0011959999999999998
0.93	-0.0005679999999999997
0.93	-0.0005
0.9400000000000001	-0.0023
0.9400000000000001	-0.0022359999999999997
0.9400000000000001	-0.002044
0.9400000000000001	-0.0016919999999999997
0.9400000000000001	-0.0011639999999999999
0.9400000000000001	-0.0005679999999999997
0.9400000000000001	-0.000496
0.9400000000000001	-0.0004599999999999999
0.9500000000000001	-0.0023
0.9500000000000001	-0.0022359999999999997
0.9500000000000001	-0.0020360000000000005
0.9500000000000001	-0.0016719999999999999
0.9500000000000001	-0.0011359999999999999
0.9500000000000001	-0.0005679999999999997
0.9500000000000001	-0.000496
0.9500000000000001	-0.0004159999999999998
0.9600000000000001	-0.0023
0.9600000000000001	-0.002028
0.9600000000000001	-0.001656
0.9600000000000001	-0.0011039999999999997
0.9600000000000001	-0.0005679999999999997
0.9600000000000001	-0.000496
0.9600000000000001	-0.0003759999999999997
0.97	-0.0023
0.97	-0.00202
0.97	-0.0016359999999999999
0.97	-0.001076
0.97	-0.0005679999999999997
0.97	-0.000496
0.97	-0.0003319999999999999
0.98	-0.0023
0.98	-0.002012
0.98	-0.001616
0.98	-0.001044
0.98	-0.0005679999999999997
0.98	-0.000496
0.98	-0.0002879999999999999
0.99	-0.0023
0.99	-0.002224
0.99	-0.002004
0.99	-0.0015999999999999999
0.99	-0.0010119999999999999
0.99	-0.0005719999999999998
0.99	-0.000496
0.99	-0.00024399999999999978
1.	-0.0023
1.	-0.002224
1.	-0.001992
1.	-0.0015799999999999998
1.	-0.00098
1.	-0.0005719999999999998
1.	-0.000496
1.	-0.00019999999999999987
1.01	-0.0023
1.01	-0.0022199999999999998
1.01	-0.001984
1.01	-0.00156
1.01	-0.0009479999999999998
1.01	-0.0005719999999999998
1.01	-0.000496
1.01	-0.00015599999999999997
1.02	-0.0023
1.02	-0.0022199999999999998
1.02	-0.001976
1.02	-0.00154
1.02	-0.0009119999999999998
1.02	-0.0005719999999999998
1.02	-0.000496
1.02	-0.00010799999999999985
1.03	-0.0023
1.03	-0.002216
1.03	-0.001968
1.03	-0.00152
1.03	-0.0008799999999999999
1.03	-0.0005719999999999998
1.03	-0.000496
1.03	-0.000059999999999999724
1.04	-0.0023
1.04	-0.002212
1.04	-0.0019560000000000003
1.04	-0.0015
1.04	-0.0008439999999999999
1.04	-0.0005719999999999998
1.04	-0.0005
1.04	-0.000011999999999999902
1.05	-0.0023
1.05	-0.002212
1.05	-0.001948
1.05	-0.00148
1.05	-0.0008119999999999999
1.05	-0.0005719999999999998
1.05	-0.0005
1.06	-0.0023
1.06	-0.0019399999999999999
1.06	-0.001456
1.06	-0.0007759999999999999
1.06	-0.0005759999999999998
1.06	-0.0005
1.07	-0.0023
1.07	-0.002204
1.07	-0.001928
1.07	-0.001436
1.07	-0.0007399999999999998
1.07	-0.0005759999999999998
1.07	-0.0005
1.08	-0.0023
1.08	-0.002204
1.08	-0.0019199999999999998
1.08	-0.001416
1.08	-0.0007039999999999999
1.08	-0.0005759999999999998
1.08	-0.0005
1.09	-0.0023
1.09	-0.0021999999999999997
1.09	-0.001908
1.09	-0.001392
1.09	-0.000668
1.09	-0.0005759999999999998
1.09	-0.0005
1.1	-0.0023
1.1	-0.002196
1.1	-0.0019
1.1	-0.001372
1.1	-0.000632
1.1	-0.0005759999999999998
1.1	-0.0005
1.11	-0.0023
1.11	-0.002196
1.11	-0.0018880000000000001
1.11	-0.0013479999999999998
1.11	-0.0005959999999999999
1.11	-0.0005
1.12	-0.0023
1.12	-0.002192
1.12	-0.0018759999999999998
1.12	-0.0013279999999999998
1.12	-0.0005599999999999997
1.12	-0.0005
1.1300000000000001	-0.0023
1.1300000000000001	-0.002188
1.1300000000000001	-0.0018679999999999999
1.1300000000000001	-0.001304
1.1300000000000001	-0.0005799999999999998
1.1300000000000001	-0.0005199999999999998
1.1400000000000001	-0.0023
1.1400000000000001	-0.002184
1.1400000000000001	-0.001856
1.1400000000000001	-0.0012799999999999999
1.1400000000000001	-0.0005799999999999998
1.1400000000000001	-0.00048399999999999995
1.1500000000000001	-0.0023
1.1500000000000001	-0.002184
1.1500000000000001	-0.001844
1.1500000000000001	-0.001256
1.1500000000000001	-0.0005799999999999998
1.1500000000000001	-0.0005
1.1500000000000001	-0.00044399999999999984
1.1600000000000001	-0.0023
1.1600000000000001	-0.00218
1.1600000000000001	-0.0018319999999999999
1.1600000000000001	-0.001236
1.1600000000000001	-0.0005799999999999998
1.1600000000000001	-0.0005
1.1600000000000001	-0.0004079999999999998
1.1700000000000002	-0.0023
1.1700000000000002	-0.002176
1.1700000000000002	-0.0018239999999999999
1.1700000000000002	-0.001212
1.1700000000000002	-0.0005799999999999998
1.1700000000000002	-0.0005
1.1700000000000002	-0.0003679999999999998
1.1800000000000002	-0.0023
1.1800000000000002	-0.002172
1.1800000000000002	-0.001812
1.1800000000000002	-0.0011879999999999998
1.1800000000000002	-0.0005799999999999998
1.1800000000000002	-0.0005
1.1800000000000002	-0.000328
1.1900000000000002	-0.0023
1.1900000000000002	-0.0021680000000000002
1.1900000000000002	-0.0018
1.1900000000000002	-0.0011639999999999999
1.1900000000000002	-0.0005839999999999998
1.1900000000000002	-0.0005
1.1900000000000002	-0.0002879999999999999
1.2000000000000002	-0.0023
1.2000000000000002	-0.0021680000000000002
1.2000000000000002	-0.001788
1.2000000000000002	-0.0011359999999999999
1.2000000000000002	-0.0005839999999999998
1.2000000000000002	-0.0005
1.2000000000000002	-0.0002479999999999998
1.21	-0.0023
1.21	-0.002164
1.21	-0.001776
1.21	-0.0011119999999999997
1.21	-0.0005839999999999998
1.21	-0.0005
1.21	-0.0002079999999999998
1.22	-0.0023
1.22	-0.00216
1.22	-0.001764
1.22	-0.001088
1.22	-0.0005839999999999998
1.22	-0.0005
1.22	-0.00016800000000000002
1.23	-0.0023
1.23	-0.002156
1.23	-0.001752
1.23	-0.0010639999999999996
1.23	-0.0005839999999999998
1.23	-0.0005
1.23	-0.0001279999999999999
1.24	-0.0023
1.24	-0.0021520000000000003
1.24	-0.00174
1.24	-0.001036
1.24	-0.0005839999999999998
1.24	-0.0005
1.24	-0.0000879999999999998
1.25	-0.0023
1.25	-0.0021479999999999997
1.25	-0.001728
1.25	-0.0010119999999999999
1.25	-0.0005879999999999998
1.25	-0.0005
1.25	-0.00004399999999999968
1.26	-0.0023
1.26	-0.002144
1.26	-0.001712
1.26	-0.000984
1.26	-0.0005879999999999998
1.26	-0.0005
1.27	-0.0023
1.27	-0.00214
1.27	-0.0017
1.27	-0.0009599999999999999
1.27	-0.0005879999999999998
1.27	-0.0005
1.28	-0.0023
1.28	-0.00214
1.28	-0.0016879999999999998
1.28	-0.0009319999999999999
1.28	-0.0005879999999999998
1.28	-0.0005
1.29	-0.0023
1.29	-0.002136
1.29	-0.001676
1.29	-0.0009039999999999997
1.29	-0.0005879999999999998
1.29	-0.0005
1.3	-0.0023
1.3	-0.0021319999999999998
1.3	-0.00166
1.3	-0.0008799999999999999
1.3	-0.0005879999999999998
1.3	-0.0005
1.31	-0.0023
1.31	-0.002128
1.31	-0.0016480000000000002
1.31	-0.000852
1.31	-0.0005919999999999999
1.31	-0.0005
1.32	-0.0023
1.32	-0.002124
1.32	-0.0016359999999999999
1.32	-0.0008240000000000001
1.32	-0.0005919999999999999
1.32	-0.0005
1.33	-0.0023
1.33	-0.00212
1.33	-0.00162
1.33	-0.0007959999999999998
1.33	-0.0005919999999999999
1.33	-0.0005
1.34	-0.0023
1.34	-0.002116
1.34	-0.001608
1.34	-0.0007679999999999998
1.34	-0.0005919999999999999
1.34	-0.0005
1.35	-0.0023
1.35	-0.002112
1.35	-0.001592
1.35	-0.0007399999999999998
1.35	-0.0005919999999999999
1.35	-0.0005
1.36	-0.0023
1.36	-0.002108
1.36	-0.0015799999999999998
1.36	-0.0007119999999999997
1.36	-0.0005919999999999999
1.36	-0.0005
1.37	-0.0023
1.37	-0.002104
1.37	-0.001564
1.37	-0.0006839999999999998
1.37	-0.0005959999999999999
1.37	-0.0005
1.3800000000000001	-0.0023
1.3800000000000001	-0.0021000000000000003
1.3800000000000001	-0.001548
1.3800000000000001	-0.000652
1.3800000000000001	-0.0005959999999999999
1.3800000000000001	-0.0005
1.3900000000000001	-0.0023
1.3900000000000001	-0.002092
1.3900000000000001	-0.0015359999999999998
1.3900000000000001	-0.0006239999999999999
1.3900000000000001	-0.0005
1.4000000000000001	-0.0023
1.4000000000000001	-0.0020880000000000004
1.4000000000000001	-0.00152
1.4000000000000001	-0.0005959999999999999
1.4000000000000001	-0.0005
1.4100000000000001	-0.0023
1.4100000000000001	-0.002084
1.4100000000000001	-0.001504
1.4100000000000001	-0.0005679999999999997
1.4100000000000001	-0.0005
1.4200000000000002	-0.0023
1.4200000000000002	-0.0020800000000000003
1.4200000000000002	-0.0014919999999999998
1.4200000000000002	-0.0005959999999999999
1.4200000000000002	-0.0005359999999999999
1.4200000000000002	-0.0005
1.4300000000000002	-0.0023
1.4300000000000002	-0.002076
1.4300000000000002	-0.0014759999999999999
1.4300000000000002	-0.0005999999999999998
1.4300000000000002	-0.0005
1.4400000000000002	-0.0023
1.4400000000000002	-0.002072
1.4400000000000002	-0.00146
1.4400000000000002	-0.0005999999999999998
1.4400000000000002	-0.0005
1.4500000000000002	-0.0023
1.4500000000000002	-0.0020680000000000004
1.4500000000000002	-0.001444
1.4500000000000002	-0.0005999999999999998
1.4500000000000002	-0.0005
1.4500000000000002	-0.0004479999999999999
1.4600000000000002	-0.0023
1.4600000000000002	-0.0020640000000000003
1.4600000000000002	-0.001428
1.4600000000000002	-0.0005999999999999998
1.4600000000000002	-0.0005
1.4600000000000002	-0.0004159999999999998
1.4700000000000002	-0.0023
1.4700000000000002	-0.002056
1.4700000000000002	-0.001412
1.4700000000000002	-0.0005999999999999998
1.4700000000000002	-0.0005
1.4700000000000002	-0.0003839999999999997
1.4800000000000002	-0.0023
1.4800000000000002	-0.0020520000000000004
1.4800000000000002	-0.001396
1.4800000000000002	-0.0006039999999999998
1.4800000000000002	-0.0005
1.4800000000000002	-0.00035199999999999994
1.4900000000000002	-0.0023
1.4900000000000002	-0.0020480000000000003
1.4900000000000002	-0.00138
1.4900000000000002	-0.0006039999999999998
1.4900000000000002	-0.0005
1.4900000000000002	-0.00032399999999999996
1.5000000000000002	-0.0023
1.5000000000000002	-0.002044
1.5000000000000002	-0.001364
1.5000000000000002	-0.0006039999999999998
1.5000000000000002	-0.0005
1.5000000000000002	-0.0002919999999999999
1.51	-0.0023
1.51	-0.0020360000000000005
1.51	-0.0013479999999999998
1.51	-0.0006039999999999998
1.51	-0.0005
1.51	-0.0002599999999999998
1.52	-0.0023
1.52	-0.002032
1.52	-0.0013319999999999999
1.52	-0.0006039999999999998
1.52	-0.0005
1.52	-0.00022799999999999974
1.53	-0.0023
1.53	-0.002028
1.53	-0.001316
1.53	-0.0006079999999999998
1.53	-0.0005
1.53	-0.0001959999999999999
1.54	-0.0023
1.54	-0.002024
1.54	-0.0012959999999999998
1.54	-0.0006079999999999998
1.54	-0.0005
1.54	-0.000164
1.55	-0.0023
1.55	-0.002016
1.55	-0.0012799999999999999
1.55	-0.0006079999999999998
1.55	-0.0005
1.55	-0.0001319999999999999
1.56	-0.0023
1.56	-0.002012
1.56	-0.001264
1.56	-0.0006079999999999998
1.56	-0.0005
1.56	-0.00009999999999999983
1.57	-0.0023
1.57	-0.0020080000000000002
1.57	-0.001248
1.57	-0.0006079999999999998
1.57	-0.0005
1.57	-0.00006799999999999974
1.58	-0.0023
1.58	-0.002
1.58	-0.001228
1.58	-0.0006079999999999998
1.58	-0.0005
1.58	-0.00003199999999999965
1.59	-0.0023
1.59	-0.001996
1.59	-0.001212
1.59	-0.0006119999999999999
1.59	-0.0005
1.6	-0.0023
1.6	-0.001992
1.6	-0.0011959999999999998
1.6	-0.0006119999999999999
1.6	-0.0005
1.61	-0.0023
1.61	-0.001984
1.61	-0.001176
1.61	-0.0006119999999999999
1.61	-0.0005
1.62	-0.0023
1.62	-0.00198
1.62	-0.00116
1.62	-0.0006119999999999999
1.62	-0.0005
1.6300000000000001	-0.0023
1.6300000000000001	-0.0019720000000000002
1.6300000000000001	-0.00114
1.6300000000000001	-0.0006119999999999999
1.6300000000000001	-0.0005
1.6400000000000001	-0.0023
1.6400000000000001	-0.001968
1.6400000000000001	-0.001124
1.6400000000000001	-0.0006159999999999999
1.6400000000000001	-0.0005
1.6500000000000001	-0.0023
1.6500000000000001	-0.00196
1.6500000000000001	-0.0011039999999999997
1.6500000000000001	-0.0006159999999999999
1.6500000000000001	-0.0005
1.6600000000000001	-0.0023
1.6600000000000001	-0.0019560000000000003
1.6600000000000001	-0.001084
1.6600000000000001	-0.0006159999999999999
1.6600000000000001	-0.0005
1.6700000000000002	-0.0023
1.6700000000000002	-0.0019479999999999996
1.6700000000000002	-0.001068
1.6700000000000002	-0.0006159999999999999
1.6700000000000002	-0.0005
1.6800000000000002	-0.0023
1.6800000000000002	-0.001944
1.6800000000000002	-0.0010479999999999999
1.6800000000000002	-0.0006159999999999999
1.6800000000000002	-0.0005
1.6900000000000002	-0.0023
1.6900000000000002	-0.001936
1.6900000000000002	-0.0010279999999999998
1.6900000000000002	-0.0006199999999999999
1.6900000000000002	-0.0005
1.7000000000000002	-0.0023
1.7000000000000002	-0.0019320000000000001
1.7000000000000002	-0.0010079999999999998
1.7000000000000002	-0.0006199999999999999
1.7000000000000002	-0.0005
1.71	-0.0023
1.71	-0.001924
1.71	-0.000992
1.71	-0.0006199999999999999
1.71	-0.0005
1.72	-0.0023
1.72	-0.0019199999999999998
1.72	-0.000972
1.72	-0.0006199999999999999
1.72	-0.0005
1.73	-0.0023
1.73	-0.001912
1.73	-0.0009519999999999999
1.73	-0.0006199999999999999
1.73	-0.0005
1.74	-0.0023
1.74	-0.001908
1.74	-0.0009319999999999999
1.74	-0.0006239999999999999
1.74	-0.0005
1.75	-0.0023
1.75	-0.0019
1.75	-0.0009119999999999998
1.75	-0.0006239999999999999
1.75	-0.000496
1.76	-0.0023
1.76	-0.001892
1.76	-0.0008919999999999998
1.76	-0.0006239999999999999
1.76	-0.000496
1.77	-0.0023
1.77	-0.0018880000000000001
1.77	-0.000872
1.77	-0.0006239999999999999
1.77	-0.000496
1.78	-0.0023
1.78	-0.00188
1.78	-0.000852
1.78	-0.0006279999999999999
1.78	-0.000496
1.79	-0.0023
1.79	-0.001872
1.79	-0.0008320000000000001
1.79	-0.0006279999999999999
1.79	-0.000496
1.8	-0.0023
1.8	-0.0018679999999999999
1.8	-0.0008119999999999999
1.8	-0.0006279999999999999
1.8	-0.000496
1.81	-0.0023
1.81	-0.00186
1.81	-0.000792
1.81	-0.0006279999999999999
1.81	-0.000496
1.82	-0.0023
1.82	-0.001852
1.82	-0.0007719999999999999
1.82	-0.0006279999999999999
1.82	-0.000496
1.83	-0.0023
1.83	-0.0018479999999999998
1.83	-0.0007519999999999998
1.83	-0.000632
1.83	-0.000496
1.84	-0.0023
1.84	-0.00184
1.84	-0.0007319999999999998
1.84	-0.000632
1.84	-0.000496
1.85	-0.0023
1.85	-0.0018319999999999999
1.85	-0.0007079999999999998
1.85	-0.000632
1.85	-0.000496
1.86	-0.0023
1.86	-0.0018239999999999999
1.86	-0.0006879999999999997
1.86	-0.000632
1.86	-0.000496
1.87	-0.0023
1.87	-0.00182
1.87	-0.000668
1.87	-0.000496
1.8800000000000001	-0.0023
1.8800000000000001	-0.001812
1.8800000000000001	-0.0006479999999999999
1.8800000000000001	-0.000496
1.8900000000000001	-0.00234
1.8900000000000001	-0.0023
1.8900000000000001	-0.001804
1.8900000000000001	-0.0006239999999999999
1.8900000000000001	-0.000496
1.9000000000000001	-0.0023
1.9000000000000001	-0.001796
1.9000000000000001	-0.0006039999999999998
1.9000000000000001	-0.000496
1.9100000000000001	-0.0023
1.9100000000000001	-0.001788
1.9100000000000001	-0.000636
1.9100000000000001	-0.0005799999999999998
1.9100000000000001	-0.000496
1.9200000000000002	-0.0023
1.9200000000000002	-0.00178
1.9200000000000002	-0.0006399999999999999
1.9200000000000002	-0.0005599999999999997
1.9200000000000002	-0.000496
1.9300000000000002	-0.0023
1.9300000000000002	-0.001776
1.9300000000000002	-0.0006399999999999999
1.9300000000000002	-0.0005399999999999999
1.9400000000000002	-0.0023
1.9400000000000002	-0.001768
1.9400000000000002	-0.0006399999999999999
1.9400000000000002	-0.0005159999999999999
1.9500000000000002	-0.0023
1.9500000000000002	-0.00226
1.9500000000000002	-0.0017599999999999998
1.9500000000000002	-0.0006399999999999999
1.9500000000000002	-0.000496
1.9600000000000002	-0.0023
1.9600000000000002	-0.001752
1.9600000000000002	-0.0006439999999999999
1.9600000000000002	-0.0004719999999999999
1.9700000000000002	-0.0023
1.9700000000000002	-0.001744
1.9700000000000002	-0.0006439999999999999
1.9700000000000002	-0.000492
1.9700000000000002	-0.0004479999999999999
1.9800000000000002	-0.0023
1.9800000000000002	-0.0017360000000000001
1.9800000000000002	-0.0006439999999999999
1.9800000000000002	-0.000492
1.9800000000000002	-0.00042799999999999983
1.9900000000000002	-0.0023
1.9900000000000002	-0.001728
1.9900000000000002	-0.0006439999999999999
1.9900000000000002	-0.000492
1.9900000000000002	-0.00040399999999999974
2.	-0.0023
2.	-0.00172
2.	-0.0006439999999999999
2.	-0.000492
2.	-0.0003839999999999997
2.01	-0.0023
2.01	-0.001712
2.01	-0.0006479999999999999
2.01	-0.000492
2.01	-0.00035999999999999986
2.0199999999999996	-0.0023
2.0199999999999996	-0.001704
2.0199999999999996	-0.0006479999999999999
2.0199999999999996	-0.000492
2.0199999999999996	-0.0003359999999999998
2.03	-0.0023
2.03	-0.001696
2.03	-0.0006479999999999999
2.03	-0.000492
2.03	-0.00031199999999999994
2.0399999999999996	-0.0023
2.0399999999999996	-0.0016879999999999998
2.0399999999999996	-0.0006479999999999999
2.0399999999999996	-0.000492
2.0399999999999996	-0.0002919999999999999
2.05	-0.0023
2.05	-0.00168
2.05	-0.000652
2.05	-0.000492
2.05	-0.00026799999999999985
2.0599999999999996	-0.0023
2.0599999999999996	-0.0016719999999999999
2.0599999999999996	-0.000652
2.0599999999999996	-0.000492
2.0599999999999996	-0.00024399999999999978
2.07	-0.0023
2.07	-0.001664
2.07	-0.000652
2.07	-0.000492
2.07	-0.0002199999999999997
2.0799999999999996	-0.0023
2.0799999999999996	-0.001656
2.0799999999999996	-0.000652
2.0799999999999996	-0.000492
2.0799999999999996	-0.0001959999999999999
2.09	-0.0023
2.09	-0.0016480000000000002
2.09	-0.000656
2.09	-0.000492
2.09	-0.0001719999999999999
2.0999999999999996	-0.0023
2.0999999999999996	-0.0016359999999999999
2.0999999999999996	-0.000656
2.0999999999999996	-0.000492
2.0999999999999996	-0.00014799999999999997
2.11	-0.0023
2.11	-0.0016279999999999999
2.11	-0.000656
2.11	-0.000492
2.11	-0.0001239999999999999
2.1199999999999997	-0.0023
2.1199999999999997	-0.00162
2.1199999999999997	-0.000656
2.1199999999999997	-0.000492
2.1199999999999997	-0.00009999999999999983
2.13	-0.0023
2.13	-0.001612
2.13	-0.00066
2.13	-0.000492
2.13	-0.00007599999999999976
2.1399999999999997	-0.0023
2.1399999999999997	-0.001604
2.1399999999999997	-0.00066
2.1399999999999997	-0.000488
2.1399999999999997	-0.000051999999999999705
2.15	-0.0023
2.15	-0.001596
2.15	-0.00066
2.15	-0.000488
2.15	-0.00002799999999999977
2.1599999999999997	-0.0023
2.1599999999999997	-0.001584
2.1599999999999997	-0.00066
2.1599999999999997	-0.000488
2.17	-0.00236
2.17	-0.0023
2.17	-0.001576
2.17	-0.000664
2.17	-0.000488
2.1799999999999997	-0.00236
2.1799999999999997	-0.0023
2.1799999999999997	-0.001568
2.1799999999999997	-0.000664
2.1799999999999997	-0.000488
2.19	-0.00236
2.19	-0.0023
2.19	-0.00156
2.19	-0.000664
2.19	-0.000488
2.1999999999999997	-0.0023
2.1999999999999997	-0.001548
2.1999999999999997	-0.000664
2.1999999999999997	-0.000488
2.21	-0.0023
2.21	-0.00154
2.21	-0.000668
2.21	-0.000488
2.2199999999999998	-0.0023
2.2199999999999998	-0.00224
2.2199999999999998	-0.001532
2.2199999999999998	-0.000668
2.2199999999999998	-0.000488
2.23	-0.0023
2.23	-0.00224
2.23	-0.00152
2.23	-0.000668
2.23	-0.000488
2.2399999999999998	-0.0023
2.2399999999999998	-0.00224
2.2399999999999998	-0.0015119999999999999
2.2399999999999998	-0.000668
2.2399999999999998	-0.000488
2.25	-0.0023
2.25	-0.00224
2.25	-0.001504
2.25	-0.0006719999999999999
2.25	-0.000488
2.26	-0.0023
2.26	-0.00224
2.26	-0.0014919999999999998
2.26	-0.0006719999999999999
2.26	-0.00048399999999999995
2.27	-0.0023
2.27	-0.0014839999999999999
2.27	-0.0006719999999999999
2.27	-0.00048399999999999995
2.28	-0.0023
2.28	-0.0014759999999999999
2.28	-0.0006759999999999998
2.28	-0.00048399999999999995
2.29	-0.0023
2.29	-0.001464
2.29	-0.0006759999999999998
2.29	-0.00048399999999999995
2.3	-0.0023
2.3	-0.001456
2.3	-0.0006759999999999998
2.3	-0.00048399999999999995
2.3099999999999996	-0.0023
2.3099999999999996	-0.001444
2.3099999999999996	-0.0006759999999999998
2.3099999999999996	-0.00048399999999999995
2.32	-0.0023
2.32	-0.001436
2.32	-0.0006799999999999998
2.32	-0.00048399999999999995
2.3299999999999996	-0.0023
2.3299999999999996	-0.001424
2.3299999999999996	-0.0006799999999999998
2.3299999999999996	-0.00048399999999999995
2.34	-0.0023
2.34	-0.001416
2.34	-0.0006799999999999998
2.34	-0.00048399999999999995
2.3499999999999996	-0.0023
2.3499999999999996	-0.001408
2.3499999999999996	-0.0006799999999999998
2.3499999999999996	-0.00048399999999999995
2.36	-0.0023
2.36	-0.001396
2.36	-0.0006839999999999998
2.36	-0.00048399999999999995
2.3699999999999997	-0.0023
2.3699999999999997	-0.001384
2.3699999999999997	-0.0006839999999999998
2.3699999999999997	-0.00047999999999999996
2.38	-0.0023
2.38	-0.001376
2.38	-0.0006839999999999998
2.38	-0.00047999999999999996
2.3899999999999997	-0.00238
2.3899999999999997	-0.0023
2.3899999999999997	-0.001364
2.3899999999999997	-0.0006879999999999997
2.3899999999999997	-0.00047999999999999996
2.3999999999999995	-0.00238
2.3999999999999995	-0.0023
2.3999999999999995	-0.001356
2.3999999999999995	-0.0006879999999999997
2.3999999999999995	-0.00047999999999999996
2.4099999999999997	-0.00238
2.4099999999999997	-0.0023
2.4099999999999997	-0.001344
2.4099999999999997	-0.0006879999999999997
2.4099999999999997	-0.00047999999999999996
2.4199999999999995	-0.00238
2.4199999999999995	-0.0023
2.4199999999999995	-0.001336
2.4199999999999995	-0.0006879999999999997
2.4199999999999995	-0.00047999999999999996
2.4299999999999997	-0.002384
2.4299999999999997	-0.0023
2.4299999999999997	-0.0013239999999999999
2.4299999999999997	-0.0006919999999999999
2.4299999999999997	-0.00047999999999999996
2.4399999999999995	-0.0023
2.4399999999999995	-0.002224
2.4399999999999995	-0.0013119999999999998
2.4399999999999995	-0.0006919999999999999
2.4399999999999995	-0.00047999999999999996
2.4499999999999997	-0.0023
2.4499999999999997	-0.0022199999999999998
2.4499999999999997	-0.001304
2.4499999999999997	-0.0006919999999999999
2.4499999999999997	-0.00047999999999999996
2.4599999999999995	-0.0023
2.4599999999999995	-0.0022199999999999998
2.4599999999999995	-0.001292
2.4599999999999995	-0.0006959999999999999
2.4599999999999995	-0.00047599999999999997
2.4699999999999998	-0.0023
2.4699999999999998	-0.0022199999999999998
2.4699999999999998	-0.001284
2.4699999999999998	-0.0006959999999999999
2.4699999999999998	-0.00047599999999999997
2.48	-0.0023
2.48	-0.0022199999999999998
2.48	-0.001272
2.48	-0.0006959999999999999
2.48	-0.00047599999999999997
2.4899999999999998	-0.0023
2.4899999999999998	-0.002216
2.4899999999999998	-0.0012599999999999998
2.4899999999999998	-0.0006999999999999999
2.4899999999999998	-0.00047599999999999997
2.5	-0.0023
2.5	-0.002216
2.5	-0.001248
2.5	-0.0006999999999999999
2.5	-0.00047599999999999997
2.51	-0.0023
2.51	-0.0012399999999999998
2.51	-0.0006999999999999999
2.51	-0.00047599999999999997
2.52	-0.0023
2.52	-0.001228
2.52	-0.0006999999999999999
2.52	-0.00047599999999999997
2.53	-0.0023
2.53	-0.0012159999999999999
2.53	-0.0007039999999999999
2.53	-0.00047599999999999997
2.54	-0.0023
2.54	-0.0012079999999999999
2.54	-0.0007039999999999999
2.54	-0.0004719999999999999
2.55	-0.0023
2.55	-0.0011959999999999998
2.55	-0.0007039999999999999
2.55	-0.0004719999999999999
2.56	-0.0023
2.56	-0.001184
2.56	-0.0007079999999999998
2.56	-0.0004719999999999999
2.57	-0.002396
2.57	-0.0023
2.57	-0.0011719999999999999
2.57	-0.0007079999999999998
2.57	-0.0004719999999999999
2.5799999999999996	-0.002396
2.5799999999999996	-0.0023
2.5799999999999996	-0.00116
2.5799999999999996	-0.0007079999999999998
2.5799999999999996	-0.0004719999999999999
2.59	-0.0024000000000000002
2.59	-0.0023
2.59	-0.0011519999999999998
2.59	-0.0007119999999999997
2.59	-0.0004719999999999999
2.5999999999999996	-0.0024000000000000002
2.5999999999999996	-0.0023
2.5999999999999996	-0.00114
2.5999999999999996	-0.0007119999999999997
2.5999999999999996	-0.0004719999999999999
2.61	-0.0024000000000000002
2.61	-0.0023
2.61	-0.0011279999999999999
2.61	-0.0007119999999999997
2.61	-0.0004719999999999999
2.6199999999999997	-0.0024040000000000003
2.6199999999999997	-0.0023
2.6199999999999997	-0.002204
2.6199999999999997	-0.001116
2.6199999999999997	-0.0007119999999999997
2.6199999999999997	-0.00046799999999999994
2.63	-0.0024040000000000003
2.63	-0.0023
2.63	-0.002204
2.63	-0.0011039999999999997
2.63	-0.0007159999999999997
2.63	-0.00046799999999999994
2.6399999999999997	-0.0024040000000000003
2.6399999999999997	-0.0023
2.6399999999999997	-0.0021999999999999997
2.6399999999999997	-0.0010919999999999999
2.6399999999999997	-0.0007159999999999997
2.6399999999999997	-0.00046799999999999994
2.65	-0.0023
2.65	-0.0021999999999999997
2.65	-0.0010799999999999998
2.65	-0.0007159999999999997
2.65	-0.00046799999999999994
2.6599999999999997	-0.0023
2.6599999999999997	-0.0021999999999999997
2.6599999999999997	-0.001068
2.6599999999999997	-0.0007199999999999997
2.6599999999999997	-0.00046799999999999994
2.6699999999999995	-0.0023
2.6699999999999995	-0.0021999999999999997
2.6699999999999995	-0.0010599999999999997
2.6699999999999995	-0.0007199999999999997
2.6699999999999995	-0.00046799999999999994
2.6799999999999997	-0.0023
2.6799999999999997	-0.002196
2.6799999999999997	-0.0010479999999999999
2.6799999999999997	-0.0007199999999999997
2.6799999999999997	-0.00046799999999999994
2.6899999999999995	-0.0023
2.6899999999999995	-0.002196
2.6899999999999995	-0.001036
2.6899999999999995	-0.0007239999999999997
2.6899999999999995	-0.0004639999999999999
2.6999999999999997	-0.0023
2.6999999999999997	-0.002196
2.6999999999999997	-0.001024
2.6999999999999997	-0.0007239999999999997
2.6999999999999997	-0.0004639999999999999
2.7099999999999995	-0.0023
2.7099999999999995	-0.002196
2.7099999999999995	-0.0010119999999999999
2.7099999999999995	-0.0007239999999999997
2.7099999999999995	-0.0004639999999999999
2.7199999999999998	-0.0023
2.7199999999999998	-0.002192
2.7199999999999998	-0.001
2.7199999999999998	-0.0007279999999999997
2.7199999999999998	-0.0004639999999999999
2.7299999999999995	-0.002416
2.7299999999999995	-0.0023
2.7299999999999995	-0.000988
2.7299999999999995	-0.0007279999999999997
2.7299999999999995	-0.0004639999999999999
2.7399999999999998	-0.002416
2.7399999999999998	-0.0023
2.7399999999999998	-0.000976
2.7399999999999998	-0.0007279999999999997
2.7399999999999998	-0.0004639999999999999
2.75	-0.0024200000000000003
2.75	-0.0023
2.75	-0.0009639999999999999
2.75	-0.0007319999999999998
2.75	-0.0004639999999999999
2.76	-0.0024200000000000003
2.76	-0.0023
2.76	-0.0009519999999999999
2.76	-0.0007319999999999998
2.76	-0.0004599999999999999
2.77	-0.0024200000000000003
2.77	-0.0023
2.77	-0.0009399999999999999
2.77	-0.0007319999999999998
2.77	-0.0004599999999999999
2.78	-0.0024200000000000003
2.78	-0.0023
2.78	-0.0009239999999999998
2.78	-0.0007359999999999998
2.78	-0.0004599999999999999
2.79	-0.002424
2.79	-0.0023
2.79	-0.002184
2.79	-0.0009119999999999998
2.79	-0.0007359999999999998
2.79	-0.0004599999999999999
2.8	-0.002424
2.8	-0.0023
2.8	-0.002184
2.8	-0.0008999999999999998
2.8	-0.0007359999999999998
2.8	-0.0004599999999999999
2.81	-0.002424
2.81	-0.0023
2.81	-0.002184
2.81	-0.0008879999999999999
2.81	-0.0007399999999999998
2.81	-0.0004599999999999999
2.82	-0.002428
2.82	-0.0023
2.82	-0.00218
2.82	-0.000876
2.82	-0.0007399999999999998
2.82	-0.0004559999999999999
2.83	-0.0023
2.83	-0.00218
2.83	-0.0008639999999999999
2.83	-0.0007399999999999998
2.83	-0.0004559999999999999
2.84	-0.0023
2.84	-0.00218
2.84	-0.000852
2.84	-0.0007439999999999998
2.84	-0.0004559999999999999
2.8499999999999996	-0.0023
2.8499999999999996	-0.002176
2.8499999999999996	-0.00084
2.8499999999999996	-0.0007439999999999998
2.8499999999999996	-0.0004559999999999999
2.86	-0.0023
2.86	-0.002176
2.86	-0.000828
2.86	-0.0007479999999999998
2.86	-0.0004559999999999999
2.8699999999999997	-0.0023
2.8699999999999997	-0.002176
2.8699999999999997	-0.0008119999999999999
2.8699999999999997	-0.0004559999999999999
2.88	-0.002436
2.88	-0.0023
2.88	-0.002172
2.88	-0.0007999999999999999
2.88	-0.0004519999999999999
2.8899999999999997	-0.002436
2.8899999999999997	-0.0023
2.8899999999999997	-0.002172
2.8899999999999997	-0.0007879999999999999
2.8899999999999997	-0.0004519999999999999
2.9	-0.0024400000000000003
2.9	-0.0023
2.9	-0.002172
2.9	-0.0007759999999999999
2.9	-0.0004519999999999999
2.9099999999999997	-0.0024400000000000003
2.9099999999999997	-0.0023
2.9099999999999997	-0.0007599999999999998
2.9099999999999997	-0.0004519999999999999
2.92	-0.0024400000000000003
2.92	-0.0023
2.92	-0.0007479999999999998
2.92	-0.0004519999999999999
2.9299999999999997	-0.002444
2.9299999999999997	-0.0023
2.9299999999999997	-0.0007359999999999998
2.9299999999999997	-0.0004519999999999999
2.9399999999999995	-0.002444
2.9399999999999995	-0.0023
2.9399999999999995	-0.002164
2.9399999999999995	-0.0007559999999999998
2.9399999999999995	-0.0007239999999999997
2.9399999999999995	-0.0004479999999999999
2.9499999999999997	-0.002444
2.9499999999999997	-0.0023
2.9499999999999997	-0.002164
2.9499999999999997	-0.0007599999999999998
2.9499999999999997	-0.0007079999999999996
2.9499999999999997	-0.0004479999999999999
2.9599999999999995	-0.002448
2.9599999999999995	-0.0023
2.9599999999999995	-0.002164
2.9599999999999995	-0.0007599999999999998
2.9599999999999995	-0.0006959999999999999
2.9599999999999995	-0.0004479999999999999
2.9699999999999998	-0.002448
2.9699999999999998	-0.0023
2.9699999999999998	-0.00216
2.9699999999999998	-0.0007599999999999998
2.9699999999999998	-0.0006839999999999998
2.9699999999999998	-0.0004479999999999999
2.9799999999999995	-0.002448
2.9799999999999995	-0.0023
2.9799999999999995	-0.00216
2.9799999999999995	-0.0007639999999999998
2.9799999999999995	-0.0006719999999999999
2.9799999999999995	-0.0004479999999999999
2.9899999999999998	-0.0023
2.9899999999999998	-0.00216
2.9899999999999998	-0.0007639999999999998
2.9899999999999998	-0.000656
2.9899999999999998	-0.00044399999999999984
2.9999999999999996	-0.0023
2.9999999999999996	-0.002156
2.9999999999999996	-0.0007679999999999998
2.9999999999999996	-0.0006439999999999999
2.9999999999999996	-0.00044399999999999984
3.01	-0.002456
3.01	-0.0023
3.01	-0.002156
3.01	-0.0007679999999999998
3.01	-0.000632
3.01	-0.00044399999999999984
3.02	-0.002456
3.02	-0.0023
3.02	-0.002156
3.02	-0.0007679999999999998
3.02	-0.0006159999999999999
3.02	-0.00044399999999999984
3.03	-0.002456
3.03	-0.0023
3.03	-0.0021520000000000003
3.03	-0.0007719999999999999
3.03	-0.0006039999999999998
3.03	-0.00044399999999999984
3.04	-0.00246
3.04	-0.0023
3.04	-0.0021520000000000003
3.04	-0.0007719999999999999
3.04	-0.0005879999999999998
3.04	-0.00043999999999999985
3.05	-0.00246
3.05	-0.0023
3.05	-0.0021479999999999997
3.05	-0.0007719999999999999
3.05	-0.0005759999999999998
3.05	-0.00043999999999999985
3.06	-0.002464
3.06	-0.0023
3.06	-0.0021479999999999997
3.06	-0.0007759999999999999
3.06	-0.0005639999999999997
3.06	-0.00043999999999999985
3.07	-0.002464
3.07	-0.0023
3.07	-0.0021479999999999997
3.07	-0.0007759999999999999
3.07	-0.0005479999999999999
3.07	-0.00043999999999999985
3.08	-0.002464
3.08	-0.0023
3.08	-0.002144
3.08	-0.0007799999999999999
3.08	-0.0005359999999999999
3.08	-0.00043999999999999985
3.09	-0.002468
3.09	-0.0023
3.09	-0.002144
3.09	-0.0007799999999999999
3.09	-0.0005199999999999998
3.09	-0.00043599999999999986
3.1	-0.002468
3.1	-0.0023
3.1	-0.002144
3.1	-0.0007799999999999999
3.1	-0.000508
3.1	-0.00043599999999999986
3.11	-0.002472
3.11	-0.0023
3.11	-0.00214
3.11	-0.000784
3.11	-0.000496
3.11	-0.00043599999999999986
3.1199999999999997	-0.002472
3.1199999999999997	-0.0023
3.1199999999999997	-0.00214
3.1199999999999997	-0.000784
3.1199999999999997	-0.00047999999999999996
3.1199999999999997	-0.00043599999999999986
3.13	-0.0023
3.13	-0.002136
3.13	-0.0007879999999999999
3.13	-0.00046799999999999994
3.1399999999999997	-0.002476
3.1399999999999997	-0.0023
3.1399999999999997	-0.002136
3.1399999999999997	-0.0007879999999999999
3.1399999999999997	-0.0004519999999999999
3.15	-0.002476
3.15	-0.0023
3.15	-0.002136
3.15	-0.0007879999999999999
3.15	-0.0004319999999999998
3.1599999999999997	-0.00248
3.1599999999999997	-0.0023
3.1599999999999997	-0.0021319999999999998
3.1599999999999997	-0.000792
3.1599999999999997	-0.0004239999999999998
3.17	-0.00248
3.17	-0.0023
3.17	-0.0021319999999999998
3.17	-0.000792
3.17	-0.00041199999999999977
3.1799999999999997	-0.00248
3.1799999999999997	-0.0023
3.1799999999999997	-0.0021319999999999998
3.1799999999999997	-0.0007959999999999998
3.1799999999999997	-0.00039599999999999976
3.19	-0.002484
3.19	-0.0023
3.19	-0.002128
3.19	-0.0007959999999999998
3.19	-0.0003839999999999997
3.1999999999999997	-0.002484
3.1999999999999997	-0.0023
3.1999999999999997	-0.002128
3.1999999999999997	-0.0007959999999999998
3.1999999999999997	-0.00042799999999999983
3.1999999999999997	-0.0003679999999999998
3.2099999999999995	-0.0024879999999999998
3.2099999999999995	-0.0023
3.2099999999999995	-0.002124
3.2099999999999995	-0.0007999999999999999
3.2099999999999995	-0.00042799999999999983
3.2099999999999995	-0.00035199999999999994
3.2199999999999998	-0.0024879999999999998
3.2199999999999998	-0.0023
3.2199999999999998	-0.002124
3.2199999999999998	-0.0007999999999999999
3.2199999999999998	-0.0004239999999999998
3.2199999999999998	-0.0003399999999999998
3.2299999999999995	-0.0024920000000000003
3.2299999999999995	-0.0023
3.2299999999999995	-0.002124
3.2299999999999995	-0.0008039999999999998
3.2299999999999995	-0.0004239999999999998
3.2299999999999995	-0.00032399999999999996
3.2399999999999998	-0.0024920000000000003
3.2399999999999998	-0.0023
3.2399999999999998	-0.00212
3.2399999999999998	-0.0008039999999999998
3.2399999999999998	-0.0004239999999999998
3.2399999999999998	-0.00031199999999999994
3.2499999999999996	-0.0024920000000000003
3.2499999999999996	-0.0023
3.2499999999999996	-0.00212
3.2499999999999996	-0.0008039999999999998
3.2499999999999996	-0.0004239999999999998
3.2499999999999996	-0.00029599999999999993
3.26	-0.002496
3.26	-0.0023
3.26	-0.002116
3.26	-0.000808
3.26	-0.0004239999999999998
3.26	-0.00027999999999999987
3.2699999999999996	-0.002496
3.2699999999999996	-0.0023
3.2699999999999996	-0.002116
3.2699999999999996	-0.000808
3.2699999999999996	-0.0004199999999999998
3.2699999999999996	-0.00026799999999999985
3.28	-0.0025
3.28	-0.0023
3.28	-0.002116
3.28	-0.0008119999999999999
3.28	-0.0004199999999999998
3.28	-0.0002519999999999998
3.29	-0.0025
3.29	-0.0023
3.29	-0.002112
3.29	-0.0008119999999999999
3.29	-0.0004199999999999998
3.29	-0.00023599999999999975
3.3	-0.002504
3.3	-0.0023
3.3	-0.002112
3.3	-0.0008119999999999999
3.3	-0.0004199999999999998
3.3	-0.00022399999999999973
3.31	-0.002504
3.31	-0.0023
3.31	-0.0021079999999999996
3.31	-0.0008160000000000001
3.31	-0.0004159999999999998
3.31	-0.0002079999999999998
3.32	-0.0025080000000000002
3.32	-0.0023
3.32	-0.0021079999999999996
3.32	-0.0008160000000000001
3.32	-0.0004159999999999998
3.32	-0.00019199999999999995
3.33	-0.0025080000000000002
3.33	-0.0023
3.33	-0.002104
3.33	-0.00082
3.33	-0.0004159999999999998
3.33	-0.00017999999999999982
3.34	-0.002512
3.34	-0.0023
3.34	-0.002104
3.34	-0.00082
3.34	-0.0004159999999999998
3.34	-0.000164
3.35	-0.002512
3.35	-0.0023
3.35	-0.002104
3.35	-0.0008240000000000001
3.35	-0.00041199999999999977
3.35	-0.00014799999999999997
3.36	-0.002516
3.36	-0.0023
3.36	-0.0021000000000000003
3.36	-0.0008240000000000001
3.36	-0.00041199999999999977
3.36	-0.00013599999999999992
3.37	-0.002516
3.37	-0.0023
3.37	-0.0021000000000000003
3.37	-0.0008240000000000001
3.37	-0.00041199999999999977
3.37	-0.00011999999999999988
3.38	-0.00252
3.38	-0.0023
3.38	-0.0020959999999999998
3.38	-0.000828
3.38	-0.00041199999999999977
3.38	-0.00010399999999999984
3.3899999999999997	-0.00252
3.3899999999999997	-0.0023
3.3899999999999997	-0.0020959999999999998
3.3899999999999997	-0.000828
3.3899999999999997	-0.0004079999999999998
3.3899999999999997	-0.0000879999999999998
3.4	-0.00252
3.4	-0.0023
3.4	-0.002092
3.4	-0.0008320000000000001
3.4	-0.0004079999999999998
3.4	-0.00007599999999999976
3.4099999999999997	-0.002524
3.4099999999999997	-0.0023
3.4099999999999997	-0.002092
3.4099999999999997	-0.0008320000000000001
3.4099999999999997	-0.0004079999999999998
3.4099999999999997	-0.000059999999999999724
3.42	-0.002524
3.42	-0.0023
3.42	-0.002092
3.42	-0.0008359999999999999
3.42	-0.0004079999999999998
3.42	-0.00004399999999999968
3.4299999999999997	-0.002528
3.4299999999999997	-0.0023
3.4299999999999997	-0.0020880000000000004
3.4299999999999997	-0.0008359999999999999
3.4299999999999997	-0.00040399999999999974
3.4299999999999997	-0.00002799999999999977
3.44	-0.002528
3.44	-0.0023
3.44	-0.002088
3.44	-0.00084
3.44	-0.00040399999999999974
3.44	-0.000011999999999999902
3.4499999999999997	-0.0025320000000000004
3.4499999999999997	-0.0023
3.4499999999999997	-0.002084
3.4499999999999997	-0.00084
3.4499999999999997	-0.00040399999999999974
3.46	-0.0025320000000000004
3.46	-0.0023
3.46	-0.002084
3.46	-0.00084
3.46	-0.00039999999999999975
3.4699999999999998	-0.002536
3.4699999999999998	-0.0023
3.4699999999999998	-0.0020800000000000003
3.4699999999999998	-0.0008439999999999999
3.4699999999999998	-0.00039999999999999975
3.4799999999999995	-0.00254
3.4799999999999995	-0.0023
3.4799999999999995	-0.0020800000000000003
3.4799999999999995	-0.0008439999999999999
3.4799999999999995	-0.00039999999999999975
3.4899999999999998	-0.00254
3.4899999999999998	-0.0023
3.4899999999999998	-0.002076
3.4899999999999998	-0.0008480000000000001
3.4899999999999998	-0.00039999999999999975
3.4999999999999996	-0.0025440000000000003
3.4999999999999996	-0.0023
3.4999999999999996	-0.002076
3.4999999999999996	-0.0008480000000000001
3.4999999999999996	-0.00039599999999999976
3.51	-0.0025440000000000003
3.51	-0.0023
3.51	-0.002072
3.51	-0.000852
3.51	-0.00039599999999999976
3.5199999999999996	-0.0025480000000000004
3.5199999999999996	-0.0023
3.5199999999999996	-0.002072
3.5199999999999996	-0.000852
3.5199999999999996	-0.00039599999999999976
3.53	-0.0025480000000000004
3.53	-0.0023
3.53	-0.002068
3.53	-0.0008559999999999998
3.53	-0.0003919999999999997
3.5399999999999996	-0.002552
3.5399999999999996	-0.0023
3.5399999999999996	-0.002068
3.5399999999999996	-0.0008559999999999998
3.5399999999999996	-0.0003919999999999997
3.55	-0.002552
3.55	-0.0023
3.55	-0.0020640000000000003
3.55	-0.0008599999999999999
3.55	-0.0003919999999999997
3.56	-0.002556
3.56	-0.0023
3.56	-0.0020640000000000003
3.56	-0.0008599999999999999
3.56	-0.0003919999999999997
3.57	-0.002556
3.57	-0.0023
3.57	-0.0020640000000000003
3.57	-0.0008639999999999999
3.57	-0.00038799999999999973
3.58	-0.0025599999999999998
3.58	-0.0023
3.58	-0.00206
3.58	-0.0008639999999999999
3.58	-0.00038799999999999973
3.59	-0.0025599999999999998
3.59	-0.0023
3.59	-0.00206
3.59	-0.0008679999999999998
3.59	-0.00038799999999999973
3.6	-0.002564
3.6	-0.0023
3.6	-0.002056
3.6	-0.0008679999999999998
3.6	-0.0003839999999999997
3.61	-0.002564
3.61	-0.0023
3.61	-0.002056
3.61	-0.0008679999999999998
3.61	-0.0003839999999999997
3.62	-0.002568
3.62	-0.0023
3.62	-0.0020520000000000004
3.62	-0.000872
3.62	-0.0003839999999999997
3.63	-0.002572
3.63	-0.0023
3.63	-0.0020520000000000004
3.63	-0.000872
3.63	-0.0003799999999999997
3.64	-0.002572
3.64	-0.0023
3.64	-0.0020480000000000003
3.64	-0.000876
3.64	-0.0003799999999999997
3.65	-0.002576
3.65	-0.0023
3.65	-0.0020480000000000003
3.65	-0.000876
3.65	-0.0003799999999999997
3.6599999999999997	-0.002576
3.6599999999999997	-0.0023
3.6599999999999997	-0.002044
3.6599999999999997	-0.0008799999999999999
3.6599999999999997	-0.0003759999999999997
3.67	-0.00258
3.67	-0.0023
3.67	-0.002044
3.67	-0.0008799999999999999
3.67	-0.0003759999999999997
3.6799999999999997	-0.00258
3.6799999999999997	-0.0023
3.6799999999999997	-0.00204
3.6799999999999997	-0.0008839999999999999
3.6799999999999997	-0.0003759999999999997
3.69	-0.0025840000000000004
3.69	-0.0023
3.69	-0.00204
3.69	-0.0008839999999999999
3.69	-0.0003759999999999997
3.6999999999999997	-0.002588
3.6999999999999997	-0.0023
3.6999999999999997	-0.0020360000000000005
3.6999999999999997	-0.0008879999999999999
3.6999999999999997	-0.00037199999999999966
3.71	-0.002588
3.71	-0.0023
3.71	-0.0020360000000000005
3.71	-0.0008879999999999999
3.71	-0.00037199999999999966
3.7199999999999998	-0.0025919999999999997
3.7199999999999998	-0.0023
3.7199999999999998	-0.002032
3.7199999999999998	-0.0008919999999999998
3.7199999999999998	-0.00037199999999999966
3.73	-0.0025919999999999997
3.73	-0.0023
3.73	-0.002032
3.73	-0.0008919999999999998
3.73	-0.0003679999999999998
3.7399999999999998	-0.002596
3.7399999999999998	-0.0023
3.7399999999999998	-0.002028
3.7399999999999998	-0.0008959999999999998
3.7399999999999998	-0.0003679999999999998
3.7499999999999996	-0.0026
3.7499999999999996	-0.0023
3.7499999999999996	-0.002024
3.7499999999999996	-0.0008959999999999998
3.7499999999999996	-0.0003679999999999998
3.76	-0.0026
3.76	-0.0023
3.76	-0.002024
3.76	-0.0008999999999999998
3.76	-0.00036399999999999985
3.7699999999999996	-0.002604
3.7699999999999996	-0.0023
3.7699999999999996	-0.00202
3.7699999999999996	-0.0008999999999999998
3.7699999999999996	-0.00036399999999999985
3.78	-0.002604
3.78	-0.0023
3.78	-0.00202
3.78	-0.0009039999999999997
3.78	-0.00036399999999999985
3.7899999999999996	-0.002608
3.7899999999999996	-0.0023
3.7899999999999996	-0.002016
3.7899999999999996	-0.0009039999999999997
3.7899999999999996	-0.00035999999999999986
3.8	-0.0026119999999999997
3.8	-0.0023
3.8	-0.002016
3.8	-0.0009079999999999997
3.8	-0.00035999999999999986
3.8099999999999996	-0.0026119999999999997
3.8099999999999996	-0.0023
3.8099999999999996	-0.002012
3.8099999999999996	-0.0009079999999999997
3.8099999999999996	-0.00035999999999999986
3.82	-0.002616
3.82	-0.0023
3.82	-0.002012
3.82	-0.0009119999999999998
3.82	-0.00035599999999999987
3.83	-0.00262
3.83	-0.0023
3.83	-0.0020080000000000002
3.83	-0.0009119999999999998
3.83	-0.00035599999999999987
3.84	-0.00262
3.84	-0.0023
3.84	-0.0020080000000000002
3.84	-0.0009159999999999998
3.84	-0.00035199999999999994
3.85	-0.002624
3.85	-0.0023
3.85	-0.002004
3.85	-0.0009199999999999998
3.85	-0.00035199999999999994
3.86	-0.0026279999999999997
3.86	-0.0023
3.86	-0.002004
3.86	-0.0009199999999999998
3.86	-0.00035199999999999994
3.87	-0.0026279999999999997
3.87	-0.0023
3.87	-0.002
3.87	-0.0009239999999999998
3.87	-0.00034799999999999973
3.88	-0.002632
3.88	-0.0023
3.88	-0.001996
3.88	-0.0009239999999999998
3.88	-0.00034799999999999973
3.89	-0.0026360000000000003
3.89	-0.0023
3.89	-0.001996
3.89	-0.0009279999999999998
3.89	-0.00034799999999999973
3.9	-0.0026360000000000003
3.9	-0.0023
3.9	-0.001992
3.9	-0.0009279999999999998
3.9	-0.0003439999999999998
3.91	-0.00264
3.91	-0.0023
3.91	-0.001992
3.91	-0.0009319999999999999
3.91	-0.0003439999999999998
3.92	-0.00264
3.92	-0.0023
3.92	-0.001988
3.92	-0.0009319999999999999
3.92	-0.0003439999999999998
3.9299999999999997	-0.0026439999999999996
3.9299999999999997	-0.0023
3.9299999999999997	-0.001988
3.9299999999999997	-0.0009359999999999999
3.9299999999999997	-0.0003399999999999998
3.94	-0.002648
3.94	-0.0023
3.94	-0.001984
3.94	-0.0009359999999999999
3.94	-0.0003399999999999998
3.9499999999999997	-0.0026520000000000003
3.9499999999999997	-0.0023
3.9499999999999997	-0.00198
3.9499999999999997	-0.0009399999999999999
3.9499999999999997	-0.0003359999999999998
3.96	-0.0026520000000000003
3.96	-0.0023
3.96	-0.00198
3.96	-0.0009399999999999999
3.96	-0.0003359999999999998
3.9699999999999998	-0.002656
3.9699999999999998	-0.0023
3.9699999999999998	-0.001976
3.9699999999999998	-0.0009439999999999999
3.9699999999999998	-0.0003359999999999998
3.98	-0.00266
3.98	-0.0023
3.98	-0.001976
3.98	-0.0009439999999999999
3.98	-0.0003319999999999999
3.9899999999999998	-0.00266
3.9899999999999998	-0.0023
3.9899999999999998	-0.0019720000000000002
3.9899999999999998	-0.0009479999999999998
3.9899999999999998	-0.0003319999999999999
4.	-0.002664
4.	-0.0023
4.	-0.001968
4.	-0.0009519999999999999
4.	-0.0003279999999999999