10.	0.0010022
10.	0.0010542
10.	0.0010999999999999998
10.1	0.0010012
10.1	0.0010538
10.1	0.0010999999999999998
10.2	0.0010002000000000001
10.2	0.0010534
10.2	0.0010999999999999998
10.3	0.0009994000000000001
10.3	0.0010530000000000001
10.3	0.0010999999999999998
10.4	0.0009984
10.4	0.0010525999999999999
10.4	0.0010999999999999998
10.5	0.0009973999999999998
10.5	0.0010522
10.5	0.0010999999999999998
10.6	0.0009964000000000002
10.6	0.0010517999999999999
10.6	0.0010999999999999998
10.700000000000001	0.0009956000000000001
10.700000000000001	0.0010514
10.700000000000001	0.0010999999999999998
10.8	0.0009946
10.8	0.0010509999999999999
10.8	0.0010999999999999998
10.9	0.0009935999999999999
10.9	0.0010506
10.9	0.0010999999999999998
11.	0.0009926000000000002
11.	0.0010502
11.	0.0010999999999999998
11.100000000000001	0.0009918
11.100000000000001	0.0010496
11.100000000000001	0.0010999999999999998
11.2	0.0009908
11.2	0.0010492
11.2	0.0010999999999999998
11.299999999999999	0.0009898
11.299999999999999	0.0010488000000000001
11.299999999999999	0.0010999999999999998
11.399999999999999	0.0009888
11.399999999999999	0.0010484000000000001
11.399999999999999	0.0010999999999999998
11.5	0.0009880000000000002
11.5	0.0010479999999999999
11.5	0.0010999999999999998
11.6	0.000987
11.6	0.0010476
11.6	0.0010999999999999998
11.7	0.000986
11.7	0.0010472
11.7	0.0010999999999999998
11.799999999999999	0.000985
11.799999999999999	0.0010468
11.799999999999999	0.0010999999999999998
11.9	0.0009842
11.9	0.0010463999999999998
11.9	0.0010999999999999998
12.	0.0009832
12.	0.001046
12.	0.0010999999999999998
12.1	0.0009822000000000001
12.1	0.0010455999999999998
12.1	0.0010999999999999998
12.2	0.0009812
12.2	0.0010452
12.2	0.0010999999999999998
12.3	0.0009804000000000002
12.3	0.0010448
12.3	0.0010999999999999998
12.4	0.0009794
12.4	0.0010444
12.4	0.0010999999999999998
12.5	0.0009784
12.5	0.001044
12.5	0.0010999999999999998
12.6	0.0009776
12.6	0.0010436
12.6	0.0010999999999999998
12.700000000000001	0.0009766
12.700000000000001	0.0010432
12.700000000000001	0.0010999999999999998
12.8	0.0009756
12.8	0.0010428
12.8	0.0010999999999999998
12.9	0.0009748
12.9	0.0010424000000000002
12.9	0.0010999999999999998
13.	0.0009737999999999999
13.	0.001042
13.	0.0010999999999999998
13.100000000000001	0.0009728
13.100000000000001	0.0010416000000000002
13.100000000000001	0.0010999999999999998
13.2	0.0009717999999999999
13.2	0.0010412
13.2	0.0010999999999999998
13.299999999999999	0.000971
13.299999999999999	0.0010408
13.299999999999999	0.0010999999999999998
13.399999999999999	0.0009699999999999999
13.399999999999999	0.0010404
13.399999999999999	0.0010999999999999998
13.5	0.000969
13.5	0.0010400000000000001
13.5	0.0010999999999999998
13.6	0.0009682
13.6	0.0010396
13.6	0.0010999999999999998
13.7	0.0009672
13.7	0.0010392
13.7	0.0010999999999999998
13.799999999999999	0.0009662
13.799999999999999	0.0010387999999999999
13.799999999999999	0.0010999999999999998
13.9	0.0009653999999999999
13.9	0.0010384
13.9	0.0010999999999999998
14.	0.0009644
14.	0.0010379999999999999
14.	0.0010999999999999998
14.1	0.0009633999999999999
14.1	0.0010376
14.1	0.0010999999999999998
14.2	0.0009625999999999999
14.2	0.0010372
14.2	0.0010999999999999998
14.3	0.0009616
14.3	0.0010368
14.3	0.0010999999999999998
14.4	0.0009607999999999999
14.4	0.0010363999999999998
14.4	0.0010999999999999998
14.5	0.0009597999999999999
14.5	0.001036
14.5	0.0010999999999999998
14.6	0.0009587999999999999
14.6	0.0010355999999999998
14.6	0.0010999999999999998
14.700000000000001	0.000958
14.700000000000001	0.0010352
14.700000000000001	0.0010999999999999998
14.8	0.000957
14.8	0.0010348
14.8	0.0010999999999999998
14.9	0.0009559999999999999
14.9	0.0010344
14.9	0.0010999999999999998
15.	0.0009552
15.	0.001034
15.	0.0010999999999999998
15.100000000000001	0.0009541999999999999
15.100000000000001	0.0010336
15.100000000000001	0.0010999999999999998
15.2	0.0009534
15.2	0.0010332
15.2	0.0010999999999999998
15.299999999999999	0.0009524
15.299999999999999	0.0010328
15.299999999999999	0.0010999999999999998
15.399999999999999	0.0009514
15.399999999999999	0.0010324000000000002
15.399999999999999	0.0010999999999999998
15.5	0.0009506
15.5	0.001032
15.5	0.0010999999999999998
15.600000000000001	0.0009495999999999999
15.600000000000001	0.0010316000000000001
15.600000000000001	0.0010999999999999998
15.700000000000001	0.0009486
15.700000000000001	0.0010312
15.700000000000001	0.0010999999999999998
15.8	0.0009477999999999999
15.8	0.0010308000000000001
15.8	0.0010999999999999998
15.900000000000002	0.0009467999999999999
15.900000000000002	0.0010304
15.900000000000002	0.0010999999999999998
16.	0.000946
16.	0.00103
16.	0.0010999999999999998
16.1	0.0009449999999999999
16.1	0.0010295999999999999
16.1	0.0010999999999999998
16.2	0.0009442
16.2	0.0010294000000000002
16.2	0.0010999999999999998
16.3	0.0009431999999999999
16.3	0.001029
16.3	0.0010999999999999998
16.4	0.0009422
16.4	0.0010286000000000002
16.4	0.0010999999999999998
16.5	0.0009413999999999999
16.5	0.0010282
16.5	0.0010999999999999998
16.599999999999998	0.0009404
16.599999999999998	0.0010278
16.599999999999998	0.0010999999999999998
16.7	0.0009396
16.7	0.0010274
16.7	0.0010999999999999998
16.8	0.0009385999999999999
16.8	0.0010270000000000001
16.8	0.0010999999999999998
16.900000000000002	0.0009377999999999999
16.900000000000002	0.0010266
16.900000000000002	0.0010999999999999998
17.	0.0009368
17.	0.0010262000000000001
17.	0.0010999999999999998
17.1	0.000936
17.1	0.0010257999999999999
17.1	0.0010999999999999998
17.2	0.000935
17.2	0.0010254
17.2	0.0010999999999999998
17.3	0.0009339999999999999
17.3	0.0010252
17.3	0.0010999999999999998
17.4	0.0009332
17.4	0.0010248
17.4	0.0010999999999999998
17.5	0.0009321999999999999
17.5	0.0010244
17.5	0.0010999999999999998
17.6	0.0009314
17.6	0.0010240000000000002
17.6	0.0010999999999999998
17.700000000000003	0.0009304
17.700000000000003	0.0010236
17.700000000000003	0.0010999999999999998
17.8	0.0009295999999999999
17.8	0.0010232
17.8	0.0010999999999999998
17.900000000000002	0.0009285999999999999
17.900000000000002	0.0010228
17.900000000000002	0.0010999999999999998
18.	0.0009278
18.	0.0010224000000000001
18.	0.0010999999999999998
18.1	0.0009267999999999999
18.1	0.001022
18.1	0.0010999999999999998
18.2	0.000926
18.2	0.0010218
18.2	0.0010999999999999998
18.3	0.0009249999999999999
18.3	0.0010214
18.3	0.0010999999999999998
18.4	0.0009242
18.4	0.001021
18.4	0.0010999999999999998
18.5	0.0009231999999999999
18.5	0.0010206
18.5	0.0010999999999999998
18.599999999999998	0.0009224
18.599999999999998	0.0010202
18.599999999999998	0.0010999999999999998
18.7	0.0009214
18.7	0.0010198
18.7	0.0010999999999999998
18.8	0.0009205999999999999
18.8	0.0010194000000000002
18.8	0.0010999999999999998
18.900000000000002	0.0009195999999999999
18.900000000000002	0.0010192
18.900000000000002	0.0010999999999999998
19.	0.0009188
19.	0.0010188
19.	0.0010999999999999998
19.1	0.000918
19.1	0.0010184
19.1	0.0010999999999999998
19.200000000000003	0.000917
19.200000000000003	0.0010179999999999998
19.200000000000003	0.0010999999999999998
19.300000000000004	0.0009161999999999999
19.300000000000004	0.0010176
19.300000000000004	0.0010999999999999998
19.400000000000002	0.0009152
19.400000000000002	0.0010172
19.400000000000002	0.0010999999999999998
19.500000000000004	0.0009143999999999999
19.500000000000004	0.0010168
19.500000000000004	0.0010999999999999998
19.6	0.0009134
19.6	0.0010165999999999999
19.6	0.0010999999999999998
19.700000000000003	0.0009126
19.700000000000003	0.0010161999999999999
19.700000000000003	0.0010999999999999998
19.8	0.0009115999999999999
19.8	0.0010158
19.8	0.0010999999999999998
19.900000000000002	0.0009108
19.900000000000002	0.0010154
19.900000000000002	0.0010999999999999998
20.	0.00091
20.	0.0010149999999999998
20.	0.0010999999999999998
20.1	0.000909
20.1	0.0010148
20.1	0.0010999999999999998
20.2	0.0009082
20.2	0.0010144
20.2	0.0010999999999999998
20.3	0.0009071999999999999
20.3	0.0010140000000000001
20.3	0.0010999999999999998
20.4	0.0009063999999999999
20.4	0.0010136
20.4	0.0010999999999999998
20.5	0.0009054
20.5	0.0010132000000000001
20.5	0.0010999999999999998
20.599999999999998	0.0009046
20.599999999999998	0.0010128
20.599999999999998	0.0010999999999999998
20.7	0.0009038
20.7	0.0010126
20.7	0.0010999999999999998
20.8	0.0009027999999999999
20.8	0.0010122
20.8	0.0010999999999999998
20.900000000000002	0.000902
20.900000000000002	0.0010118
20.900000000000002	0.0010999999999999998
21.	0.0009009999999999999
21.	0.0010114
21.	0.0010999999999999998
21.1	0.0009002
21.1	0.0010110000000000002
21.1	0.0010999999999999998
21.200000000000003	0.0008994
21.200000000000003	0.0010108
21.200000000000003	0.0010999999999999998
21.300000000000004	0.0008983999999999999
21.300000000000004	0.0010103999999999998
21.300000000000004	0.0010999999999999998
21.400000000000002	0.0008975999999999999
21.400000000000002	0.00101
21.400000000000002	0.0010999999999999998
21.500000000000004	0.0008968
21.500000000000004	0.0010095999999999998
21.500000000000004	0.0010999999999999998
21.6	0.0008957999999999999
21.6	0.0010094000000000001
21.6	0.0010999999999999998
21.700000000000003	0.000895
21.700000000000003	0.001009
21.700000000000003	0.0010999999999999998
21.8	0.0008939999999999999
21.8	0.0010086000000000001
21.8	0.0010999999999999998
21.900000000000002	0.0008931999999999999
21.900000000000002	0.0010082000000000001
21.900000000000002	0.0010999999999999998
22.	0.0008924
22.	0.0010078
22.	0.0010999999999999998
22.1	0.0008914
22.1	0.0010076
22.1	0.0010999999999999998
22.2	0.0008906
22.2	0.0010072
22.2	0.0010999999999999998
22.3	0.0008895999999999999
22.3	0.0010068
22.3	0.0010999999999999998
22.4	0.0008885999999999999
22.4	0.0010064000000000002
22.4	0.0010999999999999998
22.5	0.0008876
22.5	0.001006
22.5	0.0010999999999999998
22.599999999999998	0.0008865999999999999
22.599999999999998	0.0010056000000000002
22.599999999999998	0.0010999999999999998
22.7	0.0008853999999999999
22.7	0.0010052
22.7	0.0010999999999999998
22.8	0.000884
22.8	0.0010048
22.8	0.0010999999999999998
22.900000000000002	0.0008825999999999999
22.900000000000002	0.0010044
22.900000000000002	0.0010999999999999998
23.	0.0008807999999999999
23.	0.0010038
23.	0.0010999999999999998
23.1	0.0008787999999999999
23.1	0.0010031999999999999
23.1	0.0010999999999999998
23.200000000000003	0.0008761999999999999
23.200000000000003	0.0010026
23.200000000000003	0.0010999999999999998
23.300000000000004	0.0008732
23.300000000000004	0.0010018
23.300000000000004	0.0010998
23.400000000000002	0.0008694
23.400000000000002	0.0010008
23.400000000000002	0.0010998
23.500000000000004	0.0008648
23.500000000000004	0.0009996000000000002
23.500000000000004	0.0010996
23.6	0.0008592
23.6	0.0009982
23.6	0.0010996
23.700000000000003	0.0008523999999999999
23.700000000000003	0.0009965999999999998
23.700000000000003	0.0010994
23.8	0.0008444
23.8	0.0009946
23.8	0.0010990000000000002
23.900000000000002	0.0008347999999999999
23.900000000000002	0.0009922
23.900000000000002	0.0010988
24.	0.0008236
24.	0.0009896
24.	0.0010984
24.1	0.0008106
24.1	0.0009868
24.1	0.0010978
24.2	0.0007957999999999999
24.2	0.0009834000000000002
24.2	0.0010972
24.3	0.0007794
24.3	0.0009798
24.3	0.0010964
24.4	0.0007612
24.4	0.000976
24.4	0.0010953999999999998
24.5	0.0007417999999999999
24.5	0.0009717999999999999
24.5	0.0010942
24.599999999999998	0.000721
24.599999999999998	0.000967
24.599999999999998	0.001093
24.7	0.0006994
24.7	0.000962
24.7	0.0010914000000000002
24.8	0.0006774
24.8	0.0009561999999999999
24.8	0.0010896
24.900000000000002	0.0006554
24.900000000000002	0.0009499999999999999
24.900000000000002	0.0010874
25.	0.0006338
25.	0.0009429999999999999
25.	0.0010848
25.1	0.0006132
25.1	0.000935
25.1	0.001082
25.200000000000003	0.0005936
25.200000000000003	0.0009262
25.200000000000003	0.0010785999999999999
25.300000000000004	0.0005754
25.300000000000004	0.0009159999999999999
25.300000000000004	0.001075
25.400000000000002	0.0005591999999999999
25.400000000000002	0.0009046
25.400000000000002	0.0010708
25.500000000000004	0.0005446
25.500000000000004	0.0008916
25.500000000000004	0.0010662
25.6	0.0005319999999999999
25.6	0.0008772
25.6	0.0010612
25.700000000000003	0.000521
25.700000000000003	0.000861
25.700000000000003	0.0010555999999999999
25.8	0.000512
25.8	0.0008431999999999999
25.8	0.0010498
25.900000000000002	0.0005044
25.900000000000002	0.0008238
25.900000000000002	0.0010433999999999999
26.	0.0004984
26.	0.0008031999999999999
26.	0.0010368
26.1	0.0004934
26.1	0.0007814
26.1	0.0010295999999999999
26.2	0.0004892000000000001
26.2	0.0007589999999999999
26.2	0.0010218
26.3	0.0004858
26.3	0.0007363999999999999
26.3	0.0010134
26.400000000000002	0.00048259999999999997
26.400000000000002	0.000714
26.400000000000002	0.0010042
26.500000000000004	0.0004796
26.500000000000004	0.0006923999999999999
26.500000000000004	0.0009942
26.6	0.0004766
26.6	0.0006722
26.6	0.0009832
26.700000000000003	0.000473
26.700000000000003	0.0006538000000000001
26.700000000000003	0.0009712
26.8	0.000469
26.8	0.0006374
26.8	0.0009578
26.900000000000002	0.0004646
26.900000000000002	0.0006236
26.900000000000002	0.0009431999999999999
27.	0.0004594
27.	0.0006123999999999999
27.	0.0009269999999999999
27.1	0.0004542
27.1	0.0006032
27.1	0.0009094
27.2	0.00044880000000000007
27.2	0.0005962000000000001
27.2	0.00089
27.3	0.0004436
27.3	0.0005909999999999999
27.3	0.0008694
27.4	0.00043860000000000004
27.4	0.0005870000000000001
27.4	0.0008471999999999999
27.5	0.00043420000000000004
27.5	0.000584
27.5	0.0008238
27.6	0.00043039999999999994
27.6	0.0005818
27.6	0.0007991999999999999
27.700000000000003	0.00042699999999999997
27.700000000000003	0.00058
27.700000000000003	0.000774
27.8	0.0004242
27.8	0.0005784
27.8	0.0007486
27.900000000000002	0.0004216
27.900000000000002	0.0005767999999999999
27.900000000000002	0.0007232
28.	0.0004192
28.	0.0005748
28.	0.0006986
28.1	0.0004168
28.1	0.000572
28.1	0.0006755999999999999
28.2	0.0004142
28.2	0.0005681999999999999
28.2	0.000655
28.3	0.0004114
28.3	0.0005622
28.3	0.0006378
28.400000000000002	0.000408
28.400000000000002	0.0005542
28.400000000000002	0.0006248
28.500000000000004	0.000404
28.500000000000004	0.0005444
28.500000000000004	0.000616
28.6	0.0003992
28.6	0.0005338
28.6	0.0006104
28.700000000000003	0.0003936
28.700000000000003	0.0005236
28.700000000000003	0.0006068
28.8	0.0003872
28.8	0.0005147999999999999
28.8	0.0006046000000000001
28.900000000000002	0.0003806
28.900000000000002	0.0005074000000000001
28.900000000000002	0.000603
29.	0.0003738
29.	0.0005013999999999999
29.	0.0006022
29.1	0.00036700000000000003
29.1	0.0004966
29.1	0.0006014
29.200000000000003	0.0003608
29.200000000000003	0.000493
29.200000000000003	0.000601
29.300000000000004	0.000355
29.300000000000004	0.0004902
29.300000000000004	0.0006008
29.400000000000002	0.0003496
29.400000000000002	0.000488
29.400000000000002	0.0006004
29.500000000000004	0.00034500000000000004
29.500000000000004	0.0004864
29.500000000000004	0.0006004
29.6	0.000341
29.6	0.00048499999999999997
29.6	0.0006002000000000001
29.700000000000003	0.0003376
29.700000000000003	0.000484
29.700000000000003	0.0006002000000000001
29.8	0.0003346
29.8	0.000483
29.8	0.0006002000000000001
29.900000000000002	0.00033200000000000005
29.900000000000002	0.0004824
29.900000000000002	0.0006000000000000001
30.000000000000004	0.0003298
30.000000000000004	0.0004818
30.000000000000004	0.0006000000000000001
30.1	0.000328
30.1	0.0004812
30.1	0.0006000000000000001
30.200000000000003	0.0003264
30.200000000000003	0.0004808
30.200000000000003	0.0006000000000000001
30.300000000000004	0.000325
30.300000000000004	0.0004804
30.300000000000004	0.0006000000000000001
30.400000000000002	0.00032359999999999995
30.400000000000002	0.00048
30.400000000000002	0.0006000000000000001
30.5	0.00032260000000000004
30.5	0.0004796
30.5	0.0006000000000000001
30.6	0.0003214
30.6	0.00047919999999999994
30.6	0.0006000000000000001
30.7	0.0003206
30.7	0.0004788
30.7	0.0006000000000000001
30.8	0.0003196
30.8	0.00047860000000000003
30.8	0.0006000000000000001
30.900000000000002	0.0003186
30.900000000000002	0.0004782
30.900000000000002	0.0006000000000000001
31.	0.0003178
31.	0.0004778
31.	0.0006000000000000001
31.1	0.000317
31.1	0.0004776
31.1	0.0006000000000000001
31.200000000000003	0.0003162
31.200000000000003	0.0004772
31.200000000000003	0.0006000000000000001
31.3	0.00031539999999999997
31.3	0.000477
31.3	0.0006000000000000001
31.400000000000002	0.0003146
31.400000000000002	0.0004766
31.400000000000002	0.0006000000000000001
31.500000000000004	0.00031380000000000004
31.500000000000004	0.0004764
31.500000000000004	0.0006000000000000001
31.6	0.000313
31.6	0.00047599999999999997
31.6	0.0006000000000000001
31.700000000000003	0.0003122
31.700000000000003	0.00047559999999999996
31.700000000000003	0.0006000000000000001
31.800000000000004	0.0003114
31.800000000000004	0.00047539999999999995
31.800000000000004	0.0006000000000000001
31.900000000000002	0.00031059999999999996
31.900000000000002	0.000475
31.900000000000002	0.0006000000000000001
32.	0.0003098
32.	0.00047480000000000005
32.	0.0006000000000000001
32.1	0.00030900000000000003
32.1	0.0004744
32.1	0.0006000000000000001
32.2	0.0003082
32.2	0.0004742
32.2	0.0006000000000000001
32.3	0.0003076
32.3	0.0004738
32.3	0.0006000000000000001
32.4	0.0003068
32.4	0.00047359999999999997
32.4	0.0006000000000000001
32.5	0.00030599999999999996
32.5	0.0004732
32.5	0.0006000000000000001
32.6	0.0003052
32.6	0.0004728
32.6	0.0006000000000000001
32.7	0.00030439999999999997
32.7	0.0004726
32.7	0.0006000000000000001
32.800000000000004	0.0003036
32.800000000000004	0.0004722
32.800000000000004	0.0006000000000000001
32.900000000000006	0.00030280000000000004
32.900000000000006	0.000472
32.900000000000006	0.0006000000000000001
33.00000000000001	0.00030199999999999997
33.00000000000001	0.00047159999999999997
33.00000000000001	0.0006000000000000001
33.10000000000001	0.0003014
33.10000000000001	0.0004714
33.10000000000001	0.0006000000000000001
33.2	0.00030060000000000004
33.2	0.000471
33.2	0.0006000000000000001
33.300000000000004	0.00029979999999999997
33.300000000000004	0.00047080000000000006
33.300000000000004	0.0006000000000000001
33.400000000000006	0.000299
33.400000000000006	0.0004704
33.400000000000006	0.0006000000000000001
33.5	0.00029820000000000004
33.5	0.00047019999999999994
33.5	0.0006000000000000001
33.6	0.0002974
33.6	0.0004698
33.6	0.0006000000000000001
33.7	0.00029660000000000005
33.7	0.0004696
33.7	0.0006000000000000001
33.8	0.00029600000000000004
33.8	0.0004692
33.8	0.0006000000000000001
33.9	0.0002952
33.9	0.000469
33.9	0.0006000000000000001
34.	0.0002944
34.	0.0004686
34.	0.0006000000000000001
34.1	0.00029360000000000003
34.1	0.0004684
34.1	0.0006000000000000001
34.2	0.0002928
34.2	0.000468
34.2	0.0006000000000000001
34.300000000000004	0.0002922
34.300000000000004	0.0004678
34.300000000000004	0.0006000000000000001
34.400000000000006	0.0002914
34.400000000000006	0.00046740000000000003
34.400000000000006	0.0006000000000000001
34.50000000000001	0.0002906
34.50000000000001	0.00046719999999999997
34.50000000000001	0.0006000000000000001
34.60000000000001	0.0002898
34.60000000000001	0.0004668
34.60000000000001	0.0006000000000000001
34.7	0.000289
34.7	0.0004666
34.7	0.0006000000000000001
34.800000000000004	0.00028839999999999996
34.800000000000004	0.00046619999999999995
34.800000000000004	0.0006000000000000001
34.900000000000006	0.0002876
34.900000000000006	0.000466
34.900000000000006	0.0006000000000000001
35.	0.0002868
35.	0.00046560000000000004
35.	0.0006000000000000001
35.1	0.000286
35.1	0.00046540000000000004
35.1	0.0006000000000000001
35.2	0.00028520000000000005
35.2	0.000465
35.2	0.0006000000000000001
35.3	0.0002846
35.3	0.0004648
35.3	0.0006000000000000001
35.4	0.00028379999999999996
35.4	0.0004644
35.4	0.0006000000000000001
35.5	0.00028300000000000005
35.5	0.0004642
35.5	0.0006000000000000001
35.6	0.0002822
35.6	0.0004638
35.6	0.0006000000000000001
35.7	0.0002816
35.7	0.0004636
35.7	0.0006000000000000001
35.800000000000004	0.0002808
35.800000000000004	0.0004632
35.800000000000004	0.0006000000000000001
35.900000000000006	0.00028
35.900000000000006	0.000463
35.900000000000006	0.0006000000000000001
36.00000000000001	0.0002792
36.00000000000001	0.00046259999999999997
36.00000000000001	0.0006000000000000001
36.10000000000001	0.00027860000000000005
36.10000000000001	0.00046239999999999996
36.10000000000001	0.0006000000000000001
36.2	0.00027780000000000003
36.2	0.000462
36.2	0.0006000000000000001
36.300000000000004	0.000277
36.300000000000004	0.00046180000000000006
36.300000000000004	0.0006000000000000001
36.400000000000006	0.0002764
36.400000000000006	0.00046160000000000005
36.400000000000006	0.0006000000000000001
36.5	0.00027560000000000003
36.5	0.0004612
36.5	0.0006000000000000001
36.6	0.0002748
36.6	0.000461
36.6	0.0006000000000000001
36.7	0.00027400000000000005
36.7	0.0004606
36.7	0.0006000000000000001
36.8	0.0002734
36.8	0.0004604
36.8	0.0006000000000000001
36.9	0.0002726
36.9	0.00046
36.9	0.0006000000000000001
37.	0.0002718
37.	0.0004598
37.	0.0006000000000000001
37.1	0.0002712
37.1	0.0004594
37.1	0.0006000000000000001
37.2	0.00027039999999999996
37.2	0.0004592
37.2	0.0006000000000000001
37.300000000000004	0.0002696
37.300000000000004	0.0004588
37.300000000000004	0.0006000000000000001
37.400000000000006	0.00026900000000000003
37.400000000000006	0.0004586
37.400000000000006	0.0006000000000000001
37.50000000000001	0.0002682
37.50000000000001	0.00045840000000000003
37.50000000000001	0.0006000000000000001
37.60000000000001	0.0002674
37.60000000000001	0.000458
37.60000000000001	0.0006000000000000001
37.7	0.00026680000000000003
37.7	0.00045780000000000007
37.7	0.0006000000000000001
37.800000000000004	0.00026599999999999996
37.800000000000004	0.0004574
37.800000000000004	0.0006000000000000001
37.900000000000006	0.00026520000000000005
37.900000000000006	0.00045719999999999995
37.900000000000006	0.0006000000000000001
38.	0.00026460000000000003
38.	0.0004568
38.	0.0006000000000000001
38.1	0.00026379999999999996
38.1	0.0004566
38.1	0.0006000000000000001
38.2	0.000263
38.2	0.00045620000000000003
38.2	0.0006000000000000001
38.3	0.0002624
38.3	0.000456
38.3	0.0006000000000000001
38.4	0.00026159999999999996
38.4	0.0004558
38.4	0.0006000000000000001
38.5	0.0002608
38.5	0.0004554
38.5	0.0006000000000000001
38.6	0.00026020000000000004
38.6	0.0004552
38.6	0.0006000000000000001
38.7	0.0002594
38.7	0.0004548
38.7	0.0006000000000000001
38.800000000000004	0.0002588
38.800000000000004	0.0004546
38.800000000000004	0.0006000000000000001
38.900000000000006	0.000258
38.900000000000006	0.0004542
38.900000000000006	0.0006000000000000001
39.00000000000001	0.00025719999999999996
39.00000000000001	0.000454
39.00000000000001	0.0006000000000000001
39.10000000000001	0.00025659999999999995
39.10000000000001	0.00045379999999999997
39.10000000000001	0.0006000000000000001
39.2	0.00025580000000000004
39.2	0.00045339999999999996
39.2	0.0006000000000000001
39.300000000000004	0.0002552
39.300000000000004	0.00045319999999999996
39.300000000000004	0.0006000000000000001
39.400000000000006	0.0002544
39.400000000000006	0.0004528
39.400000000000006	0.0006000000000000001
39.5	0.0002536
39.5	0.00045260000000000005
39.5	0.0006000000000000001
39.6	0.00025299999999999997
39.6	0.00045239999999999994
39.6	0.0006000000000000001
39.7	0.00025220000000000006
39.7	0.000452
39.7	0.0006000000000000001
39.8	0.00025160000000000004
39.8	0.0004517999999999999
39.8	0.0006000000000000001
39.9	0.00025079999999999997
39.9	0.0004514
39.9	0.0006000000000000001
40.	0.0002502
40.	0.0004512
40.	0.0006000000000000001