0.015	-0.0004799999999999995
0.015	0.00928
0.03	-0.00856
0.03	-0.0004799999999999995
0.03	0.00928
0.045	-0.00856
0.045	-0.0004799999999999995
0.045	0.00928
0.06	-0.0086
0.06	-0.0004799999999999995
0.06	0.0058000000000000005
0.06	0.00928
0.075	-0.0086
0.075	-0.00228
0.075	-0.0004799999999999995
0.075	0.0037600000000000008
0.075	0.0058000000000000005
0.075	0.00928
0.09	-0.00856
0.09	-0.00228
0.09	-0.0004799999999999995
0.09	0.0037600000000000008
0.09	0.0058000000000000005
0.09	0.00928
0.105	-0.0086
0.105	-0.0078
0.105	-0.00728
0.105	-0.00228
0.105	-0.0004799999999999995
0.105	0.0038000000000000004
0.105	0.0058000000000000005
0.105	0.00928
0.12	-0.0086
0.12	-0.008
0.12	-0.0074
0.12	-0.0068000000000000005
0.12	-0.0058
0.12	-0.00228
0.12	-0.0018399999999999996
0.12	-0.0004799999999999995
0.12	0.0038000000000000004
0.12	0.0058000000000000005
0.12	0.00928
0.135	-0.0086
0.135	-0.0072
0.135	-0.00228
0.135	-0.0004799999999999995
0.135	0.0038000000000000004
0.135	0.0058000000000000005
0.135	0.00928
0.15000000000000002	-0.0086
0.15000000000000002	-0.00464
0.15000000000000002	-0.00228
0.15000000000000002	-0.0012799999999999999
0.15000000000000002	-0.0004799999999999995
0.15000000000000002	0.0038000000000000004
0.15000000000000002	0.005840000000000001
0.15000000000000002	0.00928
0.16499999999999998	-0.0086
0.16499999999999998	-0.00228
0.16499999999999998	-0.0017999999999999995
0.16499999999999998	-0.0012799999999999999
0.16499999999999998	-0.0004799999999999995
0.16499999999999998	0.0038000000000000004
0.16499999999999998	0.005840000000000001
0.16499999999999998	0.00928
0.18	-0.0086
0.18	-0.0066
0.18	-0.00228
0.18	-0.0017999999999999995
0.18	-0.00132
0.18	-0.0004799999999999995
0.18	0.0038400000000000005
0.18	0.005840000000000001
0.18	0.00928
0.19499999999999998	-0.0086
0.19499999999999998	-0.007
0.19499999999999998	-0.0058
0.19499999999999998	-0.00228
0.19499999999999998	-0.00132
0.19499999999999998	-0.0004799999999999995
0.19499999999999998	0.0038400000000000005
0.19499999999999998	0.005840000000000001
0.19499999999999998	0.00928
0.20999999999999996	-0.0086
0.20999999999999996	-0.0076
0.20999999999999996	-0.0068000000000000005
0.20999999999999996	-0.006
0.20999999999999996	-0.004999999999999999
0.20999999999999996	-0.0036
0.20999999999999996	-0.00228
0.20999999999999996	-0.00132
0.20999999999999996	-0.0004799999999999995
0.20999999999999996	0.0038400000000000005
0.20999999999999996	0.005880000000000001
0.20999999999999996	0.00928
0.22499999999999998	-0.0086
0.22499999999999998	-0.00784
0.22499999999999998	-0.007240000000000001
0.22499999999999998	-0.00636
0.22499999999999998	-0.0058
0.22499999999999998	-0.004999999999999999
0.22499999999999998	-0.00228
0.22499999999999998	-0.0013999999999999993
0.22499999999999998	-0.0004799999999999995
0.22499999999999998	0.0038400000000000005
0.22499999999999998	0.005880000000000001
0.22499999999999998	0.00928
0.24	-0.0086
0.24	-0.0076
0.24	-0.007
0.24	-0.00636
0.24	-0.0057599999999999995
0.24	-0.00516
0.24	-0.0046
0.24	-0.0038
0.24	-0.00228
0.24	-0.00132
0.24	-0.0005199999999999996
0.24	0.00388
0.24	0.00592
0.24	0.00928
0.255	-0.0086
0.255	-0.0076
0.255	-0.007240000000000001
0.255	-0.00656
0.255	-0.0056
0.255	-0.004999999999999999
0.255	-0.004399999999999999
0.255	-0.00228
0.255	-0.0018799999999999997
0.255	-0.0012799999999999999
0.255	-0.0005199999999999996
0.255	0.00388
0.255	0.00592
0.255	0.00928
0.26999999999999996	-0.0086
0.26999999999999996	-0.0078
0.26999999999999996	-0.0074399999999999996
0.26999999999999996	-0.00708
0.26999999999999996	-0.00636
0.26999999999999996	-0.006
0.26999999999999996	-0.004999999999999999
0.26999999999999996	-0.00228
0.26999999999999996	-0.00136
0.26999999999999996	-0.0007999999999999995
0.26999999999999996	0.00392
0.26999999999999996	0.00596
0.26999999999999996	0.00936
0.285	-0.0086
0.285	-0.00716
0.285	-0.0067599999999999995
0.285	-0.0064
0.285	-0.006
0.285	-0.0046
0.285	-0.00228
0.285	-0.0011599999999999998
0.285	-0.0005199999999999996
0.285	0.0021600000000000005
0.285	0.00392
0.285	0.00596
0.285	0.0082
0.285	0.00928
0.3	-0.0092
0.3	-0.0086
0.3	-0.00716
0.3	-0.006719999999999999
0.3	-0.00636
0.3	-0.00596
0.3	-0.00556
0.3	-0.0052
0.3	-0.0048000000000000004
0.3	-0.00228
0.3	-0.00132
0.3	-0.0005599999999999997
0.3	0.0022000000000000006
0.3	0.003960000000000001
0.3	0.006
0.3	0.0082
0.3	0.00944
0.315	-0.0086
0.315	-0.00704
0.315	-0.00664
0.315	-0.0062
0.315	-0.0058
0.315	-0.0054
0.315	-0.004999999999999999
0.315	-0.0046
0.315	-0.00424
0.315	-0.00228
0.315	-0.0011999999999999997
0.315	0.0022000000000000006
0.315	0.003960000000000001
0.315	0.006
0.315	0.00932
0.33	-0.0092
0.33	-0.0086
0.33	-0.0078
0.33	-0.00736
0.33	-0.00688
0.33	-0.0064399999999999995
0.33	-0.006
0.33	-0.00556
0.33	-0.00516
0.33	-0.0032
0.33	-0.00228
0.33	-0.0013999999999999993
0.33	-0.0005199999999999996
0.33	0.0022400000000000007
0.33	0.004000000000000001
0.33	0.006039999999999999
0.33	0.00928
0.345	-0.0086
0.345	-0.0076
0.345	-0.00712
0.345	-0.00664
0.345	-0.0061600000000000005
0.345	-0.00524
0.345	-0.0048000000000000004
0.345	-0.004399999999999999
0.345	-0.00396
0.345	-0.0032
0.345	-0.00228
0.345	-0.00132
0.345	0.0008000000000000004
0.345	0.0022400000000000007
0.345	0.00404
0.345	0.0060799999999999995
0.345	0.009479999999999999
0.345	0.0098
0.36	-0.0086
0.36	-0.0078
0.36	-0.0068000000000000005
0.36	-0.006279999999999999
0.36	-0.0058
0.36	-0.00532
0.36	-0.004880000000000001
0.36	-0.004399999999999999
0.36	-0.00396
0.36	-0.00228
0.36	-0.0012399999999999998
0.36	-0.0007999999999999995
0.36	0.0008000000000000004
0.36	0.00404
0.36	0.0061200000000000004
0.36	0.00932
0.375	-0.0086
0.375	-0.0074399999999999996
0.375	-0.00692
0.375	-0.00636
0.375	-0.00588
0.375	-0.005359999999999999
0.375	-0.004880000000000001
0.375	-0.004399999999999999
0.375	-0.00228
0.375	0.004080000000000001
0.375	0.0061200000000000004
0.375	0.009600000000000001
0.39	-0.0086
0.39	-0.006959999999999999
0.39	-0.0064399999999999995
0.39	-0.00588
0.39	-0.005359999999999999
0.39	-0.00484
0.39	-0.0034
0.39	-0.00228
0.39	-0.0011199999999999995
0.39	-0.0007600000000000003
0.39	0.00412
0.39	0.0061600000000000005
0.39	0.008400000000000001
0.39	0.00936
0.405	-0.0086
0.405	-0.0076
0.405	-0.007
0.405	-0.0064399999999999995
0.405	-0.00588
0.405	-0.00532
0.405	-0.00476
0.405	-0.00424
0.405	-0.00228
0.405	-0.00112
0.405	0.00236
0.405	0.0041600000000000005
0.405	0.006200000000000001
0.405	0.008400000000000001
0.405	0.00928
0.42	-0.0086
0.42	-0.0076
0.42	-0.007
0.42	-0.0064
0.42	-0.0058
0.42	-0.0052
0.42	-0.00464
0.42	-0.0036
0.42	-0.00228
0.42	0.0024000000000000002
0.42	0.0041600000000000005
0.42	0.006240000000000001
0.42	0.009600000000000001
0.435	-0.0086
0.435	-0.00756
0.435	-0.00692
0.435	-0.006279999999999999
0.435	-0.005679999999999999
0.435	-0.0050799999999999994
0.435	-0.0034
0.435	-0.00228
0.435	-0.0012399999999999998
0.435	0.0024000000000000002
0.435	0.004200000000000001
0.435	0.006280000000000001
0.435	0.00932
0.45	-0.0086
0.45	-0.006840000000000001
0.45	-0.0061600000000000005
0.45	-0.00552
0.45	-0.004880000000000001
0.45	-0.00228
0.45	0.0024400000000000003
0.45	0.004240000000000001
0.45	0.006319999999999999
0.45	0.00932
0.46499999999999997	-0.0086
0.46499999999999997	-0.00736
0.46499999999999997	-0.00668
0.46499999999999997	-0.006
0.46499999999999997	-0.00532
0.46499999999999997	-0.004679999999999999
0.46499999999999997	-0.00404
0.46499999999999997	-0.00228
0.46499999999999997	-0.00112
0.46499999999999997	0.001
0.46499999999999997	0.0024800000000000004
0.46499999999999997	0.004280000000000001
0.46499999999999997	0.006359999999999999
0.46499999999999997	0.00856
0.46499999999999997	0.00932
0.46499999999999997	0.00984
0.48	-0.0086
0.48	-0.0072
0.48	-0.00648
0.48	-0.0057599999999999995
0.48	-0.0050799999999999994
0.48	-0.004399999999999999
0.48	-0.00228
0.48	0.001
0.48	0.00432
0.48	0.0063999999999999994
0.48	0.0086
0.48	0.009600000000000001
0.495	-0.0086
0.495	-0.006959999999999999
0.495	-0.0062
0.495	-0.0054800000000000005
0.495	-0.00476
0.495	-0.004079999999999999
0.495	-0.0034
0.495	-0.0028
0.495	-0.00228
0.495	0.00104
0.495	0.0025600000000000006
0.495	0.00436
0.495	0.0064399999999999995
0.495	0.00864
0.495	0.0094
0.51	-0.0086
0.51	-0.0074399999999999996
0.51	-0.00668
0.51	-0.00592
0.51	-0.00516
0.51	-0.004399999999999999
0.51	-0.00228
0.51	-0.001
0.51	0.0026000000000000007
0.51	0.0044
0.51	0.00648
0.51	0.00944
0.51	0.00972
0.5249999999999999	-0.009600000000000001
0.5249999999999999	-0.0086
0.5249999999999999	-0.00716
0.5249999999999999	-0.00636
0.5249999999999999	-0.00556
0.5249999999999999	-0.00476
0.5249999999999999	-0.004
0.5249999999999999	-0.00228
0.5249999999999999	-0.0015999999999999999
0.5249999999999999	-0.00104
0.5249999999999999	0.002640000000000001
0.5249999999999999	0.00444
0.5249999999999999	0.006560000000000002
0.5249999999999999	0.008720000000000002
0.5249999999999999	0.009479999999999999
0.5249999999999999	0.0098
0.5399999999999999	-0.0086
0.5399999999999999	-0.007639999999999999
0.5399999999999999	-0.0068000000000000005
0.5399999999999999	-0.00596
0.5399999999999999	-0.00512
0.5399999999999999	-0.004319999999999999
0.5399999999999999	-0.00356
0.5399999999999999	-0.00228
0.5399999999999999	-0.0015999999999999999
0.5399999999999999	0.0011600000000000007
0.5399999999999999	0.0026800000000000005
0.5399999999999999	0.004520000000000001
0.5399999999999999	0.006600000000000002
0.5399999999999999	0.00876
0.5399999999999999	0.009519999999999999
0.5549999999999999	-0.0098
0.5549999999999999	-0.0086
0.5549999999999999	-0.007240000000000001
0.5549999999999999	-0.00636
0.5549999999999999	-0.00552
0.5549999999999999	-0.004679999999999999
0.5549999999999999	-0.0038400000000000005
0.5549999999999999	-0.00228
0.5549999999999999	0.
0.5549999999999999	0.0012000000000000005
0.5549999999999999	0.0027200000000000006
0.5549999999999999	0.004560000000000001
0.5549999999999999	0.006640000000000002
0.5549999999999999	0.0088
0.5549999999999999	0.00956
0.57	-0.0086
0.57	-0.0068000000000000005
0.57	-0.00592
0.57	-0.004999999999999999
0.57	-0.00416
0.57	-0.00228
0.57	0.
0.57	0.0012400000000000004
0.57	0.0027600000000000003
0.57	0.004600000000000001
0.57	0.006720000000000002
0.57	0.00932
0.57	0.009640000000000001
0.585	-0.0086
0.585	-0.00728
0.585	-0.006320000000000001
0.585	-0.005359999999999999
0.585	-0.00448
0.585	-0.0036
0.585	-0.00228
0.585	0.0012800000000000003
0.585	0.0028400000000000005
0.585	0.004640000000000001
0.585	0.00676
0.585	0.00932
0.585	0.009680000000000001
0.6	-0.0086
0.6	-0.006719999999999999
0.6	-0.0057599999999999995
0.6	-0.0048000000000000004
0.6	-0.0038400000000000005
0.6	-0.00228
0.6	-0.0015199999999999992
0.6	0.0028800000000000006
0.6	0.00472
0.6	0.0068000000000000005
0.6	0.00932
0.6	0.00976
0.615	-0.0086
0.615	-0.00716
0.615	-0.00612
0.615	-0.00512
0.615	-0.00416
0.615	-0.0032
0.615	-0.00228
0.615	-0.0007999999999999995
0.615	0.00136
0.615	0.0029200000000000007
0.615	0.00476
0.615	0.006880000000000001
0.615	0.009000000000000001
0.615	0.00984
0.63	-0.0098
0.63	-0.0094
0.63	-0.00856
0.63	-0.0076
0.63	-0.00652
0.63	-0.0054800000000000005
0.63	-0.0044399999999999995
0.63	-0.00344
0.63	-0.00228
0.63	-0.0007599999999999996
0.63	0.00016000000000000042
0.63	0.0014000000000000002
0.63	0.00296
0.63	0.0048400000000000006
0.63	0.006920000000000001
0.63	0.00908
0.645	-0.0086
0.645	-0.008
0.645	-0.00692
0.645	-0.00584
0.645	-0.00476
0.645	-0.00228
0.645	-0.0013999999999999993
0.645	0.00020000000000000052
0.645	0.0014800000000000004
0.645	0.00304
0.645	0.004880000000000001
0.645	0.007000000000000001
0.645	0.00912
0.66	-0.0098
0.66	-0.0094
0.66	-0.0086
0.66	-0.00732
0.66	-0.0062
0.66	-0.00504
0.66	-0.00396
0.66	-0.00228
0.66	0.0030800000000000003
0.66	0.004960000000000001
0.66	0.00704
0.66	0.0092
0.675	-0.00868
0.675	-0.00776
0.675	-0.00656
0.675	-0.0054
0.675	-0.004200000000000001
0.675	-0.00228
0.675	-0.0006399999999999999
0.675	0.00156
0.675	0.0031600000000000005
0.675	0.005
0.675	0.007120000000000001
0.675	0.00924
0.69	-0.0094
0.69	-0.00864
0.69	-0.006959999999999999
0.69	-0.00572
0.69	-0.00448
0.69	-0.00228
0.69	-0.0005999999999999998
0.69	0.0016399999999999997
0.69	0.0032000000000000006
0.69	0.0050799999999999994
0.69	0.0072000000000000015
0.69	0.00932
0.705	-0.00864
0.705	-0.00736
0.705	-0.00608
0.705	-0.0048000000000000004
0.705	-0.00228
0.705	-0.0005599999999999997
0.705	0.0004000000000000002
0.705	0.0016799999999999996
0.705	0.0032800000000000004
0.705	0.0051600000000000005
0.705	0.007240000000000002
0.705	0.00932
0.72	-0.0086
0.72	-0.00776
0.72	-0.0064399999999999995
0.72	-0.0050799999999999994
0.72	-0.0037600000000000003
0.72	-0.00228
0.72	-0.0005199999999999996
0.72	0.0004400000000000001
0.72	0.0017600000000000005
0.72	0.00332
0.72	0.005200000000000001
0.72	0.00732
0.72	0.00944
0.735	-0.0088
0.735	-0.0068000000000000005
0.735	-0.0054
0.735	-0.004
0.735	-0.00228
0.735	-0.0011999999999999997
0.735	-0.0004799999999999995
0.735	0.0018000000000000004
0.735	0.0034000000000000002
0.735	0.005280000000000001
0.735	0.0074
0.735	0.00932
0.75	-0.0086
0.75	-0.00716
0.75	-0.00572
0.75	-0.004280000000000001
0.75	-0.00228
0.75	-0.0004399999999999994
0.75	0.0005600000000000008
0.75	0.0018800000000000004
0.75	0.0034800000000000005
0.75	0.00536
0.75	0.0074800000000000005
0.75	0.00932
0.75	0.009600000000000001
0.765	-0.0086
0.765	-0.007520000000000001
0.765	-0.00604
0.765	-0.00456
0.765	-0.0029999999999999996
0.765	-0.00228
0.765	-0.00056
0.765	0.0006400000000000006
0.765	0.0019199999999999998
0.765	0.0035600000000000007
0.765	0.00544
0.765	0.007560000000000002
0.765	0.00932
0.765	0.009720000000000001
0.78	-0.009600000000000001
0.78	-0.00912
0.78	-0.0086
0.78	-0.0064
0.78	-0.0048000000000000004
0.78	-0.0032
0.78	-0.00228
0.78	-0.0015999999999999999
0.78	-0.0005599999999999997
0.78	0.002
0.78	0.0036000000000000008
0.78	0.005520000000000001
0.78	0.007640000000000001
0.78	0.00932
0.78	0.0098
0.795	-0.009160000000000001
0.795	-0.00868
0.795	-0.006719999999999999
0.795	-0.0051199999999999996
0.795	-0.0034
0.795	-0.00228
0.795	-0.00104
0.795	-0.0005599999999999997
0.795	0.0007600000000000003
0.795	0.0020800000000000003
0.795	0.003680000000000001
0.795	0.005600000000000001
0.795	0.007720000000000001
0.795	0.00932
0.795	0.00988
0.81	-0.009600000000000001
0.81	-0.0092
0.81	-0.00868
0.81	-0.00708
0.81	-0.0054
0.81	-0.00364
0.81	-0.00228
0.81	-0.001
0.81	-0.0002399999999999996
0.81	0.0008000000000000004
0.81	0.0021600000000000005
0.81	0.0037600000000000008
0.81	0.005680000000000001
0.81	0.007800000000000001
0.81	0.00932
0.825	-0.009040000000000001
0.825	-0.0086
0.825	-0.0074399999999999996
0.825	-0.005679999999999999
0.825	-0.0038400000000000005
0.825	-0.00228
0.825	-0.0009200000000000001
0.825	0.0008800000000000006
0.825	0.0022000000000000006
0.825	0.0038400000000000005
0.825	0.00576
0.825	0.007880000000000002
0.825	0.00932
0.84	-0.009760000000000001
0.84	-0.0094
0.84	-0.0086
0.84	-0.0078
0.84	-0.006
0.84	-0.004079999999999999
0.84	-0.00228
0.84	0.0009600000000000001
0.84	0.0022800000000000008
0.84	0.003920000000000002
0.84	0.005840000000000001
0.84	0.008
0.84	0.00932
0.855	-0.0086
0.855	-0.006320000000000001
0.855	-0.004319999999999999
0.855	-0.00228
0.855	-0.0013999999999999993
0.855	-0.0008399999999999994
0.855	-0.000040000000000000105
0.855	0.00104
0.855	0.00236
0.855	0.004000000000000001
0.855	0.00592
0.855	0.00808
0.855	0.0092
0.87	-0.00984
0.87	-0.00936
0.87	-0.00872
0.87	-0.00664
0.87	-0.00456
0.87	-0.00228
0.87	-0.0017999999999999995
0.87	-0.0013599999999999994
0.87	-0.0007599999999999996
0.87	0.000040000000000000105
0.87	0.00112
0.87	0.0024400000000000003
0.87	0.004080000000000001
0.87	0.006
0.87	0.00816
0.87	0.0092
0.885	-0.0094
0.885	-0.00892
0.885	-0.00872
0.885	-0.006959999999999999
0.885	-0.00484
0.885	-0.00228
0.885	-0.0007200000000000002
0.885	0.0011600000000000007
0.885	0.0025200000000000005
0.885	0.004200000000000001
0.885	0.006119999999999999
0.885	0.00828
0.885	0.0092
0.9	-0.00944
0.9	-0.009000000000000001
0.9	-0.0086
0.9	-0.00732
0.9	-0.0050799999999999994
0.9	-0.00228
0.9	-0.0006399999999999999
0.9	0.00016000000000000042
0.9	0.0012400000000000004
0.9	0.002640000000000001
0.9	0.004280000000000001
0.9	0.006200000000000001
0.9	0.008360000000000001
0.9	0.0092
0.9149999999999999	-0.009479999999999999
0.9149999999999999	-0.0086
0.9149999999999999	-0.005359999999999999
0.9149999999999999	-0.00228
0.9149999999999999	-0.0012399999999999998
0.9149999999999999	-0.0005999999999999998
0.9149999999999999	0.00024000000000000063
0.9149999999999999	0.00136
0.9149999999999999	0.0027200000000000006
0.9149999999999999	0.00436
0.9149999999999999	0.006320000000000001
0.9149999999999999	0.008480000000000001
0.9149999999999999	0.0092
0.9299999999999999	-0.00876
0.9299999999999999	-0.008
0.9299999999999999	-0.00564
0.9299999999999999	-0.00228
0.9299999999999999	-0.0011999999999999997
0.9299999999999999	-0.0005199999999999996
0.9299999999999999	0.0014400000000000003
0.9299999999999999	0.0028000000000000004
0.9299999999999999	0.00448
0.9299999999999999	0.0063999999999999994
0.9299999999999999	0.0086
0.9299999999999999	0.0092
0.945	-0.00956
0.945	-0.0086
0.945	-0.00592
0.945	-0.00228
0.945	-0.0011599999999999996
0.945	-0.0004799999999999995
0.945	0.0004000000000000002
0.945	0.0015200000000000005
0.945	0.0028800000000000006
0.945	0.004560000000000001
0.945	0.00652
0.945	0.00868
0.945	0.0092
0.96	-0.009600000000000001
0.96	-0.00872
0.96	-0.00624
0.96	-0.00228
0.96	-0.0004000000000000002
0.96	0.00048000000000000007
0.96	0.0015999999999999999
0.96	0.003
0.96	0.004680000000000001
0.96	0.006600000000000002
0.96	0.0088
0.96	0.0092
0.9749999999999999	-0.00964
0.9749999999999999	-0.0088
0.9749999999999999	-0.00656
0.9749999999999999	-0.00228
0.9749999999999999	-0.0016399999999999997
0.9749999999999999	-0.0010799999999999998
0.9749999999999999	-0.0005599999999999997
0.9749999999999999	0.0005600000000000008
0.9749999999999999	0.0016799999999999996
0.9749999999999999	0.0030800000000000003
0.9749999999999999	0.00476
0.9749999999999999	0.00672
0.9749999999999999	0.0092
0.9899999999999999	-0.009160000000000001
0.9899999999999999	-0.0088
0.9899999999999999	-0.006840000000000001
0.9899999999999999	-0.00228
0.9899999999999999	-0.0015999999999999999
0.9899999999999999	-0.001
0.9899999999999999	-0.0005599999999999997
0.9899999999999999	0.0006400000000000006
0.9899999999999999	0.0018000000000000004
0.9899999999999999	0.0032000000000000006
0.9899999999999999	0.004880000000000001
0.9899999999999999	0.006840000000000001
0.9899999999999999	0.00904
1.005	-0.009760000000000001
1.005	-0.0092
1.005	-0.00864
1.005	-0.00716
1.005	-0.00228
1.005	-0.00156
1.005	-0.0009600000000000001
1.005	-0.0005599999999999997
1.005	-0.00019999999999999966
1.005	0.0007600000000000003
1.005	0.0018800000000000004
1.005	0.003320000000000001
1.005	0.005
1.005	0.006960000000000001
1.005	0.00916
1.02	-0.0098
1.02	-0.0092
1.02	-0.00864
1.02	-0.0074800000000000005
1.02	-0.00228
1.02	-0.0009200000000000001
1.02	0.0008400000000000005
1.02	0.002
1.02	0.0034000000000000002
1.02	0.0051199999999999996
1.02	0.00708
1.02	0.0092
1.035	-0.00984
1.035	-0.009240000000000002
1.035	-0.00864
1.035	-0.00784
1.035	-0.00228
1.035	-0.0008799999999999994
1.035	0.0009200000000000007
1.035	0.0021200000000000004
1.035	0.0035200000000000006
1.035	0.00524
1.035	0.0072000000000000015
1.035	0.0092
1.0499999999999998	-0.00988
1.0499999999999998	-0.00864
1.0499999999999998	-0.00816
1.0499999999999998	-0.00228
1.0499999999999998	-0.0007999999999999995
1.0499999999999998	0.000040000000000000105
1.0499999999999998	0.00104
1.0499999999999998	0.0022000000000000006
1.0499999999999998	0.003640000000000001
1.0499999999999998	0.00532
1.0499999999999998	0.00732
1.0499999999999998	0.0092
1.065	-0.00864
1.065	-0.00228
1.065	-0.0007599999999999996
1.065	0.00112
1.065	0.002320000000000001
1.065	0.0037600000000000008
1.065	0.0054800000000000005
1.065	0.00744
1.065	0.0092
1.065	0.009680000000000001
1.0799999999999998	-0.00864
1.0799999999999998	-0.00228
1.0799999999999998	-0.0013999999999999993
1.0799999999999998	-0.0007200000000000002
1.0799999999999998	0.00016000000000000042
1.0799999999999998	0.0012000000000000005
1.0799999999999998	0.0024400000000000003
1.0799999999999998	0.00388
1.0799999999999998	0.005600000000000001
1.0799999999999998	0.007560000000000002
1.0799999999999998	0.0092
1.0799999999999998	0.0098
1.095	-0.00936
1.095	-0.00864
1.095	-0.00228
1.095	-0.0013999999999999993
1.095	-0.0006399999999999999
1.095	0.00024000000000000063
1.095	0.0013200000000000004
1.095	0.0025600000000000006
1.095	0.004000000000000001
1.095	0.005720000000000001
1.095	0.00772
1.095	0.0092
1.1099999999999999	-0.009600000000000001
1.1099999999999999	-0.00872
1.1099999999999999	-0.00228
1.1099999999999999	-0.0013599999999999994
1.1099999999999999	-0.0005999999999999998
1.1099999999999999	0.0014000000000000002
1.1099999999999999	0.0026800000000000005
1.1099999999999999	0.00412
1.1099999999999999	0.005840000000000001
1.1099999999999999	0.007840000000000001
1.1099999999999999	0.0092
1.125	-0.00944
1.125	-0.00872
1.125	-0.00228
1.125	-0.0005599999999999997
1.125	0.0004000000000000002
1.125	0.0015200000000000005
1.125	0.0028000000000000004
1.125	0.004240000000000001
1.125	0.006
1.125	0.008
1.125	0.0092
1.14	-0.00944
1.14	-0.00872
1.14	-0.00232
1.14	-0.0004799999999999995
1.14	0.00048000000000000007
1.14	0.0016399999999999997
1.14	0.0029200000000000007
1.14	0.0044
1.14	0.0061200000000000004
1.14	0.00812
1.14	0.0092
1.155	-0.00948
1.155	-0.00872
1.155	-0.00232
1.155	-0.0012399999999999998
1.155	-0.0004400000000000001
1.155	0.0005600000000000008
1.155	0.0017200000000000006
1.155	0.00304
1.155	0.0045200000000000014
1.155	0.006280000000000001
1.155	0.00828
1.155	0.0092
1.17	-0.00952
1.17	-0.00896
1.17	-0.00872
1.17	-0.00232
1.17	-0.0011999999999999997
1.17	-0.00036000000000000024
1.17	0.0006800000000000006
1.17	0.0018400000000000003
1.17	0.0031600000000000005
1.17	0.004680000000000001
1.17	0.0063999999999999994
1.17	0.008440000000000001
1.17	0.0092
1.185	-0.00956
1.185	-0.009000000000000001
1.185	-0.00868
1.185	-0.00232
1.185	-0.0017999999999999995
1.185	-0.0011599999999999996
1.185	-0.0005199999999999996
1.185	0.0007600000000000003
1.185	0.00196
1.185	0.0032800000000000004
1.185	0.0048000000000000004
1.185	0.006560000000000002
1.185	0.00856
1.185	0.0092
1.2	-0.009600000000000001
1.2	-0.009000000000000001
1.2	-0.00868
1.2	-0.00232
1.2	-0.0017999999999999995
1.2	-0.0011199999999999995
1.2	-0.0005599999999999997
1.2	0.0008400000000000005
1.2	0.00204
1.2	0.0034400000000000003
1.2	0.004960000000000001
1.2	0.006720000000000002
1.2	0.008720000000000002
1.2	0.0092
1.2149999999999999	-0.00964
1.2149999999999999	-0.009000000000000001
1.2149999999999999	-0.00868
1.2149999999999999	-0.00232
1.2149999999999999	-0.0011199999999999995
1.2149999999999999	-0.0005999999999999998
1.2149999999999999	-0.00019999999999999966
1.2149999999999999	0.0009200000000000007
1.2149999999999999	0.0021600000000000005
1.2149999999999999	0.0035600000000000007
1.2149999999999999	0.0050799999999999994
1.2149999999999999	0.006880000000000001
1.2149999999999999	0.0092
1.2299999999999998	-0.00968
1.2299999999999998	-0.009040000000000001
1.2299999999999998	-0.00868
1.2299999999999998	-0.00232
1.2299999999999998	-0.0010799999999999998
1.2299999999999998	-0.0005999999999999998
1.2299999999999998	0.001
1.2299999999999998	0.0022800000000000008
1.2299999999999998	0.003680000000000001
1.2299999999999998	0.00524
1.2299999999999998	0.00704
1.2299999999999998	0.00904
1.2449999999999999	-0.00972
1.2449999999999999	-0.00868
1.2449999999999999	-0.00232
1.2449999999999999	-0.00104
1.2449999999999999	-0.0005999999999999998
1.2449999999999999	0.0010799999999999998
1.2449999999999999	0.0024000000000000002
1.2449999999999999	0.0038400000000000005
1.2449999999999999	0.0054
1.2449999999999999	0.0072000000000000015
1.2449999999999999	0.0092
1.2599999999999998	-0.009720000000000001
1.2599999999999998	-0.00872
1.2599999999999998	-0.00232
1.2599999999999998	-0.001
1.2599999999999998	-0.0005999999999999998
1.2599999999999998	0.
1.2599999999999998	0.0011600000000000007
1.2599999999999998	0.00252
1.2599999999999998	0.003960000000000001
1.2599999999999998	0.005560000000000001
1.2599999999999998	0.00736
1.2599999999999998	0.0094
1.275	-0.009760000000000001
1.275	-0.00872
1.275	-0.00232
1.275	-0.0009600000000000001
1.275	-0.0005999999999999998
1.275	0.000040000000000000105
1.275	0.0012800000000000003
1.275	0.0026000000000000007
1.275	0.004080000000000001
1.275	0.005720000000000001
1.275	0.0075200000000000015
1.275	0.00928
1.275	0.00956
1.2899999999999998	-0.0098
1.2899999999999998	-0.00872
1.2899999999999998	-0.00232
1.2899999999999998	-0.0009200000000000001
1.2899999999999998	-0.0005999999999999998
1.2899999999999998	0.00136
1.2899999999999998	0.00272
1.2899999999999998	0.004240000000000001
1.2899999999999998	0.005880000000000001
1.2899999999999998	0.007680000000000001
1.2899999999999998	0.00928
1.2899999999999998	0.00972
1.305	-0.00984
1.305	-0.00872
1.305	-0.00232
1.305	-0.0005999999999999998
1.305	0.00020000000000000052
1.305	0.0014400000000000003
1.305	0.0028400000000000005
1.305	0.00436
1.305	0.006039999999999999
1.305	0.007880000000000002
1.305	0.0092
1.305	0.00992
1.3199999999999998	-0.00988
1.3199999999999998	-0.009160000000000001
1.3199999999999998	-0.00872
1.3199999999999998	-0.00232
1.3199999999999998	-0.0016399999999999997
1.3199999999999998	-0.0008399999999999994
1.3199999999999998	0.00024000000000000063
1.3199999999999998	0.00152
1.3199999999999998	0.00296
1.3199999999999998	0.0045200000000000014
1.3199999999999998	0.006200000000000001
1.3199999999999998	0.00804
1.3199999999999998	0.00916
1.335	-0.009160000000000001
1.335	-0.00872
1.335	-0.00232
1.335	-0.0015999999999999999
1.335	-0.0007999999999999995
1.335	0.00032000000000000084
1.335	0.0016399999999999997
1.335	0.0030800000000000003
1.335	0.004680000000000001
1.335	0.006359999999999999
1.335	0.0082
1.335	0.00916
1.3499999999999999	-0.0092
1.3499999999999999	-0.0086
1.3499999999999999	-0.00232
1.3499999999999999	-0.0015999999999999999
1.3499999999999999	-0.0007200000000000002
1.3499999999999999	0.0004000000000000002
1.3499999999999999	0.0017199999999999997
1.3499999999999999	0.0032000000000000006
1.3499999999999999	0.0048000000000000004
1.3499999999999999	0.0065200000000000015
1.3499999999999999	0.008400000000000001
1.3499999999999999	0.00916
1.3649999999999998	-0.0092
1.3649999999999998	-0.0086
1.3649999999999998	-0.00232
1.3649999999999998	-0.00156
1.3649999999999998	-0.00068
1.3649999999999998	0.0004400000000000001
1.3649999999999998	0.0018000000000000004
1.3649999999999998	0.00332
1.3649999999999998	0.004960000000000001
1.3649999999999998	0.006720000000000002
1.3649999999999998	0.0086
1.3649999999999998	0.00916
1.3799999999999997	-0.009240000000000002
1.3799999999999997	-0.0086
1.3799999999999997	-0.00232
1.3799999999999997	-0.00156
1.3799999999999997	-0.0006399999999999999
1.3799999999999997	0.00052
1.3799999999999997	0.0019200000000000003
1.3799999999999997	0.0034400000000000003
1.3799999999999997	0.0050799999999999994
1.3799999999999997	0.006880000000000001
1.3799999999999997	0.00876
1.3799999999999997	0.00916
1.3949999999999998	-0.009240000000000002
1.3949999999999998	-0.0086
1.3949999999999998	-0.00232
1.3949999999999998	-0.0005999999999999998
1.3949999999999998	0.0006000000000000007
1.3949999999999998	0.002
1.3949999999999998	0.0035600000000000007
1.3949999999999998	0.00524
1.3949999999999998	0.00704
1.3949999999999998	0.008960000000000001
1.4099999999999997	-0.00928
1.4099999999999997	-0.00876
1.4099999999999997	-0.00232
1.4099999999999997	-0.0005599999999999997
1.4099999999999997	0.0006400000000000006
1.4099999999999997	0.0020800000000000003
1.4099999999999997	0.003680000000000001
1.4099999999999997	0.0054
1.4099999999999997	0.0072000000000000015
1.4099999999999997	0.00916
1.4249999999999998	-0.00928
1.4249999999999998	-0.00876
1.4249999999999998	-0.00232
1.4249999999999998	-0.0005199999999999996
1.4249999999999998	0.0007200000000000005
1.4249999999999998	0.0022000000000000006
1.4249999999999998	0.0038000000000000004
1.4249999999999998	0.005560000000000001
1.4249999999999998	0.0074
1.4249999999999998	0.00936
1.4399999999999997	-0.00932
1.4399999999999997	-0.00876
1.4399999999999997	-0.00232
1.4399999999999997	-0.0004799999999999995
1.4399999999999997	0.0008000000000000004
1.4399999999999997	0.0022800000000000008
1.4399999999999997	0.003920000000000002
1.4399999999999997	0.005680000000000001
1.4399999999999997	0.007560000000000002
1.4399999999999997	0.00916
1.4549999999999998	-0.00932
1.4549999999999998	-0.00876
1.4549999999999998	-0.00232
1.4549999999999998	-0.0014399999999999992
1.4549999999999998	-0.0005999999999999998
1.4549999999999998	0.0008800000000000006
1.4549999999999998	0.00236
1.4549999999999998	0.00404
1.4549999999999998	0.005840000000000001
1.4549999999999998	0.007720000000000001
1.4549999999999998	0.00916
1.4549999999999998	0.00976
1.4699999999999998	-0.00936
1.4699999999999998	-0.00876
1.4699999999999998	-0.00232
1.4699999999999998	-0.0013999999999999993
1.4699999999999998	-0.0005999999999999998
1.4699999999999998	0.0009200000000000001
1.4699999999999998	0.0024800000000000004
1.4699999999999998	0.0041600000000000005
1.4699999999999998	0.006
1.4699999999999998	0.00792
1.4699999999999998	0.00916
1.4849999999999999	-0.00936
1.4849999999999999	-0.00876
1.4849999999999999	-0.00232
1.4849999999999999	-0.0013999999999999993
1.4849999999999999	-0.0005999999999999998
1.4849999999999999	0.001
1.4849999999999999	0.0025600000000000006
1.4849999999999999	0.004280000000000001
1.4849999999999999	0.0061600000000000005
1.4849999999999999	0.00808
1.4849999999999999	0.00916
1.4999999999999998	-0.0094
1.4999999999999998	-0.00876
1.4999999999999998	-0.00232
1.4999999999999998	-0.0013599999999999994
1.4999999999999998	-0.0005999999999999998
1.4999999999999998	0.0010799999999999998
1.4999999999999998	0.0026800000000000005
1.4999999999999998	0.0044
1.4999999999999998	0.006280000000000001
1.4999999999999998	0.00828
1.4999999999999998	0.00916
1.515	-0.0094
1.515	-0.0088
1.515	-0.00232
1.515	-0.0013599999999999994
1.515	-0.0005999999999999998
1.515	0.0011600000000000007
1.515	0.0027600000000000003
1.515	0.004560000000000001
1.515	0.0064399999999999995
1.515	0.008440000000000001
1.515	0.00916
1.5299999999999998	-0.00944
1.5299999999999998	-0.0088
1.5299999999999998	-0.00228
1.5299999999999998	-0.0013199999999999996
1.5299999999999998	-0.0005999999999999998
1.5299999999999998	-0.00019999999999999966
1.5299999999999998	0.0012400000000000004
1.5299999999999998	0.0028800000000000006
1.5299999999999998	0.004680000000000001
1.5299999999999998	0.006600000000000002
1.5299999999999998	0.00864
1.5299999999999998	0.00916
1.545	-0.00948
1.545	-0.00876
1.545	-0.00228
1.545	-0.0012799999999999995
1.545	-0.0005999999999999998
1.545	-0.00015999999999999971
1.545	0.0012800000000000003
1.545	0.00296
1.545	0.0048000000000000004
1.545	0.00676
1.545	0.0088
1.545	0.00916
1.5599999999999998	-0.00948
1.5599999999999998	-0.00876
1.5599999999999998	-0.00228
1.5599999999999998	-0.0012799999999999999
1.5599999999999998	-0.0005999999999999998
1.5599999999999998	0.00136
1.5599999999999998	0.0030800000000000003
1.5599999999999998	0.00492
1.5599999999999998	0.006920000000000001
1.5599999999999998	0.009000000000000001
1.575	-0.00952
1.575	-0.00876
1.575	-0.0019999999999999996
1.575	-0.0012399999999999998
1.575	-0.0005999999999999998
1.575	-0.000040000000000000105
1.575	0.0014400000000000003
1.575	0.0031600000000000005
1.575	0.00504
1.575	0.00708
1.575	0.00916
1.5899999999999999	-0.00956
1.5899999999999999	-0.00884
1.5899999999999999	-0.00228
1.5899999999999999	-0.0011999999999999997
1.5899999999999999	-0.0005999999999999998
1.5899999999999999	0.
1.5899999999999999	0.00152
1.5899999999999999	0.0032800000000000004
1.5899999999999999	0.005200000000000001
1.5899999999999999	0.0072000000000000015
1.5899999999999999	0.00936
1.605	-0.00956
1.605	-0.00884
1.605	-0.00228
1.605	-0.0011999999999999997
1.605	-0.0005999999999999998
1.605	0.000040000000000000105
1.605	0.0015999999999999999
1.605	0.00336
1.605	0.00532
1.605	0.00736
1.605	0.00916
1.6199999999999999	-0.009600000000000001
1.6199999999999999	-0.00884
1.6199999999999999	-0.00232
1.6199999999999999	-0.0011599999999999996
1.6199999999999999	-0.0005999999999999998
1.6199999999999999	0.00008000000000000021
1.6199999999999999	0.0016799999999999996
1.6199999999999999	0.0034800000000000005
1.6199999999999999	0.00544
1.6199999999999999	0.0075200000000000015
1.6199999999999999	0.00916
1.6349999999999998	-0.009600000000000001
1.6349999999999998	-0.00884
1.6349999999999998	-0.00232
1.6349999999999998	-0.0011199999999999995
1.6349999999999998	-0.0005999999999999998
1.6349999999999998	0.00016000000000000042
1.6349999999999998	0.0017600000000000005
1.6349999999999998	0.0035600000000000007
1.6349999999999998	0.005560000000000001
1.6349999999999998	0.007680000000000001
1.6349999999999998	0.00916
1.6349999999999998	0.00992
1.65	-0.00964
1.65	-0.00888
1.65	-0.00232
1.65	-0.0011199999999999995
1.65	-0.0005999999999999998
1.65	0.00020000000000000052
1.65	0.0018400000000000003
1.65	0.003680000000000001
1.65	0.005680000000000001
1.65	0.007840000000000001
1.65	0.00916
1.6649999999999998	-0.00968
1.6649999999999998	-0.00888
1.6649999999999998	-0.00232
1.6649999999999998	-0.0010799999999999998
1.6649999999999998	-0.0005999999999999998
1.6649999999999998	0.00024000000000000063
1.6649999999999998	0.0019200000000000003
1.6649999999999998	0.0038000000000000004
1.6649999999999998	0.005840000000000001
1.6649999999999998	0.008
1.6649999999999998	0.00916
1.6799999999999997	-0.00968
1.6799999999999997	-0.00888
1.6799999999999997	-0.00232
1.6799999999999997	-0.00104
1.6799999999999997	-0.0005999999999999998
1.6799999999999997	0.00032000000000000084
1.6799999999999997	0.002
1.6799999999999997	0.00388
1.6799999999999997	0.00596
1.6799999999999997	0.00816
1.6799999999999997	0.00916
1.6949999999999998	-0.009720000000000001
1.6949999999999998	-0.00888
1.6949999999999998	-0.00232
1.6949999999999998	-0.001
1.6949999999999998	-0.0005999999999999998
1.6949999999999998	0.00036000000000000024
1.6949999999999998	0.0020800000000000003
1.6949999999999998	0.004000000000000001
1.6949999999999998	0.0060799999999999995
1.6949999999999998	0.008320000000000001
1.6949999999999998	0.00916
1.7099999999999997	-0.009760000000000001
1.7099999999999997	-0.00888
1.7099999999999997	-0.00232
1.7099999999999997	-0.001
1.7099999999999997	-0.0006399999999999999
1.7099999999999997	0.0004000000000000002
1.7099999999999997	0.0021600000000000005
1.7099999999999997	0.004080000000000001
1.7099999999999997	0.006240000000000001
1.7099999999999997	0.008480000000000001
1.7099999999999997	0.00916
1.7249999999999999	-0.009760000000000001
1.7249999999999999	-0.00892
1.7249999999999999	-0.00232
1.7249999999999999	-0.0009600000000000001
1.7249999999999999	-0.0006399999999999999
1.7249999999999999	0.00048000000000000007
1.7249999999999999	0.0022000000000000006
1.7249999999999999	0.004200000000000001
1.7249999999999999	0.006359999999999999
1.7249999999999999	0.00864
1.7249999999999999	0.00916
1.7399999999999998	-0.0098
1.7399999999999998	-0.00892
1.7399999999999998	-0.00232
1.7399999999999998	-0.0009200000000000001
1.7399999999999998	-0.0006399999999999999
1.7399999999999998	0.00052
1.7399999999999998	0.0022800000000000008
1.7399999999999998	0.00432
1.7399999999999998	0.00648
1.7399999999999998	0.0088
1.7399999999999998	0.00912
1.755	-0.00984
1.755	-0.00892
1.755	-0.00232
1.755	-0.0009200000000000001
1.755	-0.0006399999999999999
1.755	0.0005600000000000008
1.755	0.00236
1.755	0.0044
1.755	0.006640000000000002
1.755	0.008960000000000001
1.7699999999999998	-0.00988
1.7699999999999998	-0.00892
1.7699999999999998	-0.00232
1.7699999999999998	-0.0008799999999999994
1.7699999999999998	0.0006400000000000006
1.7699999999999998	0.0024400000000000003
1.7699999999999998	0.0045200000000000014
1.7699999999999998	0.00676
1.7699999999999998	0.00912
1.7849999999999997	-0.00988
1.7849999999999997	-0.008960000000000001
1.7849999999999997	-0.00232
1.7849999999999997	-0.0008399999999999994
1.7849999999999997	0.0006800000000000006
1.7849999999999997	0.0025200000000000005
1.7849999999999997	0.004640000000000001
1.7849999999999997	0.006880000000000001
1.7849999999999997	0.00928
1.7999999999999998	-0.008960000000000001
1.7999999999999998	-0.00232
1.7999999999999998	-0.0007999999999999995
1.7999999999999998	0.0007200000000000002
1.7999999999999998	0.002640000000000001
1.7999999999999998	0.00476
1.7999999999999998	0.00704
1.7999999999999998	0.00944
1.8149999999999997	-0.008960000000000001
1.8149999999999997	-0.00232
1.8149999999999997	-0.0007999999999999995
1.8149999999999997	0.0008000000000000004
1.8149999999999997	0.0027200000000000006
1.8149999999999997	0.0048400000000000006
1.8149999999999997	0.007160000000000001
1.8149999999999997	0.00932
1.8149999999999997	0.009600000000000001
1.8299999999999996	-0.008960000000000001
1.8299999999999996	-0.00232
1.8299999999999996	-0.0007599999999999996
1.8299999999999996	0.0008400000000000005
1.8299999999999996	0.0028000000000000004
1.8299999999999996	0.004960000000000001
1.8299999999999996	0.007320000000000002
1.8299999999999996	0.00912
1.8299999999999996	0.0098
1.8449999999999998	-0.0088
1.8449999999999998	-0.00232
1.8449999999999998	-0.0007200000000000002
1.8449999999999998	0.0009200000000000007
1.8449999999999998	0.0028800000000000006
1.8449999999999998	0.0050799999999999994
1.8449999999999998	0.00744
1.8449999999999998	0.00912
1.8599999999999997	-0.0088
1.8599999999999997	-0.00232
1.8599999999999997	-0.0018399999999999996
1.8599999999999997	-0.00068
1.8599999999999997	0.0009600000000000001
1.8599999999999997	0.00296
1.8599999999999997	0.0051600000000000005
1.8599999999999997	0.007560000000000002
1.8599999999999997	0.00912
1.8749999999999998	-0.009000000000000001
1.8749999999999998	-0.00232
1.8749999999999998	-0.0017999999999999995
1.8749999999999998	-0.0006399999999999999
1.8749999999999998	0.001
1.8749999999999998	0.00304
1.8749999999999998	0.005280000000000001
1.8749999999999998	0.007720000000000001
1.8749999999999998	0.00912
1.8899999999999997	-0.009000000000000001
1.8899999999999997	-0.00232
1.8899999999999997	-0.0017999999999999995
1.8899999999999997	-0.0006399999999999999
1.8899999999999997	0.0010799999999999998
1.8899999999999997	0.0031200000000000004
1.8899999999999997	0.0054
1.8899999999999997	0.007840000000000001
1.8899999999999997	0.00912
1.9049999999999998	-0.009040000000000001
1.9049999999999998	-0.00232
1.9049999999999998	-0.0017999999999999995
1.9049999999999998	-0.0005999999999999998
1.9049999999999998	0.0011200000000000008
1.9049999999999998	0.0032000000000000006
1.9049999999999998	0.005520000000000001
1.9049999999999998	0.008
1.9049999999999998	0.00912
1.9199999999999997	-0.009040000000000001
1.9199999999999997	-0.00232
1.9199999999999997	-0.0017999999999999995
1.9199999999999997	-0.0005599999999999997
1.9199999999999997	0.0012000000000000005
1.9199999999999997	0.0032800000000000004
1.9199999999999997	0.005600000000000001
1.9199999999999997	0.00812
1.9199999999999997	0.00912
1.9349999999999996	-0.009040000000000001
1.9349999999999996	-0.00232
1.9349999999999996	-0.0017599999999999994
1.9349999999999996	-0.0005199999999999996
1.9349999999999996	0.0012400000000000004
1.9349999999999996	0.00336
1.9349999999999996	0.005720000000000001
1.9349999999999996	0.00828
1.9349999999999996	0.00912
1.9499999999999997	-0.0088
1.9499999999999997	-0.00232
1.9499999999999997	-0.0017599999999999994
1.9499999999999997	-0.0004799999999999995
1.9499999999999997	0.0013200000000000004
1.9499999999999997	0.0034400000000000003
1.9499999999999997	0.005840000000000001
1.9499999999999997	0.008400000000000001
1.9499999999999997	0.00912
1.9649999999999999	-0.0088
1.9649999999999999	-0.00232
1.9649999999999999	-0.0004799999999999995
1.9649999999999999	0.00136
1.9649999999999999	0.0035200000000000006
1.9649999999999999	0.00596
1.9649999999999999	0.00856
1.9649999999999999	0.00912
1.9799999999999998	-0.0088
1.9799999999999998	-0.00232
1.9799999999999998	-0.0004400000000000001
1.9799999999999998	0.0014400000000000003
1.9799999999999998	0.003640000000000001
1.9799999999999998	0.0060799999999999995
1.9799999999999998	0.00868
1.9799999999999998	0.00912
1.9949999999999999	-0.00884
1.9949999999999999	-0.00232
1.9949999999999999	-0.0004000000000000002
1.9949999999999999	0.0014800000000000004
1.9949999999999999	0.003720000000000001
1.9949999999999999	0.006200000000000001
1.9949999999999999	0.00884
2.01	-0.00884
2.01	-0.00232
2.01	-0.00036000000000000024
2.01	0.00156
2.01	0.0038000000000000004
2.01	0.006280000000000001
2.01	0.008960000000000001
2.025	-0.00884
2.025	-0.00232
2.025	-0.0003200000000000003
2.025	0.0015999999999999999
2.025	0.00388
2.025	0.0063999999999999994
2.025	0.00912
2.04	-0.00884
2.04	-0.00232
2.04	-0.0004799999999999995
2.04	0.0016799999999999996
2.04	0.003960000000000001
2.04	0.0065200000000000015
2.04	0.00924
2.0549999999999997	-0.00912
2.0549999999999997	-0.00884
2.0549999999999997	-0.00232
2.0549999999999997	-0.0004799999999999995
2.0549999999999997	0.0017200000000000006
2.0549999999999997	0.00404
2.0549999999999997	0.006640000000000002
2.0549999999999997	0.0094
2.07	-0.009160000000000001
2.07	-0.00884
2.07	-0.00232
2.07	-0.0004799999999999995
2.07	-0.0002399999999999996
2.07	0.0018000000000000004
2.07	0.0041600000000000005
2.07	0.00676
2.07	0.009519999999999999
2.085	-0.009160000000000001
2.085	-0.00884
2.085	-0.00232
2.085	-0.0016399999999999997
2.085	-0.0004799999999999995
2.085	-0.00019999999999999966
2.085	0.0018400000000000003
2.085	0.004240000000000001
2.085	0.006880000000000001
2.085	0.00932
2.085	0.009680000000000001
2.0999999999999996	-0.009160000000000001
2.0999999999999996	-0.00884
2.0999999999999996	-0.00232
2.0999999999999996	-0.0016399999999999997
2.0999999999999996	-0.0004799999999999995
2.0999999999999996	-0.00015999999999999971
2.0999999999999996	0.0019200000000000003
2.0999999999999996	0.00432
2.0999999999999996	0.007000000000000001
2.0999999999999996	0.00932
2.0999999999999996	0.00984
2.115	-0.0092
2.115	-0.00884
2.115	-0.00232
2.115	-0.0016399999999999997
2.115	-0.0004799999999999995
2.115	0.00196
2.115	0.0044
2.115	0.00708
2.115	0.00932
2.1300000000000003	-0.0092
2.1300000000000003	-0.00884
2.1300000000000003	-0.00232
2.1300000000000003	-0.0015999999999999999
2.1300000000000003	-0.0004799999999999995
2.1300000000000003	0.00204
2.1300000000000003	0.00448
2.1300000000000003	0.0072000000000000015
2.1300000000000003	0.00932
2.145	-0.0092
2.145	-0.0086
2.145	-0.00232
2.145	-0.0015999999999999999
2.145	-0.0004799999999999995
2.145	-0.000040000000000000105
2.145	0.0020800000000000003
2.145	0.004600000000000001
2.145	0.00732
2.145	0.00932
2.16	-0.0092
2.16	-0.0086
2.16	-0.00232
2.16	-0.0015999999999999999
2.16	-0.0004799999999999995
2.16	0.
2.16	0.0021600000000000005
2.16	0.004680000000000001
2.16	0.00744
2.16	0.00932
2.1750000000000003	-0.009240000000000002
2.1750000000000003	-0.0086
2.1750000000000003	-0.00232
2.1750000000000003	-0.00156
2.1750000000000003	-0.0004799999999999995
2.1750000000000003	0.000040000000000000105
2.1750000000000003	0.0022000000000000006
2.1750000000000003	0.00476
2.1750000000000003	0.007560000000000002
2.1750000000000003	0.00908
2.1900000000000004	-0.009240000000000002
2.1900000000000004	-0.0086
2.1900000000000004	-0.00232
2.1900000000000004	-0.00156
2.1900000000000004	-0.0004799999999999995
2.1900000000000004	0.00008000000000000021
2.1900000000000004	0.0022800000000000008
2.1900000000000004	0.0048400000000000006
2.1900000000000004	0.007680000000000001
2.1900000000000004	0.00908
2.205	-0.009240000000000002
2.205	-0.0086
2.205	-0.00232
2.205	-0.00156
2.205	-0.0004799999999999995
2.205	0.00012000000000000031
2.205	0.00236
2.205	0.004960000000000001
2.205	0.007800000000000001
2.205	0.00908
2.22	-0.00928
2.22	-0.0086
2.22	-0.00232
2.22	-0.00152
2.22	-0.00068
2.22	0.00016000000000000042
2.22	0.0024000000000000002
2.22	0.00504
2.22	0.00792
2.22	0.00908
2.2350000000000003	-0.00928
2.2350000000000003	-0.0086
2.2350000000000003	-0.00232
2.2350000000000003	-0.00152
2.2350000000000003	-0.00068
2.2350000000000003	0.00016000000000000042
2.2350000000000003	0.0024800000000000004
2.2350000000000003	0.005120000000000001
2.2350000000000003	0.00804
2.2350000000000003	0.00908
2.25	-0.00928
2.25	-0.00856
2.25	-0.00232
2.25	-0.00152
2.25	-0.00068
2.25	0.00020000000000000052
2.25	0.0025200000000000005
2.25	0.005200000000000001
2.25	0.00816
2.25	0.00908
2.265	-0.00932
2.265	-0.00856
2.265	-0.00232
2.265	-0.00068
2.265	0.00024000000000000063
2.265	0.0026000000000000007
2.265	0.00532
2.265	0.00828
2.265	0.00908
2.2800000000000002	-0.00932
2.2800000000000002	-0.00856
2.2800000000000002	-0.00232
2.2800000000000002	-0.00068
2.2800000000000002	0.00028000000000000073
2.2800000000000002	0.0026800000000000005
2.2800000000000002	0.0054
2.2800000000000002	0.008400000000000001
2.2800000000000002	0.009080000000000001
2.295	-0.00932
2.295	-0.00856
2.295	-0.00232
2.295	-0.0014799999999999991
2.295	-0.00068
2.295	0.0003200000000000003
2.295	0.00272
2.295	0.0054800000000000005
2.295	0.00852
2.295	0.009080000000000001
2.31	-0.00936
2.31	-0.00856
2.31	-0.00232
2.31	-0.0014399999999999992
2.31	-0.00068
2.31	0.00036000000000000024
2.31	0.0028000000000000004
2.31	0.005600000000000001
2.31	0.00864
2.325	-0.00936
2.325	-0.00856
2.325	-0.00232
2.325	-0.0014399999999999992
2.325	-0.00068
2.325	0.0004000000000000002
2.325	0.0028400000000000005
2.325	0.005680000000000001
2.325	0.00876
2.3400000000000003	-0.0094
2.3400000000000003	-0.00856
2.3400000000000003	-0.00232
2.3400000000000003	-0.0013999999999999993
2.3400000000000003	-0.00068
2.3400000000000003	0.0004400000000000001
2.3400000000000003	0.0029200000000000003
2.3400000000000003	0.00576
2.3400000000000003	0.00888
2.355	-0.0094
2.355	-0.00856
2.355	-0.00232
2.355	-0.0013999999999999993
2.355	-0.00068
2.355	0.00048000000000000007
2.355	0.003
2.355	0.005880000000000001
2.355	0.009000000000000001
2.37	-0.0094
2.37	-0.00856
2.37	-0.00232
2.37	-0.0013999999999999993
2.37	-0.00068
2.37	0.0005200000000000008
2.37	0.00304
2.37	0.00596
2.37	0.00912
2.3850000000000002	-0.00944
2.3850000000000002	-0.00856
2.3850000000000002	-0.00232
2.3850000000000002	-0.0013599999999999994
2.3850000000000002	-0.0004799999999999995
2.3850000000000002	0.0005600000000000008
2.3850000000000002	0.0031200000000000004
2.3850000000000002	0.006039999999999999
2.3850000000000002	0.00924
2.4000000000000004	-0.00944
2.4000000000000004	-0.00856
2.4000000000000004	-0.00232
2.4000000000000004	-0.0013599999999999994
2.4000000000000004	-0.0004799999999999995
2.4000000000000004	0.0006000000000000007
2.4000000000000004	0.0032000000000000006
2.4000000000000004	0.0061600000000000005
2.4000000000000004	0.00936
2.415	-0.00944
2.415	-0.00856
2.415	-0.00232
2.415	-0.0013599999999999994
2.415	0.0006400000000000006
2.415	0.0032400000000000007
2.415	0.006240000000000001
2.415	0.009479999999999999
2.43	-0.00948
2.43	-0.00856
2.43	-0.00232
2.43	-0.0013199999999999996
2.43	0.0006800000000000006
2.43	0.00332
2.43	0.006319999999999999
2.43	0.009600000000000001
2.445	-0.00948
2.445	-0.00856
2.445	-0.00232
2.445	-0.0013199999999999996
2.445	0.0007200000000000002
2.445	0.0034000000000000002
2.445	0.0064399999999999995
2.445	0.00932
2.46	-0.00948
2.46	-0.00856
2.46	-0.00232
2.46	-0.0012799999999999995
2.46	0.0007600000000000003
2.46	0.0034400000000000003
2.46	0.0065200000000000015
2.46	0.00932
2.46	0.00984
2.475	-0.00952
2.475	-0.00856
2.475	-0.00232
2.475	-0.0012799999999999999
2.475	0.0008000000000000004
2.475	0.0035200000000000006
2.475	0.006600000000000002
2.475	0.00932
2.49	-0.00952
2.49	-0.00856
2.49	-0.00232
2.49	-0.0012799999999999999
2.49	0.0008400000000000005
2.49	0.0036000000000000008
2.49	0.00672
2.49	0.00932
2.505	-0.00956
2.505	-0.00856
2.505	-0.00232
2.505	-0.0012399999999999998
2.505	0.0008800000000000006
2.505	0.003640000000000001
2.505	0.0068000000000000005
2.505	0.009040000000000001
2.52	-0.00956
2.52	-0.00856
2.52	-0.00232
2.52	-0.0012399999999999998
2.52	0.0009200000000000001
2.52	0.00372
2.52	0.006920000000000001
2.52	0.009040000000000001
2.535	-0.00956
2.535	-0.00856
2.535	-0.00232
2.535	-0.0011999999999999997
2.535	0.0009600000000000001
2.535	0.0038000000000000004
2.535	0.007000000000000001
2.535	0.009040000000000001
2.55	-0.009600000000000001
2.55	-0.00856
2.55	-0.00232
2.55	-0.0011999999999999997
2.55	0.001
2.55	0.00388
2.55	0.00708
2.55	0.009040000000000001
2.565	-0.009600000000000001
2.565	-0.00892
2.565	-0.00856
2.565	-0.00232
2.565	-0.0011599999999999996
2.565	0.00104
2.565	0.003920000000000002
2.565	0.0072000000000000015
2.565	0.009040000000000001
2.58	-0.00964
2.58	-0.00892
2.58	-0.00856
2.58	-0.00232
2.58	-0.0011599999999999996
2.58	0.0010799999999999998
2.58	0.004000000000000001
2.58	0.007280000000000002
2.58	0.009040000000000001
2.5949999999999998	-0.00964
2.5949999999999998	-0.00892
2.5949999999999998	-0.00856
2.5949999999999998	-0.00232
2.5949999999999998	-0.0011599999999999996
2.5949999999999998	0.0011600000000000007
2.5949999999999998	0.004080000000000001
2.5949999999999998	0.0074
2.5949999999999998	0.009040000000000001
2.61	-0.00964
2.61	-0.00892
2.61	-0.00856
2.61	-0.00232
2.61	-0.0011199999999999995
2.61	0.0012000000000000005
2.61	0.00412
2.61	0.0074800000000000005
2.61	0.009040000000000001
2.625	-0.00968
2.625	-0.00892
2.625	-0.00856
2.625	-0.00232
2.625	-0.0011199999999999995
2.625	0.0012400000000000004
2.625	0.004200000000000001
2.625	0.007560000000000002
2.625	0.009040000000000001
2.64	-0.00968
2.64	-0.00892
2.64	-0.00856
2.64	-0.00232
2.64	-0.0010799999999999998
2.64	0.0012800000000000003
2.64	0.004280000000000001
2.64	0.007680000000000001
2.64	0.009040000000000001
2.655	-0.00972
2.655	-0.00892
2.655	-0.00856
2.655	-0.00232
2.655	-0.0010799999999999998
2.655	0.0013200000000000004
2.655	0.00436
2.655	0.007760000000000001
2.655	0.009040000000000001
2.67	-0.009720000000000001
2.67	-0.00892
2.67	-0.00856
2.67	-0.00232
2.67	-0.00104
2.67	0.00136
2.67	0.0044
2.67	0.007880000000000002
2.67	0.009040000000000001
2.685	-0.009760000000000001
2.685	-0.00892
2.685	-0.00856
2.685	-0.00232
2.685	-0.00104
2.685	0.0014000000000000002
2.685	0.00448
2.685	0.00796
2.685	0.009040000000000001
2.7	-0.009760000000000001
2.7	-0.00892
2.7	-0.00856
2.7	-0.00232
2.7	-0.00104
2.7	0.0014400000000000003
2.7	0.004560000000000001
2.7	0.00808
2.7	0.009040000000000001
2.715	-0.009760000000000001
2.715	-0.00896
2.715	-0.00856
2.715	-0.00232
2.715	-0.001
2.715	0.0014800000000000004
2.715	0.004640000000000001
2.715	0.00816
2.715	0.009040000000000001
2.73	-0.0098
2.73	-0.00896
2.73	-0.00856
2.73	-0.00232
2.73	-0.001
2.73	0.00152
2.73	0.004680000000000001
2.73	0.00828
2.73	0.009040000000000001
2.7449999999999997	-0.0098
2.7449999999999997	-0.00896
2.7449999999999997	-0.00856
2.7449999999999997	-0.00232
2.7449999999999997	-0.0009600000000000001
2.7449999999999997	0.00156
2.7449999999999997	0.00476
2.7449999999999997	0.008360000000000001
2.7449999999999997	0.009000000000000001
2.76	-0.00984
2.76	-0.00896
2.76	-0.00852
2.76	-0.00232
2.76	-0.0009600000000000001
2.76	0.0015999999999999999
2.76	0.0048400000000000006
2.76	0.008440000000000001
2.76	0.009000000000000001
2.775	-0.00984
2.775	-0.00896
2.775	-0.00852
2.775	-0.00232
2.775	-0.0009200000000000001
2.775	0.0016799999999999996
2.775	0.00492
2.775	0.00856
2.775	0.009000000000000001
2.79	-0.00988
2.79	-0.00896
2.79	-0.00852
2.79	-0.00232
2.79	-0.0009199999999999993
2.79	0.0017199999999999997
2.79	0.005
2.79	0.00864
2.79	0.009000000000000001
2.8049999999999997	-0.00988
2.8049999999999997	-0.00896
2.8049999999999997	-0.00852
2.8049999999999997	-0.00232
2.8049999999999997	-0.0008799999999999994
2.8049999999999997	0.0017600000000000005
2.8049999999999997	0.00504
2.8049999999999997	0.00876
2.82	-0.009920000000000002
2.82	-0.00896
2.82	-0.00852
2.82	-0.00232
2.82	-0.0008799999999999994
2.82	0.0018000000000000004
2.82	0.005120000000000001
2.82	0.00884
2.835	-0.00896
2.835	-0.00852
2.835	-0.00232
2.835	-0.0008399999999999994
2.835	0.0018400000000000003
2.835	0.005200000000000001
2.835	0.008960000000000001
2.8499999999999996	-0.00896
2.8499999999999996	-0.00852
2.8499999999999996	-0.00232
2.8499999999999996	-0.0008399999999999994
2.8499999999999996	0.0018800000000000004
2.8499999999999996	0.005280000000000001
2.8499999999999996	0.009040000000000001
2.865	-0.00896
2.865	-0.00852
2.865	-0.00232
2.865	-0.0007999999999999995
2.865	0.0019199999999999998
2.865	0.00536
2.865	0.009160000000000001
2.8800000000000003	-0.00896
2.8800000000000003	-0.00852
2.8800000000000003	-0.00232
2.8800000000000003	-0.0007999999999999995
2.8800000000000003	0.00196
2.8800000000000003	0.0054
2.8800000000000003	0.009000000000000001
2.895	-0.00896
2.895	-0.00852
2.895	-0.00232
2.895	-0.0007599999999999996
2.895	0.00204
2.895	0.0054800000000000005
2.895	0.009000000000000001
2.895	0.00936
2.91	-0.009000000000000001
2.91	-0.00852
2.91	-0.00232
2.91	-0.0007599999999999996
2.91	0.0020800000000000003
2.91	0.005560000000000001
2.91	0.009000000000000001
2.91	0.00944
2.9250000000000003	-0.009000000000000001
2.9250000000000003	-0.00852
2.9250000000000003	-0.00232
2.9250000000000003	-0.0007599999999999996
2.9250000000000003	0.0021200000000000004
2.9250000000000003	0.005640000000000001
2.9250000000000003	0.009000000000000001
2.9250000000000003	0.00956
2.9400000000000004	-0.009000000000000001
2.9400000000000004	-0.00852
2.9400000000000004	-0.00232
2.9400000000000004	-0.0007199999999999996
2.9400000000000004	0.0021600000000000005
2.9400000000000004	0.005720000000000001
2.9400000000000004	0.009000000000000001
2.9400000000000004	0.009640000000000001
2.955	-0.009000000000000001
2.955	-0.00852
2.955	-0.00232
2.955	-0.0007599999999999996
2.955	0.0022000000000000006
2.955	0.0058000000000000005
2.955	0.009000000000000001
2.955	0.00936
2.955	0.00976
2.97	-0.009000000000000001
2.97	-0.00852
2.97	-0.00232
2.97	-0.0006799999999999997
2.97	0.0022400000000000007
2.97	0.005840000000000001
2.97	0.009000000000000001
2.97	0.00936
2.97	0.00988
2.9850000000000003	-0.009000000000000001
2.9850000000000003	-0.00852
2.9850000000000003	-0.00232
2.9850000000000003	-0.0006799999999999997
2.9850000000000003	0.0022800000000000008
2.9850000000000003	0.00592
2.9850000000000003	0.009000000000000001
2.9850000000000003	0.00936
3.	-0.009000000000000001
3.	-0.00852
3.	-0.00232
3.	-0.0006399999999999999
3.	0.00236
3.	0.006
3.	0.009000000000000001
3.	0.00936
3.015	-0.009000000000000001
3.015	-0.00852
3.015	-0.00232
3.015	-0.0006399999999999999
3.015	0.0024000000000000002
3.015	0.0060799999999999995
3.015	0.008960000000000001
3.015	0.00936
3.0300000000000002	-0.009000000000000001
3.0300000000000002	-0.00852
3.0300000000000002	-0.00232
3.0300000000000002	-0.0005999999999999998
3.0300000000000002	0.0024400000000000003
3.0300000000000002	0.0061600000000000005
3.0300000000000002	0.008960000000000001
3.0300000000000002	0.00936
3.045	-0.009000000000000001
3.045	-0.00852
3.045	-0.00232
3.045	-0.0005999999999999998
3.045	0.0024800000000000004
3.045	0.006240000000000001
3.045	0.008960000000000001
3.045	0.00936
3.06	-0.009000000000000001
3.06	-0.00852
3.06	-0.00232
3.06	-0.0004399999999999994
3.06	0.0025200000000000005
3.06	0.006320000000000001
3.06	0.008960000000000001
3.06	0.00936
3.075	-0.009000000000000001
3.075	-0.00852
3.075	-0.00232
3.075	-0.0004399999999999994
3.075	0.0025600000000000006
3.075	0.006359999999999999
3.075	0.008960000000000001
3.075	0.00936
3.0900000000000003	-0.009040000000000001
3.0900000000000003	-0.00852
3.0900000000000003	-0.00232
3.0900000000000003	-0.0005199999999999996
3.0900000000000003	0.002640000000000001
3.0900000000000003	0.0064399999999999995
3.0900000000000003	0.008960000000000001
3.0900000000000003	0.00936
3.105	-0.009040000000000001
3.105	-0.00848
3.105	-0.00232
3.105	-0.0007999999999999995
3.105	0.0026800000000000005
3.105	0.0065200000000000015
3.105	0.008960000000000001
3.105	0.00936
3.12	-0.009040000000000001
3.12	-0.00848
3.12	-0.00232
3.12	-0.0007999999999999995
3.12	-0.00048000000000000007
3.12	0.00272
3.12	0.006600000000000002
3.12	0.008960000000000001
3.12	0.00936
3.1350000000000002	-0.009040000000000001
3.1350000000000002	-0.00848
3.1350000000000002	-0.00232
3.1350000000000002	-0.0007999999999999995
3.1350000000000002	-0.0004400000000000001
3.1350000000000002	0.0027600000000000003
3.1350000000000002	0.006680000000000002
3.1350000000000002	0.008960000000000001
3.1350000000000002	0.00936
3.1500000000000004	-0.009040000000000001
3.1500000000000004	-0.00848
3.1500000000000004	-0.00232
3.1500000000000004	-0.0007999999999999995
3.1500000000000004	-0.0004400000000000001
3.1500000000000004	0.0028000000000000004
3.1500000000000004	0.00676
3.1500000000000004	0.008960000000000001
3.1500000000000004	0.00936
3.165	-0.009040000000000001
3.165	-0.00848
3.165	-0.00232
3.165	-0.0007999999999999995
3.165	-0.0004400000000000001
3.165	0.0028800000000000006
3.165	0.006840000000000001
3.165	0.008960000000000001
3.165	0.00936
3.18	-0.009040000000000001
3.18	-0.00848
3.18	-0.00232
3.18	-0.0007999999999999995
3.18	-0.0004000000000000002
3.18	0.0029200000000000003
3.18	0.006920000000000001
3.18	0.008960000000000001
3.18	0.00936
3.195	-0.009040000000000001
3.195	-0.00848
3.195	-0.00232
3.195	-0.0007999999999999995
3.195	-0.0004000000000000002
3.195	0.00296
3.195	0.007000000000000001
3.195	0.008960000000000001
3.195	0.00936
3.21	-0.009040000000000001
3.21	-0.00848
3.21	-0.00232
3.21	-0.0007999999999999995
3.21	-0.00036000000000000024
3.21	0.003
3.21	0.00704
3.21	0.008960000000000001
3.21	0.00936
3.225	-0.009040000000000001
3.225	-0.00848
3.225	-0.00232
3.225	-0.0007999999999999995
3.225	-0.0003200000000000003
3.225	0.00304
3.225	0.007120000000000001
3.225	0.008960000000000001
3.225	0.00936
3.24	-0.009040000000000001
3.24	-0.00848
3.24	-0.00232
3.24	-0.0007999999999999995
3.24	-0.0003200000000000003
3.24	0.00312
3.24	0.0072000000000000015
3.24	0.00892
3.24	0.00936
3.255	-0.009080000000000001
3.255	-0.00848
3.255	-0.00232
3.255	-0.0007999999999999995
3.255	-0.0002800000000000004
3.255	0.0031600000000000005
3.255	0.007280000000000002
3.255	0.00892
3.255	0.00936
3.27	-0.009080000000000001
3.27	-0.00848
3.27	-0.00232
3.27	-0.0007999999999999995
3.27	-0.0002800000000000004
3.27	0.0032000000000000006
3.27	0.00736
3.27	0.00892
3.27	0.00936
3.285	-0.009080000000000001
3.285	-0.00848
3.285	-0.00232
3.285	-0.0007999999999999995
3.285	-0.00024000000000000047
3.285	0.0032400000000000007
3.285	0.00744
3.285	0.00892
3.285	0.00936
3.3	-0.009080000000000001
3.3	-0.00848
3.3	-0.00232
3.3	-0.0007999999999999995
3.3	-0.0002399999999999996
3.3	0.003320000000000001
3.3	0.0075200000000000015
3.3	0.00892
3.3	0.00936
3.315	-0.009080000000000001
3.315	-0.00848
3.315	-0.00232
3.315	-0.0007999999999999995
3.315	-0.00019999999999999966
3.315	0.00336
3.315	0.007600000000000001
3.315	0.00892
3.315	0.00936
3.33	-0.009080000000000001
3.33	-0.00848
3.33	-0.00232
3.33	-0.0007999999999999995
3.33	-0.00019999999999999966
3.33	0.0034000000000000002
3.33	0.007680000000000001
3.33	0.00892
3.33	0.00936
3.3449999999999998	-0.009080000000000001
3.3449999999999998	-0.00848
3.3449999999999998	-0.00232
3.3449999999999998	-0.0008399999999999994
3.3449999999999998	-0.0004000000000000002
3.3449999999999998	0.0034400000000000003
3.3449999999999998	0.007760000000000001
3.3449999999999998	0.00892
3.3449999999999998	0.00936
3.36	-0.009080000000000001
3.36	-0.00848
3.36	-0.00232
3.36	-0.0008399999999999994
3.36	-0.0004000000000000002
3.36	0.0034800000000000005
3.36	0.007840000000000001
3.36	0.00892
3.36	0.00936
3.375	-0.009080000000000001
3.375	-0.00844
3.375	-0.00232
3.375	-0.0008399999999999994
3.375	-0.0004000000000000002
3.375	0.0035600000000000007
3.375	0.00792
3.375	0.00892
3.375	0.0094
3.39	-0.009080000000000001
3.39	-0.00844
3.39	-0.00232
3.39	-0.0008399999999999994
3.39	-0.0004000000000000002
3.39	0.0036000000000000008
3.39	0.00796
3.39	0.00892
3.39	0.0094
3.405	-0.009080000000000001
3.405	-0.00844
3.405	-0.00232
3.405	-0.0008399999999999994
3.405	-0.0004000000000000002
3.405	0.003640000000000001
3.405	0.00804
3.405	0.00892
3.405	0.0094
3.42	-0.00912
3.42	-0.00844
3.42	-0.00232
3.42	-0.0008399999999999994
3.42	-0.0004000000000000002
3.42	-0.000040000000000000105
3.42	0.003680000000000001
3.42	0.00812
3.42	0.00892
3.42	0.0094
3.435	-0.00912
3.435	-0.00844
3.435	-0.00232
3.435	-0.0008399999999999994
3.435	-0.0004000000000000002
3.435	-0.000040000000000000105
3.435	0.0037600000000000008
3.435	0.0082
3.435	0.00892
3.435	0.0094
3.45	-0.00912
3.45	-0.00844
3.45	-0.00232
3.45	-0.0008399999999999994
3.45	-0.0004000000000000002
3.45	0.
3.45	0.0038000000000000004
3.45	0.00828
3.45	0.00888
3.45	0.0094
3.4650000000000003	-0.00912
3.4650000000000003	-0.00844
3.4650000000000003	-0.00232
3.4650000000000003	-0.0008399999999999994
3.4650000000000003	-0.0004000000000000002
3.4650000000000003	0.000040000000000000105
3.4650000000000003	0.0038400000000000005
3.4650000000000003	0.008360000000000001
3.4650000000000003	0.0094
3.48	-0.00912
3.48	-0.00844
3.48	-0.00232
3.48	-0.0008399999999999994
3.48	-0.0004000000000000002
3.48	0.000040000000000000105
3.48	0.00388
3.48	0.008440000000000001
3.48	0.0094
3.495	-0.00912
3.495	-0.00844
3.495	-0.00232
3.495	-0.0008399999999999994
3.495	-0.0004000000000000002
3.495	0.00008000000000000021
3.495	0.003960000000000001
3.495	0.00852
3.495	0.0094
3.5100000000000002	-0.00912
3.5100000000000002	-0.00844
3.5100000000000002	-0.00232
3.5100000000000002	-0.0008399999999999994
3.5100000000000002	-0.0004000000000000002
3.5100000000000002	0.00008000000000000021
3.5100000000000002	0.004000000000000001
3.5100000000000002	0.0086
3.5100000000000002	0.0094
3.5250000000000004	-0.00912
3.5250000000000004	-0.00844
3.5250000000000004	-0.00232
3.5250000000000004	-0.0008399999999999994
3.5250000000000004	-0.0004000000000000002
3.5250000000000004	0.00012000000000000031
3.5250000000000004	0.00404
3.5250000000000004	0.008680000000000002
3.5250000000000004	0.0094
3.54	-0.00912
3.54	-0.00844
3.54	-0.00232
3.54	-0.0008399999999999994
3.54	-0.0004000000000000002
3.54	0.00012000000000000031
3.54	0.00412
3.54	0.00876
3.54	0.0094
3.555	-0.00912
3.555	-0.00844
3.555	-0.00232
3.555	-0.0008399999999999994
3.555	-0.0004000000000000002
3.555	0.00016000000000000042
3.555	0.0041600000000000005
3.555	0.00884
3.555	0.0094
3.5700000000000003	-0.009160000000000001
3.5700000000000003	-0.00844
3.5700000000000003	-0.00232
3.5700000000000003	-0.0008799999999999994
3.5700000000000003	-0.0004000000000000002
3.5700000000000003	0.00020000000000000052
3.5700000000000003	0.004200000000000001
3.5700000000000003	0.00892
3.5700000000000003	0.0094
3.585	-0.009160000000000001
3.585	-0.00844
3.585	-0.00232
3.585	-0.0008799999999999994
3.585	-0.0004000000000000002
3.585	0.00020000000000000052
3.585	0.004240000000000001
3.585	0.009000000000000001
3.585	0.0094
3.6	-0.009160000000000001
3.6	-0.008400000000000001
3.6	-0.00232
3.6	-0.0008799999999999994
3.6	-0.0004000000000000002
3.6	0.00024000000000000063
3.6	0.00432
3.6	0.009080000000000001
3.6	0.0094
3.6149999999999998	-0.009160000000000001
3.6149999999999998	-0.008400000000000001
3.6149999999999998	-0.00232
3.6149999999999998	-0.0008799999999999994
3.6149999999999998	-0.0004000000000000002
3.6149999999999998	0.00024000000000000063
3.6149999999999998	0.00436
3.6149999999999998	0.00916
3.63	-0.009160000000000001
3.63	-0.008400000000000001
3.63	-0.00232
3.63	-0.0008799999999999994
3.63	-0.0004000000000000002
3.63	0.00028000000000000073
3.63	0.0044
3.63	0.00924
3.645	-0.009160000000000001
3.645	-0.008400000000000001
3.645	-0.00232
3.645	-0.0008799999999999994
3.645	-0.0004000000000000002
3.645	0.00032000000000000084
3.645	0.00448
3.645	0.00932
3.66	-0.009160000000000001
3.66	-0.008400000000000001
3.66	-0.00232
3.66	-0.0008799999999999994
3.66	-0.00036000000000000024
3.66	0.0003200000000000003
3.66	0.0045200000000000014
3.66	0.0094
3.675	-0.009160000000000001
3.675	-0.008400000000000001
3.675	-0.00232
3.675	-0.0008800000000000002
3.675	-0.00036000000000000024
3.675	0.00036000000000000024
3.675	0.004560000000000001
3.675	0.00884
3.675	0.009479999999999999
3.69	-0.009160000000000001
3.69	-0.008400000000000001
3.69	-0.00232
3.69	-0.0008800000000000002
3.69	-0.00036000000000000024
3.69	0.00036000000000000024
3.69	0.004600000000000001
3.69	0.00884
3.69	0.009559999999999999
3.705	-0.0092
3.705	-0.008400000000000001
3.705	-0.00232
3.705	-0.0008800000000000002
3.705	-0.00036000000000000024
3.705	0.0004000000000000002
3.705	0.004680000000000001
3.705	0.00884
3.705	0.009640000000000001
3.72	-0.0092
3.72	-0.008400000000000001
3.72	-0.00232
3.72	-0.0008800000000000002
3.72	-0.00036000000000000024
3.72	0.0004400000000000001
3.72	0.00472
3.72	0.00884
3.72	0.00944
3.7350000000000003	-0.0092
3.7350000000000003	-0.008400000000000001
3.7350000000000003	-0.00232
3.7350000000000003	-0.0008800000000000002
3.7350000000000003	-0.00036000000000000024
3.7350000000000003	0.0004400000000000001
3.7350000000000003	0.00476
3.7350000000000003	0.00884
3.7350000000000003	0.00944
3.7350000000000003	0.0098
3.75	-0.0092
3.75	-0.008400000000000001
3.75	-0.00232
3.75	-0.0008800000000000002
3.75	-0.00036000000000000024
3.75	0.00048000000000000007
3.75	0.0048400000000000006
3.75	0.00884
3.75	0.00944
3.75	0.00988
3.765	-0.0092
3.765	-0.008400000000000001
3.765	-0.00232
3.765	-0.0009200000000000001
3.765	-0.00036000000000000024
3.765	0.00052
3.765	0.004880000000000001
3.765	0.00884
3.765	0.00944
3.7800000000000002	-0.0092
3.7800000000000002	-0.008400000000000001
3.7800000000000002	-0.00232
3.7800000000000002	-0.0009200000000000001
3.7800000000000002	-0.00036000000000000024
3.7800000000000002	0.0005200000000000008
3.7800000000000002	0.00492
3.7800000000000002	0.00884
3.7800000000000002	0.00944
3.7950000000000004	-0.0092
3.7950000000000004	-0.008360000000000001
3.7950000000000004	-0.00232
3.7950000000000004	-0.0009200000000000001
3.7950000000000004	-0.00036000000000000024
3.7950000000000004	0.0005600000000000008
3.7950000000000004	0.005
3.7950000000000004	0.00884
3.7950000000000004	0.00944
3.81	-0.0092
3.81	-0.008360000000000001
3.81	-0.00232
3.81	-0.0009200000000000001
3.81	-0.00036000000000000024
3.81	0.0005600000000000008
3.81	0.00504
3.81	0.00884
3.81	0.00944
3.825	-0.0092
3.825	-0.008360000000000001
3.825	-0.00232
3.825	-0.0009200000000000001
3.825	-0.00036000000000000024
3.825	0.0006000000000000007
3.825	0.0050799999999999994
3.825	0.00884
3.825	0.00944
3.8400000000000003	-0.009240000000000002
3.8400000000000003	-0.008360000000000001
3.8400000000000003	-0.00232
3.8400000000000003	-0.0009200000000000001
3.8400000000000003	-0.00036000000000000024
3.8400000000000003	0.0006400000000000006
3.8400000000000003	0.0051600000000000005
3.8400000000000003	0.0088
3.8400000000000003	0.00944
3.855	-0.009240000000000002
3.855	-0.008360000000000001
3.855	-0.00232
3.855	-0.0009200000000000001
3.855	-0.00036000000000000024
3.855	0.0006400000000000006
3.855	0.005200000000000001
3.855	0.0088
3.855	0.00944
3.87	-0.009240000000000002
3.87	-0.008360000000000001
3.87	-0.00232
3.87	-0.0019999999999999996
3.87	-0.0009200000000000001
3.87	-0.00036000000000000024
3.87	0.0006800000000000006
3.87	0.00524
3.87	0.0088
3.87	0.00944
3.885	-0.009240000000000002
3.885	-0.008360000000000001
3.885	-0.00232
3.885	-0.0009200000000000001
3.885	-0.00036000000000000024
3.885	0.0006800000000000006
3.885	0.005280000000000001
3.885	0.0088
3.885	0.00944
3.9	-0.009240000000000002
3.9	-0.008360000000000001
3.9	-0.00232
3.9	-0.0009200000000000001
3.9	-0.00036000000000000024
3.9	0.0007200000000000002
3.9	0.00536
3.9	0.0088
3.9	0.00944
3.915	-0.009240000000000002
3.915	-0.008360000000000001
3.915	-0.00232
3.915	-0.0009200000000000001
3.915	-0.00036000000000000024
3.915	0.0007600000000000003
3.915	0.0054
3.915	0.0088
3.915	0.00944
3.93	-0.009240000000000002
3.93	-0.008360000000000001
3.93	-0.00232
3.93	-0.0009200000000000001
3.93	-0.00036000000000000024
3.93	0.0007600000000000003
3.93	0.00544
3.93	0.0088
3.93	0.00944
3.945	-0.009240000000000002
3.945	-0.008360000000000001
3.945	-0.00232
3.945	-0.0009200000000000001
3.945	-0.0003200000000000003
3.945	0.0008000000000000004
3.945	0.005520000000000001
3.945	0.0088
3.945	0.00944
3.96	-0.009240000000000002
3.96	-0.008360000000000001
3.96	-0.00232
3.96	-0.0009600000000000001
3.96	-0.0003200000000000003
3.96	0.0008400000000000005
3.96	0.005560000000000001
3.96	0.0088
3.96	0.00944
3.975	-0.00928
3.975	-0.008320000000000001
3.975	-0.00232
3.975	-0.0009600000000000001
3.975	-0.0003200000000000003
3.975	0.0008400000000000005
3.975	0.005640000000000001
3.975	0.0088
3.975	0.00944
3.9899999999999998	-0.00928
3.9899999999999998	-0.008320000000000001
3.9899999999999998	-0.00232
3.9899999999999998	-0.0009600000000000001
3.9899999999999998	-0.0003200000000000003
3.9899999999999998	0.0008800000000000006
3.9899999999999998	0.005680000000000001
3.9899999999999998	0.0088
3.9899999999999998	0.00944
4.005	-0.00928
4.005	-0.008320000000000001
4.005	-0.00232
4.005	-0.0009600000000000001
4.005	-0.0003200000000000003
4.005	0.0009200000000000007
4.005	0.005720000000000001
4.005	0.00876
4.005	0.00944
4.02	-0.00928
4.02	-0.008320000000000001
4.02	-0.00232
4.02	-0.0009600000000000001
4.02	-0.0003200000000000003
4.02	0.0009200000000000001
4.02	0.0058000000000000005
4.02	0.00876
4.02	0.009479999999999999
4.035	-0.00928
4.035	-0.008320000000000001
4.035	-0.00232
4.035	-0.0009600000000000001
4.035	-0.0003200000000000003
4.035	0.0009600000000000001
4.035	0.005840000000000001
4.035	0.00876
4.035	0.009479999999999999
4.05	-0.00928
4.05	-0.008320000000000001
4.05	-0.00232
4.05	-0.0009600000000000001
4.05	-0.0003200000000000003
4.05	0.001
4.05	0.005880000000000001
4.05	0.00876
4.05	0.009479999999999999
4.0649999999999995	-0.00928
4.0649999999999995	-0.008320000000000001
4.0649999999999995	-0.00232
4.0649999999999995	-0.0009600000000000001
4.0649999999999995	-0.0003200000000000003
4.0649999999999995	0.001
4.0649999999999995	0.00596
4.0649999999999995	0.00876
4.0649999999999995	0.009479999999999999
4.08	-0.00928
4.08	-0.008320000000000001
4.08	-0.00232
4.08	-0.0009600000000000001
4.08	-0.0003200000000000003
4.08	0.00104
4.08	0.006
4.08	0.00876
4.08	0.009479999999999999
4.095	-0.00932
4.095	-0.008320000000000001
4.095	-0.00232
4.095	-0.0009600000000000001
4.095	-0.0003200000000000003
4.095	0.0010799999999999998
4.095	0.006039999999999999
4.095	0.00876
4.095	0.009479999999999999
4.109999999999999	-0.00932
4.109999999999999	-0.00832
4.109999999999999	-0.00232
4.109999999999999	-0.0009600000000000001
4.109999999999999	-0.0003200000000000003
4.109999999999999	0.0010799999999999998
4.109999999999999	0.0061200000000000004
4.109999999999999	0.00876
4.109999999999999	0.009479999999999999
4.124999999999999	-0.00932
4.124999999999999	-0.00828
4.124999999999999	-0.00232
4.124999999999999	-0.001
4.124999999999999	-0.0003200000000000003
4.124999999999999	0.00112
4.124999999999999	0.0061600000000000005
4.124999999999999	0.00876
4.124999999999999	0.009479999999999999
4.139999999999999	-0.00932
4.139999999999999	-0.00828
4.139999999999999	-0.00232
4.139999999999999	-0.001
4.139999999999999	-0.0003200000000000003
4.139999999999999	0.0011200000000000008
4.139999999999999	0.006200000000000001
4.139999999999999	0.00876
4.139999999999999	0.009479999999999999
4.154999999999999	-0.00932
4.154999999999999	-0.00828
4.154999999999999	-0.00232
4.154999999999999	-0.001
4.154999999999999	-0.0003200000000000003
4.154999999999999	0.0011600000000000007
4.154999999999999	0.006280000000000001
4.154999999999999	0.00876
4.154999999999999	0.009479999999999999
4.169999999999999	-0.00932
4.169999999999999	-0.00828
4.169999999999999	-0.00232
4.169999999999999	-0.001
4.169999999999999	-0.0003200000000000003
4.169999999999999	0.0012000000000000005
4.169999999999999	0.006319999999999999
4.169999999999999	0.008720000000000002
4.169999999999999	0.009479999999999999
4.184999999999999	-0.00932
4.184999999999999	-0.00828
4.184999999999999	-0.00232
4.184999999999999	-0.001
4.184999999999999	-0.0003200000000000003
4.184999999999999	0.0012000000000000005
4.184999999999999	0.0063999999999999994
4.184999999999999	0.008720000000000002
4.184999999999999	0.009479999999999999
4.199999999999999	-0.00932
4.199999999999999	-0.00828
4.199999999999999	-0.00232
4.199999999999999	-0.001
4.199999999999999	-0.0002800000000000004
4.199999999999999	0.0012400000000000004
4.199999999999999	0.0064399999999999995
4.199999999999999	0.008720000000000002
4.199999999999999	0.009479999999999999
4.214999999999999	-0.00936
4.214999999999999	-0.00828
4.214999999999999	-0.00232
4.214999999999999	-0.001
4.214999999999999	-0.0002800000000000004
4.214999999999999	0.0012800000000000003
4.214999999999999	0.00648
4.214999999999999	0.008720000000000002
4.214999999999999	0.009479999999999999
4.2299999999999995	-0.00936
4.2299999999999995	-0.00828
4.2299999999999995	-0.00232
4.2299999999999995	-0.001
4.2299999999999995	-0.0002800000000000004
4.2299999999999995	0.0012800000000000003
4.2299999999999995	0.006560000000000002
4.2299999999999995	0.008720000000000002
4.2299999999999995	0.009479999999999999
4.244999999999999	-0.00936
4.244999999999999	-0.00828
4.244999999999999	-0.00232
4.244999999999999	-0.001
4.244999999999999	0.00132
4.244999999999999	0.006600000000000002
4.244999999999999	0.008720000000000002
4.244999999999999	0.009479999999999999
4.26	-0.00936
4.26	-0.00824
4.26	-0.00232
4.26	-0.001
4.26	0.00136
4.26	0.006640000000000002
4.26	0.008720000000000002
4.26	0.009519999999999999
4.2749999999999995	-0.00936
4.2749999999999995	-0.00824
4.2749999999999995	-0.00232
4.2749999999999995	-0.001
4.2749999999999995	0.0014000000000000002
4.2749999999999995	0.00672
4.2749999999999995	0.008720000000000002
4.2749999999999995	0.009519999999999999
4.29	-0.00936
4.29	-0.00824
4.29	-0.00232
4.29	-0.001
4.29	0.0014000000000000002
4.29	0.00676
4.29	0.008720000000000002
4.29	0.009519999999999999
4.305	-0.00936
4.305	-0.00824
4.305	-0.00232
4.305	-0.00104
4.305	0.0014400000000000003
4.305	0.006840000000000001
4.305	0.00872
4.305	0.009519999999999999
4.319999999999999	-0.00936
4.319999999999999	-0.00824
4.319999999999999	-0.00232
4.319999999999999	-0.00104
4.319999999999999	0.0014800000000000004
4.319999999999999	0.006880000000000001
4.319999999999999	0.00868
4.319999999999999	0.009519999999999999
4.335	-0.0094
4.335	-0.00824
4.335	-0.00232
4.335	-0.00104
4.335	0.0014800000000000004
4.335	0.006920000000000001
4.335	0.00868
4.335	0.009519999999999999
4.35	-0.0094
4.35	-0.00824
4.35	-0.00232
4.35	-0.00104
4.35	0.00152
4.35	0.007000000000000001
4.35	0.00868
4.35	0.009519999999999999
4.365	-0.0094
4.365	-0.00824
4.365	-0.00232
4.365	-0.00104
4.365	0.00156
4.365	0.00704
4.365	0.00868
4.365	0.009519999999999999
4.38	-0.0094
4.38	-0.00824
4.38	-0.00232
4.38	-0.00104
4.38	0.00156
4.38	0.007120000000000001
4.38	0.00868
4.38	0.009519999999999999
4.395	-0.0094
4.395	-0.008199999999999999
4.395	-0.00232
4.395	-0.00104
4.395	-0.00027999999999999954
4.395	0.0015999999999999999
4.395	0.007160000000000001
4.395	0.00868
4.395	0.009519999999999999
4.409999999999999	-0.0094
4.409999999999999	-0.008199999999999999
4.409999999999999	-0.00232
4.409999999999999	-0.00104
4.409999999999999	-0.0002399999999999996
4.409999999999999	0.0016399999999999997
4.409999999999999	0.0072000000000000015
4.409999999999999	0.00868
4.409999999999999	0.00952
4.425	-0.0094
4.425	-0.008199999999999999
4.425	-0.0028
4.425	-0.00232
4.425	-0.00104
4.425	-0.0002399999999999996
4.425	0.0016399999999999997
4.425	0.007280000000000002
4.425	0.00868
4.425	0.00952
4.4399999999999995	-0.00944
4.4399999999999995	-0.008199999999999999
4.4399999999999995	-0.0028
4.4399999999999995	-0.00232
4.4399999999999995	-0.0002399999999999996
4.4399999999999995	0.0016799999999999996
4.4399999999999995	0.00732
4.4399999999999995	0.00868
4.4399999999999995	0.00952
4.454999999999999	-0.00944
4.454999999999999	-0.008199999999999999
4.454999999999999	-0.00232
4.454999999999999	-0.0002399999999999996
4.454999999999999	0.0017199999999999997
4.454999999999999	0.0074
4.454999999999999	0.00864
4.454999999999999	0.00952
4.47	-0.00944
4.47	-0.008199999999999999
4.47	-0.00232
4.47	-0.0002399999999999996
4.47	0.0017200000000000006
4.47	0.00744
4.47	0.00864
4.47	0.00952
4.484999999999999	-0.00944
4.484999999999999	-0.008199999999999999
4.484999999999999	-0.00232
4.484999999999999	-0.0002399999999999996
4.484999999999999	0.0017600000000000005
4.484999999999999	0.0074800000000000005
4.484999999999999	0.00864
4.484999999999999	0.00956
4.5	-0.00944
4.5	-0.008199999999999999
4.5	-0.00232
4.5	-0.0002399999999999996
4.5	0.0018000000000000004
4.5	0.007560000000000002
4.5	0.00864
4.5	0.00956
4.515	-0.00944
4.515	-0.00816
4.515	-0.00232
4.515	-0.0002399999999999996
4.515	0.0018400000000000003
4.515	0.007600000000000001
4.515	0.00864
4.515	0.00956
4.529999999999999	-0.00944
4.529999999999999	-0.00816
4.529999999999999	-0.00232
4.529999999999999	-0.0002399999999999996
4.529999999999999	0.0018400000000000003
4.529999999999999	0.007680000000000001
4.529999999999999	0.00864
4.529999999999999	0.00956
4.544999999999999	-0.00948
4.544999999999999	-0.00816
4.544999999999999	-0.00232
4.544999999999999	-0.0002399999999999996
4.544999999999999	0.0018800000000000004
4.544999999999999	0.007720000000000001
4.544999999999999	0.00864
4.544999999999999	0.00956
4.56	-0.00948
4.56	-0.00816
4.56	-0.00232
4.56	-0.0002399999999999996
4.56	0.0019200000000000003
4.56	0.007760000000000001
4.56	0.00864
4.56	0.00956
4.574999999999999	-0.00948
4.574999999999999	-0.00816
4.574999999999999	-0.00232
4.574999999999999	-0.0002399999999999996
4.574999999999999	0.0019199999999999998
4.574999999999999	0.007840000000000001
4.574999999999999	0.00864
4.574999999999999	0.00956
4.589999999999999	-0.00948
4.589999999999999	-0.00816
4.589999999999999	-0.00232
4.589999999999999	-0.0002399999999999996
4.589999999999999	0.00196
4.589999999999999	0.007880000000000002
4.589999999999999	0.0086
4.589999999999999	0.00956
4.6049999999999995	-0.00948
4.6049999999999995	-0.00816
4.6049999999999995	-0.00232
4.6049999999999995	-0.0017999999999999995
4.6049999999999995	-0.00019999999999999966
4.6049999999999995	0.002
4.6049999999999995	0.00796
4.6049999999999995	0.0086
4.6049999999999995	0.00956
4.619999999999999	-0.00948
4.619999999999999	-0.008119999999999999
4.619999999999999	-0.00232
4.619999999999999	-0.0017999999999999995
4.619999999999999	-0.00019999999999999966
4.619999999999999	0.002
4.619999999999999	0.008
4.619999999999999	0.0086
4.619999999999999	0.00956
4.635	-0.00948
4.635	-0.008119999999999999
4.635	-0.00232
4.635	-0.0017999999999999995
4.635	-0.00019999999999999966
4.635	0.00204
4.635	0.00808
4.635	0.0086
4.635	0.00956
4.6499999999999995	-0.00952
4.6499999999999995	-0.008119999999999999
4.6499999999999995	-0.00232
4.6499999999999995	-0.0017999999999999995
4.6499999999999995	-0.00019999999999999966
4.6499999999999995	0.0020800000000000003
4.6499999999999995	0.00812
4.6499999999999995	0.0086
4.6499999999999995	0.00956
4.664999999999999	-0.00952
4.664999999999999	-0.008119999999999999
4.664999999999999	-0.00232
4.664999999999999	-0.0017999999999999995
4.664999999999999	-0.00019999999999999966
4.664999999999999	0.0021200000000000004
4.664999999999999	0.00816
4.664999999999999	0.0086
4.664999999999999	0.00956
4.679999999999999	-0.00952
4.679999999999999	-0.008119999999999999
4.679999999999999	-0.00232
4.679999999999999	-0.00019999999999999966
4.679999999999999	0.0021200000000000004
4.679999999999999	0.00824
4.679999999999999	0.0086
4.679999999999999	0.00956
4.694999999999999	-0.00952
4.694999999999999	-0.008119999999999999
4.694999999999999	-0.00232
4.694999999999999	-0.00019999999999999966
4.694999999999999	0.0021600000000000005
4.694999999999999	0.0086
4.694999999999999	0.009600000000000001
4.709999999999999	-0.00952
4.709999999999999	-0.00812
4.709999999999999	-0.00232
4.709999999999999	-0.00019999999999999966
4.709999999999999	0.0022000000000000006
4.709999999999999	0.008360000000000001
4.709999999999999	0.009600000000000001
4.724999999999999	-0.00952
4.724999999999999	-0.00808
4.724999999999999	-0.00232
4.724999999999999	-0.00019999999999999966
4.724999999999999	0.0022000000000000006
4.724999999999999	0.008400000000000001
4.724999999999999	0.009600000000000001
4.739999999999999	-0.00952
4.739999999999999	-0.00808
4.739999999999999	-0.00232
4.739999999999999	-0.00019999999999999966
4.739999999999999	0.0022400000000000007
4.739999999999999	0.00848
4.739999999999999	0.009600000000000001
4.754999999999999	-0.00956
4.754999999999999	-0.00808
4.754999999999999	-0.00232
4.754999999999999	-0.0011599999999999996
4.754999999999999	-0.00019999999999999966
4.754999999999999	0.0022800000000000008
4.754999999999999	0.00852
4.754999999999999	0.009600000000000001
4.77	-0.00956
4.77	-0.00808
4.77	-0.00232
4.77	-0.0011599999999999996
4.77	-0.00019999999999999966
4.77	0.002320000000000001
4.77	0.00856
4.77	0.009600000000000001
4.784999999999999	-0.00956
4.784999999999999	-0.00808
4.784999999999999	-0.00232
4.784999999999999	-0.0011599999999999996
4.784999999999999	-0.00015999999999999971
4.784999999999999	0.0023200000000000004
4.784999999999999	0.00864
4.784999999999999	0.009600000000000001
4.8	-0.00956
4.8	-0.00808
4.8	-0.00232
4.8	-0.0011599999999999996
4.8	-0.00015999999999999971
4.8	0.00236
4.8	0.00868
4.8	0.009600000000000001
4.8149999999999995	-0.00956
4.8149999999999995	-0.00808
4.8149999999999995	-0.00232
4.8149999999999995	-0.0011599999999999996
4.8149999999999995	-0.00015999999999999971
4.8149999999999995	0.0024000000000000002
4.8149999999999995	0.00876
4.8149999999999995	0.009600000000000001
4.83	-0.00956
4.83	-0.00804
4.83	-0.00232
4.83	-0.0011599999999999996
4.83	-0.00015999999999999971
4.83	0.0024400000000000003
4.83	0.0088
4.83	0.009600000000000001
4.845	-0.00956
4.845	-0.00804
4.845	-0.00232
4.845	-0.0011599999999999996
4.845	-0.00015999999999999971
4.845	0.0024400000000000003
4.845	0.00888
4.845	0.009600000000000001
4.859999999999999	-0.009600000000000001
4.859999999999999	-0.00804
4.859999999999999	-0.00232
4.859999999999999	-0.0011599999999999996
4.859999999999999	-0.00015999999999999971
4.859999999999999	0.0024800000000000004
4.859999999999999	0.00892
4.859999999999999	0.009600000000000001
4.875	-0.009600000000000001
4.875	-0.00804
4.875	-0.00232
4.875	-0.0011599999999999996
4.875	-0.00015999999999999971
4.875	0.0025200000000000005
4.875	0.009000000000000001
4.875	0.009600000000000001
4.89	-0.009600000000000001
4.89	-0.00804
4.89	-0.0029999999999999996
4.89	-0.00232
4.89	-0.0011999999999999997
4.89	-0.00015999999999999971
4.89	0.0025200000000000005
4.89	0.00852
4.89	0.009040000000000001
4.89	0.009640000000000001
4.905	-0.009600000000000001
4.905	-0.00804
4.905	-0.0029999999999999996
4.905	-0.00232
4.905	-0.0011999999999999997
4.905	-0.00015999999999999971
4.905	0.0025600000000000006
4.905	0.00852
4.905	0.009080000000000001
4.905	0.009640000000000001
4.92	-0.009600000000000001
4.92	-0.008
4.92	-0.0029999999999999996
4.92	-0.00232
4.92	-0.0011999999999999997
4.92	-0.00015999999999999971
4.92	0.0026000000000000007
4.92	0.00852
4.92	0.00916
4.92	0.009640000000000001
4.935	-0.009600000000000001
4.935	-0.008
4.935	-0.0029999999999999996
4.935	-0.00232
4.935	-0.0011999999999999997
4.935	-0.0001199999999999998
4.935	0.002640000000000001
4.935	0.00852
4.935	0.0092
4.935	0.009640000000000001
4.949999999999999	-0.00964
4.949999999999999	-0.008
4.949999999999999	-0.0029999999999999996
4.949999999999999	-0.00232
4.949999999999999	-0.0011999999999999997
4.949999999999999	-0.0001199999999999998
4.949999999999999	0.002640000000000001
4.949999999999999	0.00852
4.949999999999999	0.00928
4.965	-0.00964
4.965	-0.008
4.965	-0.00232
4.965	-0.0011999999999999997
4.965	-0.0001199999999999998
4.965	0.0026800000000000005
4.965	0.00848
4.965	0.00932
4.9799999999999995	-0.00964
4.9799999999999995	-0.008
4.9799999999999995	-0.00232
4.9799999999999995	-0.0011999999999999997
4.9799999999999995	-0.0001199999999999998
4.9799999999999995	0.00272
4.9799999999999995	0.00848
4.9799999999999995	0.0094
4.994999999999999	-0.00964
4.994999999999999	-0.008
4.994999999999999	-0.00232
4.994999999999999	-0.0011999999999999997
4.994999999999999	-0.0001199999999999998
4.994999999999999	0.0027600000000000003
4.994999999999999	0.00848
4.994999999999999	0.00944
5.01	-0.00964
5.01	-0.00796
5.01	-0.00232
5.01	-0.0012399999999999998
5.01	-0.0001199999999999998
5.01	0.0027600000000000003
5.01	0.008480000000000001
5.01	0.00952
5.0249999999999995	-0.00964
5.0249999999999995	-0.00796
5.0249999999999995	-0.00232
5.0249999999999995	-0.0012399999999999998
5.0249999999999995	-0.0001199999999999998
5.0249999999999995	0.0028000000000000004
5.0249999999999995	0.008480000000000001
5.0249999999999995	0.00956
5.04	-0.00968
5.04	-0.00796
5.04	-0.00232
5.04	-0.0012399999999999998
5.04	-0.0001199999999999998
5.04	0.0028400000000000005
5.04	0.008480000000000001
5.04	0.009640000000000001
5.055	-0.00968
5.055	-0.00796
5.055	-0.00232
5.055	-0.0012399999999999998
5.055	-0.0001199999999999998
5.055	0.0028800000000000006
5.055	0.008480000000000001
5.055	0.009680000000000001
5.069999999999999	-0.00968
5.069999999999999	-0.00796
5.069999999999999	-0.00232
5.069999999999999	-0.0001199999999999998
5.069999999999999	0.0028800000000000006
5.069999999999999	0.008480000000000001
5.069999999999999	0.00976
5.084999999999999	-0.00968
5.084999999999999	-0.00796
5.084999999999999	-0.00232
5.084999999999999	-0.00007999999999999986
5.084999999999999	0.0029200000000000003
5.084999999999999	0.008440000000000001
5.084999999999999	0.0098
5.1	-0.00968
5.1	-0.00792
5.1	-0.00232
5.1	-0.00007999999999999986
5.1	0.00296
5.1	0.008440000000000001
5.1	0.00988
5.114999999999999	-0.00968
5.114999999999999	-0.00792
5.114999999999999	-0.00232
5.114999999999999	-0.00007999999999999986
5.114999999999999	0.003
5.114999999999999	0.008440000000000001
5.114999999999999	0.00992
5.129999999999999	-0.00972
5.129999999999999	-0.00792
5.129999999999999	-0.00232
5.129999999999999	-0.0016399999999999997
5.129999999999999	-0.00007999999999999986
5.129999999999999	0.003
5.129999999999999	0.008440000000000001
5.145	-0.00972
5.145	-0.00792
5.145	-0.00232
5.145	-0.0016399999999999997
5.145	-0.00007999999999999986
5.145	0.00304
5.145	0.008440000000000001
5.159999999999999	-0.009720000000000001
5.159999999999999	-0.00792
5.159999999999999	-0.00232
5.159999999999999	-0.0016399999999999997
5.159999999999999	-0.00007999999999999986
5.159999999999999	0.0030800000000000003
5.159999999999999	0.008440000000000001
5.175	-0.009720000000000001
5.175	-0.00788
5.175	-0.00232
5.175	-0.0016399999999999997
5.175	-0.00007999999999999986
5.175	0.0031200000000000004
5.175	0.008440000000000001
5.1899999999999995	-0.009720000000000001
5.1899999999999995	-0.00788
5.1899999999999995	-0.00232
5.1899999999999995	-0.0015999999999999999
5.1899999999999995	-0.00007999999999999986
5.1899999999999995	0.0031200000000000004
5.1899999999999995	0.008400000000000001
5.1899999999999995	0.00968
5.204999999999999	-0.009720000000000001
5.204999999999999	-0.00788
5.204999999999999	-0.00232
5.204999999999999	-0.0015999999999999999
5.204999999999999	-0.00007999999999999986
5.204999999999999	0.0031600000000000005
5.204999999999999	0.008400000000000001
5.204999999999999	0.00972
5.219999999999999	-0.009760000000000001
5.219999999999999	-0.00788
5.219999999999999	-0.00232
5.219999999999999	-0.0015999999999999999
5.219999999999999	-0.00008000000000000021
5.219999999999999	0.0032000000000000006
5.219999999999999	0.008400000000000001
5.219999999999999	0.00972
5.234999999999999	-0.009760000000000001
5.234999999999999	-0.00788
5.234999999999999	-0.00232
5.234999999999999	-0.0015999999999999999
5.234999999999999	-0.000040000000000000105
5.234999999999999	0.0032400000000000007
5.234999999999999	0.008400000000000001
5.234999999999999	0.00972
5.249999999999999	-0.009760000000000001
5.249999999999999	-0.00784
5.249999999999999	-0.0031600000000000005
5.249999999999999	-0.00232
5.249999999999999	-0.0015999999999999999
5.249999999999999	-0.000040000000000000105
5.249999999999999	0.0032400000000000007
5.249999999999999	0.008400000000000001
5.249999999999999	0.00972
5.264999999999999	-0.009760000000000001
5.264999999999999	-0.00784
5.264999999999999	-0.0031600000000000005
5.264999999999999	-0.00232
5.264999999999999	-0.0015999999999999999
5.264999999999999	-0.000040000000000000105
5.264999999999999	0.0032800000000000004
5.264999999999999	0.008400000000000001
5.264999999999999	0.00972
5.279999999999999	-0.009760000000000001
5.279999999999999	-0.00784
5.279999999999999	-0.0032
5.279999999999999	-0.00232
5.279999999999999	-0.0015999999999999999
5.279999999999999	-0.000040000000000000105
5.279999999999999	0.00332
5.279999999999999	0.008400000000000001
5.279999999999999	0.00972
5.294999999999999	-0.009760000000000001
5.294999999999999	-0.00784
5.294999999999999	-0.0032
5.294999999999999	-0.00232
5.294999999999999	-0.00156
5.294999999999999	-0.000040000000000000105
5.294999999999999	0.00336
5.294999999999999	0.008360000000000001
5.294999999999999	0.00972
5.31	-0.0098
5.31	-0.00784
5.31	-0.0032
5.31	-0.00232
5.31	-0.00156
5.31	-0.000040000000000000105
5.31	0.0034000000000000002
5.31	0.008360000000000001
5.31	0.00972
5.324999999999999	-0.0098
5.324999999999999	-0.0078
5.324999999999999	-0.0032
5.324999999999999	-0.00232
5.324999999999999	-0.00156
5.324999999999999	-0.000040000000000000105
5.324999999999999	0.0034000000000000002
5.324999999999999	0.008360000000000001
5.324999999999999	0.00972
5.34	-0.0098
5.34	-0.0078
5.34	-0.00324
5.34	-0.00232
5.34	-0.00156
5.34	-0.000040000000000000105
5.34	0.0034400000000000003
5.34	0.008360000000000001
5.34	0.00972
5.3549999999999995	-0.0098
5.3549999999999995	-0.0078
5.3549999999999995	-0.00324
5.3549999999999995	-0.00232
5.3549999999999995	-0.00156
5.3549999999999995	0.
5.3549999999999995	0.0034800000000000005
5.3549999999999995	0.008360000000000001
5.3549999999999995	0.00972
5.37	-0.0098
5.37	-0.0078
5.37	-0.00232
5.37	-0.00156
5.37	0.
5.37	0.0035200000000000006
5.37	0.008360000000000001
5.37	0.00976
5.385	-0.0098
5.385	-0.00776
5.385	-0.00232
5.385	-0.00156
5.385	0.
5.385	0.0035200000000000006
5.385	0.008320000000000001
5.385	0.00976
5.3999999999999995	-0.00984
5.3999999999999995	-0.00776
5.3999999999999995	-0.00232
5.3999999999999995	-0.00152
5.3999999999999995	0.
5.3999999999999995	0.0035600000000000007
5.3999999999999995	0.008320000000000001
5.3999999999999995	0.00976
5.415	-0.00984
5.415	-0.00776
5.415	-0.00232
5.415	-0.00152
5.415	0.
5.415	0.0036000000000000008
5.415	0.008320000000000001
5.415	0.00976
5.43	-0.00984
5.43	-0.00776
5.43	-0.00232
5.43	0.
5.43	0.003640000000000001
5.43	0.008320000000000001
5.43	0.00976
5.445	-0.00984
5.445	-0.00776
5.445	-0.00232
5.445	-0.0015199999999999992
5.445	0.
5.445	0.003680000000000001
5.445	0.008320000000000001
5.445	0.00976
5.46	-0.00984
5.46	-0.00772
5.46	-0.00232
5.46	-0.0015199999999999992
5.46	0.
5.46	0.003680000000000001
5.46	0.008320000000000001
5.46	0.00976
5.475	-0.00988
5.475	-0.00772
5.475	-0.00232
5.475	-0.0015199999999999992
5.475	0.000040000000000000105
5.475	0.00372
5.475	0.008320000000000001
5.475	0.00976
5.489999999999999	-0.00988
5.489999999999999	-0.00772
5.489999999999999	-0.00232
5.489999999999999	-0.0015199999999999992
5.489999999999999	0.000040000000000000105
5.489999999999999	0.0037600000000000008
5.489999999999999	0.00828
5.489999999999999	0.00976
5.505	-0.00988
5.505	-0.007719999999999999
5.505	-0.00232
5.505	-0.0014799999999999991
5.505	0.000040000000000000105
5.505	0.0038000000000000004
5.505	0.00828
5.505	0.0098
5.52	-0.00988
5.52	-0.007679999999999999
5.52	-0.00232
5.52	-0.0014799999999999991
5.52	0.000040000000000000105
5.52	0.0038000000000000004
5.52	0.00828
5.52	0.0098
5.534999999999999	-0.00988
5.534999999999999	-0.007679999999999999
5.534999999999999	-0.00232
5.534999999999999	-0.0014799999999999991
5.534999999999999	0.000040000000000000105
5.534999999999999	0.0038400000000000005
5.534999999999999	0.00828
5.534999999999999	0.0098
5.55	-0.00988
5.55	-0.007679999999999999
5.55	-0.00232
5.55	-0.0014799999999999991
5.55	0.000040000000000000105
5.55	0.00388
5.55	0.00828
5.55	0.0098
5.5649999999999995	-0.009920000000000002
5.5649999999999995	-0.007679999999999999
5.5649999999999995	-0.0033599999999999997
5.5649999999999995	-0.00232
5.5649999999999995	-0.0013999999999999993
5.5649999999999995	0.000040000000000000105
5.5649999999999995	0.003920000000000002
5.5649999999999995	0.00828
5.5649999999999995	0.0098
5.58	-0.009920000000000002
5.58	-0.007639999999999999
5.58	-0.0034
5.58	-0.00232
5.58	-0.0014799999999999991
5.58	0.000040000000000000105
5.58	0.003960000000000001
5.58	0.00824
5.58	0.0098
5.595	-0.007639999999999999
5.595	-0.0034
5.595	-0.00232
5.595	-0.0014399999999999992
5.595	0.00008000000000000021
5.595	0.003960000000000001
5.595	0.00824
5.595	0.0098
5.609999999999999	-0.007639999999999999
5.609999999999999	-0.0034
5.609999999999999	-0.00232
5.609999999999999	-0.0014399999999999992
5.609999999999999	0.00008000000000000021
5.609999999999999	0.004000000000000001
5.609999999999999	0.00824
5.609999999999999	0.0098
5.624999999999999	-0.007639999999999999
5.624999999999999	-0.0034
5.624999999999999	-0.00232
5.624999999999999	-0.0014399999999999992
5.624999999999999	0.00008000000000000021
5.624999999999999	0.00404
5.624999999999999	0.00824
5.624999999999999	0.0098
5.64	-0.0076
5.64	-0.00344
5.64	-0.00232
5.64	-0.0014399999999999992
5.64	0.00008000000000000021
5.64	0.004080000000000001
5.64	0.00824
5.64	0.00984
5.654999999999999	-0.0076
5.654999999999999	-0.00344
5.654999999999999	-0.00232
5.654999999999999	-0.0014399999999999992
5.654999999999999	0.00008000000000000021
5.654999999999999	0.00412
5.654999999999999	0.00824
5.654999999999999	0.00984
5.669999999999999	-0.0076
5.669999999999999	-0.00344
5.669999999999999	-0.00232
5.669999999999999	-0.0014399999999999992
5.669999999999999	0.00008000000000000021
5.669999999999999	0.00412
5.669999999999999	0.0082
5.669999999999999	0.00984
5.685	-0.0076
5.685	-0.00232
5.685	-0.0014399999999999992
5.685	0.00008000000000000021
5.685	0.0041600000000000005
5.685	0.0082
5.685	0.00984
5.699999999999999	-0.00756
5.699999999999999	-0.00232
5.699999999999999	-0.0014399999999999992
5.699999999999999	0.00008000000000000021
5.699999999999999	0.004200000000000001
5.699999999999999	0.0082
5.699999999999999	0.00984
5.715	-0.00756
5.715	-0.00232
5.715	-0.0014399999999999992
5.715	0.00012000000000000031
5.715	0.004240000000000001
5.715	0.0082
5.715	0.00984
5.7299999999999995	-0.00756
5.7299999999999995	-0.00232
5.7299999999999995	-0.0013999999999999993
5.7299999999999995	0.00012000000000000031
5.7299999999999995	0.004280000000000001
5.7299999999999995	0.0082
5.7299999999999995	0.00984
5.744999999999999	-0.007520000000000001
5.744999999999999	-0.00232
5.744999999999999	-0.0013999999999999993
5.744999999999999	0.00012000000000000031
5.744999999999999	0.004280000000000001
5.744999999999999	0.0082
5.744999999999999	0.00984
5.759999999999999	-0.007520000000000001
5.759999999999999	-0.00232
5.759999999999999	-0.0014799999999999991
5.759999999999999	0.00012000000000000031
5.759999999999999	0.00432
5.759999999999999	0.00816
5.759999999999999	0.00984
5.7749999999999995	-0.007520000000000001
5.7749999999999995	-0.00232
5.7749999999999995	-0.0014799999999999991
5.7749999999999995	0.00012000000000000031
5.7749999999999995	0.00436
5.7749999999999995	0.00816
5.7749999999999995	0.00988
5.789999999999999	-0.007520000000000001
5.789999999999999	-0.00232
5.789999999999999	-0.0014799999999999991
5.789999999999999	0.00012000000000000031
5.789999999999999	0.0044
5.789999999999999	0.00816
5.789999999999999	0.00988
5.804999999999999	-0.0074800000000000005
5.804999999999999	-0.00232
5.804999999999999	-0.0014799999999999991
5.804999999999999	0.00016000000000000042
5.804999999999999	0.00444
5.804999999999999	0.00816
5.804999999999999	0.00988
5.819999999999999	-0.0074800000000000005
5.819999999999999	-0.00356
5.819999999999999	-0.00232
5.819999999999999	-0.0013599999999999994
5.819999999999999	0.00016000000000000042
5.819999999999999	0.00444
5.819999999999999	0.00816
5.819999999999999	0.00988
5.834999999999999	-0.0074800000000000005
5.834999999999999	-0.00356
5.834999999999999	-0.00232
5.834999999999999	-0.0013599999999999994
5.834999999999999	0.00016000000000000042
5.834999999999999	0.00448
5.834999999999999	0.00812
5.834999999999999	0.00988
5.85	-0.0074399999999999996
5.85	-0.0036
5.85	-0.00232
5.85	-0.0015199999999999992
5.85	0.00016000000000000042
5.85	0.0045200000000000014
5.85	0.00812
5.85	0.00988
5.864999999999999	-0.0074399999999999996
5.864999999999999	-0.0036
5.864999999999999	-0.00232
5.864999999999999	0.00016000000000000042
5.864999999999999	0.004560000000000001
5.864999999999999	0.00812
5.864999999999999	0.00988
5.88	-0.0074399999999999996
5.88	-0.0036
5.88	-0.00232
5.88	0.00016000000000000042
5.88	0.004600000000000001
5.88	0.00812
5.88	0.00988
5.895	-0.0074
5.895	-0.00364
5.895	-0.00232
5.895	0.00016000000000000042
5.895	0.004600000000000001
5.895	0.00812
5.895	0.00988
5.91	-0.0074
5.91	-0.00364
5.91	-0.00232
5.91	-0.00152
5.91	0.00020000000000000052
5.91	0.004640000000000001
5.91	0.00812
5.91	0.00992
5.925	-0.0074
5.925	-0.00364
5.925	-0.00232
5.925	-0.00156
5.925	0.00020000000000000052
5.925	0.004680000000000001
5.925	0.00808
5.925	0.00992
5.9399999999999995	-0.00736
5.9399999999999995	-0.00368
5.9399999999999995	-0.00232
5.9399999999999995	-0.00156
5.9399999999999995	0.00020000000000000052
5.9399999999999995	0.00472
5.9399999999999995	0.00808
5.955	-0.00736
5.955	-0.00232
5.955	-0.00156
5.955	0.00020000000000000052
5.955	0.00476
5.955	0.00808
5.97	-0.00736
5.97	-0.00232
5.97	-0.00156
5.97	0.00020000000000000052
5.97	0.00476
5.97	0.00808
5.985	-0.00732
5.985	-0.00232
5.985	-0.00156
5.985	0.00020000000000000052
5.985	0.0048000000000000004
5.985	0.00808
6.	-0.00732
6.	-0.00232
6.	-0.00156
6.	0.00024000000000000063
6.	0.0048400000000000006
6.	0.00804