0.05	-0.010948
0.05	-0.010888
0.05	-0.010827999999999999
0.05	-0.010768
0.05	-0.010707999999999999
0.05	-0.010651999999999998
0.05	-0.010476
0.05	-0.010416
0.05	-0.010359999999999998
0.05	-0.0103
0.05	-0.010244
0.05	-0.010183999999999999
0.05	-0.010128
0.05	-0.009956
0.05	-0.009899999999999999
0.05	-0.009843999999999999
0.05	-0.009788
0.05	-0.009671999999999998
0.05	-0.009616
0.05	-0.009564
0.05	-0.009507999999999999
0.05	-0.009395999999999998
0.05	-0.009339999999999998
0.05	-0.009283999999999999
0.05	-0.009176
0.05	-0.00912
0.05	-0.009068
0.05	-0.00896
0.05	-0.008903999999999999
0.05	-0.008799999999999999
0.05	-0.008747999999999999
0.05	-0.008639999999999998
0.05	-0.008588
0.05	-0.008535999999999998
0.05	-0.008483999999999998
0.05	-0.008379999999999999
0.05	-0.008276
0.05	-0.008228
0.05	-0.008176
0.05	-0.008124
0.05	-0.008076
0.05	-0.008024
0.05	-0.007976
0.05	-0.007923999999999999
0.05	-0.007876
0.05	-0.007828
0.05	-0.007776
0.05	-0.007679999999999999
0.05	-0.007583999999999999
0.05	-0.007535999999999998
0.05	-0.0074399999999999996
0.05	-0.007347999999999999
0.05	-0.007299999999999999
0.05	-0.007159999999999999
0.05	-0.007115999999999999
0.05	-0.007024
0.05	-0.006979999999999999
0.05	-0.0069359999999999995
0.05	-0.006803999999999999
0.05	-0.006759999999999999
0.05	-0.006716
0.05	-0.006675999999999999
0.05	-0.006463999999999999
0.05	-0.006423999999999999
0.05	-0.006383999999999999
0.05	-0.006339999999999999
0.05	-0.006299999999999999
0.05	-0.006259999999999999
0.05	-0.006219999999999999
0.05	-0.006179999999999999
0.05	-0.006143999999999998
0.05	-0.005915999999999999
0.05	-0.005879999999999999
0.05	-0.005735999999999999
0.05	-0.0056999999999999985
0.05	-0.005599999999999999
0.05	-0.005499999999999999
0.05	-0.005139999999999999
0.05	-0.004999999999999999
0.05	-0.004819999999999999
0.05	-0.0047199999999999985
0.05	-0.004559999999999999
0.05	-0.003964
0.05	0.004988000000000002
0.05	0.0050760000000000015
0.05	0.005968000000000003
0.05	0.006400000000000003
0.05	0.007360000000000002
0.05	0.007460000000000001
0.05	0.007564000000000003
0.05	0.007596000000000003
0.05	0.0077040000000000025
0.05	0.007740000000000002
0.05	0.0077760000000000025
0.05	0.007964000000000002
0.05	0.008000000000000002
0.05	0.008040000000000002
0.05	0.008080000000000002
0.05	0.008120000000000002
0.05	0.008160000000000002
0.05	0.008200000000000002
0.05	0.008240000000000003
0.05	0.008280000000000003
0.05	0.008320000000000003
0.05	0.008360000000000003
0.05	0.008404000000000003
0.05	0.008444000000000004
0.05	0.008656000000000002
0.05	0.008700000000000003
0.05	0.008744000000000004
0.05	0.008876000000000004
0.05	0.008920000000000003
0.05	0.009056000000000003
0.05	0.009104000000000003
0.05	0.009196000000000001
0.05	0.009244000000000002
0.05	0.009336000000000002
0.05	0.009384000000000003
0.05	0.009480000000000002
0.05	0.009576000000000001
0.05	0.009624000000000002
0.05	0.009724000000000002
0.05	0.009820000000000002
0.05	0.009920000000000002
0.05	0.010020000000000003
0.05	0.010124000000000003
0.05	0.010224000000000002
0.05	0.010276000000000002
0.05	0.010328000000000002
0.05	0.010380000000000002
0.05	0.010484000000000004
0.05	0.010536000000000002
0.05	0.010588000000000004
0.05	0.010640000000000002
0.05	0.010696000000000002
0.05	0.010748000000000002
0.05	0.010800000000000002
0.05	0.010856000000000001
0.05	0.010908000000000003
0.05	0.010964000000000003
0.05	0.011016000000000001
0.05	0.011124000000000004
0.05	0.011180000000000002
0.05	0.011236000000000001
0.05	0.011344000000000003
0.05	0.011400000000000002
0.05	0.011456000000000003
0.05	0.011568000000000004
0.05	0.011624
0.05	0.011680000000000003
0.05	0.011736000000000002
0.05	0.011792000000000002
0.05	0.011908000000000004
0.05	0.011964000000000002
0.1	-0.010912
0.1	-0.010792
0.1	-0.010676
0.1	-0.010556
0.1	-0.010439999999999998
0.1	-0.010324
0.1	-0.010208
0.1	-0.010095999999999999
0.1	-0.00998
0.1	-0.009868
0.1	-0.009755999999999997
0.1	-0.009644
0.1	-0.009531999999999999
0.1	-0.009423999999999998
0.1	-0.009311999999999999
0.1	-0.009203999999999999
0.1	-0.009096
0.1	-0.008988
0.1	-0.008879999999999999
0.1	-0.008771999999999999
0.1	-0.008667999999999999
0.1	-0.008563999999999999
0.1	-0.008459999999999999
0.1	-0.008355999999999999
0.1	-0.008256
0.1	-0.008156
0.1	-0.008051999999999998
0.1	-0.007956
0.1	-0.007855999999999998
0.1	-0.007759999999999999
0.1	-0.007659999999999999
0.1	-0.007563999999999999
0.1	-0.007471999999999998
0.1	-0.007375999999999999
0.1	-0.007283999999999999
0.1	-0.007191999999999999
0.1	-0.007099999999999999
0.1	-0.007011999999999999
0.1	-0.006924
0.1	-0.006835999999999999
0.1	-0.0067519999999999985
0.1	-0.006663999999999999
0.1	-0.006579999999999999
0.1	-0.006499999999999999
0.1	-0.006415999999999998
0.1	-0.006336
0.1	-0.006255999999999999
0.1	-0.006179999999999999
0.1	-0.006103999999999998
0.1	-0.0060279999999999995
0.1	-0.005955999999999999
0.1	-0.005883999999999999
0.1	-0.0058119999999999995
0.1	-0.005743999999999998
0.1	-0.005604
0.1	-0.005539999999999999
0.1	-0.005479999999999999
0.1	-0.005419999999999999
0.1	-0.0053599999999999984
0.1	-0.005299999999999999
0.1	-0.005243999999999999
0.1	-0.005139999999999999
0.1	-0.004999999999999999
0.1	-0.004875999999999999
0.1	-0.004823999999999999
0.1	-0.0047719999999999985
0.1	-0.0047199999999999985
0.1	-0.004671999999999999
0.1	-0.004623999999999999
0.1	-0.004579999999999999
0.1	-0.004535999999999999
0.1	-0.004375999999999999
0.1	-0.004339999999999998
0.1	-0.004139999999999999
0.1	-0.003964
0.1	0.0049720000000000025
0.1	0.005036000000000003
0.1	0.005100000000000002
0.1	0.005300000000000003
0.1	0.005640000000000003
0.1	0.005976000000000003
0.1	0.006336000000000003
0.1	0.006660000000000003
0.1	0.0067560000000000025
0.1	0.006808000000000003
0.1	0.0068600000000000015
0.1	0.006912000000000003
0.1	0.006968000000000004
0.1	0.0070240000000000025
0.1	0.007084000000000003
0.1	0.007144000000000003
0.1	0.007204000000000002
0.1	0.007268000000000002
0.1	0.007332000000000003
0.1	0.007396000000000002
0.1	0.007464000000000001
0.1	0.007532000000000002
0.1	0.007604000000000002
0.1	0.007676000000000002
0.1	0.007748000000000002
0.1	0.007820000000000002
0.1	0.007896000000000004
0.1	0.007972000000000003
0.1	0.008052
0.1	0.008132000000000002
0.1	0.008212000000000002
0.1	0.008292000000000002
0.1	0.008376000000000003
0.1	0.008460000000000002
0.1	0.008544000000000001
0.1	0.008632000000000003
0.1	0.008716000000000002
0.1	0.008804000000000003
0.1	0.008896000000000001
0.1	0.008984000000000002
0.1	0.009076000000000004
0.1	0.009168
0.1	0.009264000000000003
0.1	0.009356000000000001
0.1	0.009452000000000004
0.1	0.009548000000000003
0.1	0.009648000000000002
0.1	0.009744000000000003
0.1	0.009844000000000002
0.1	0.009944000000000003
0.1	0.010048000000000003
0.1	0.010148000000000003
0.1	0.010252000000000002
0.1	0.010356000000000002
0.1	0.010460000000000002
0.1	0.010564
0.1	0.010668000000000002
0.1	0.010776000000000003
0.1	0.010884000000000001
0.1	0.010992000000000002
0.1	0.011100000000000002
0.1	0.011212000000000001
0.1	0.011320000000000002
0.1	0.011432000000000003
0.1	0.011544000000000002
0.1	0.011656000000000003
0.1	0.011768000000000004
0.1	0.011884000000000002
0.15000000000000002	-0.010816
0.15000000000000002	-0.01064
0.15000000000000002	-0.010464
0.15000000000000002	-0.010291999999999999
0.15000000000000002	-0.01012
0.15000000000000002	-0.009951999999999999
0.15000000000000002	-0.00978
0.15000000000000002	-0.009616
0.15000000000000002	-0.009448
0.15000000000000002	-0.009283999999999999
0.15000000000000002	-0.00912
0.15000000000000002	-0.00896
0.15000000000000002	-0.008799999999999999
0.15000000000000002	-0.008643999999999999
0.15000000000000002	-0.008487999999999999
0.15000000000000002	-0.008336
0.15000000000000002	-0.008184
0.15000000000000002	-0.008032
0.15000000000000002	-0.007883999999999999
0.15000000000000002	-0.0077399999999999995
0.15000000000000002	-0.007595999999999999
0.15000000000000002	-0.0074519999999999986
0.15000000000000002	-0.007311999999999999
0.15000000000000002	-0.007175999999999999
0.15000000000000002	-0.007043999999999999
0.15000000000000002	-0.006911999999999999
0.15000000000000002	-0.006783999999999998
0.15000000000000002	-0.006656
0.15000000000000002	-0.006531999999999999
0.15000000000000002	-0.006411999999999998
0.15000000000000002	-0.006291999999999999
0.15000000000000002	-0.006175999999999999
0.15000000000000002	-0.006063999999999998
0.15000000000000002	-0.005955999999999999
0.15000000000000002	-0.005851999999999999
0.15000000000000002	-0.005747999999999999
0.15000000000000002	-0.0056479999999999985
0.15000000000000002	-0.005551999999999999
0.15000000000000002	-0.005459999999999999
0.15000000000000002	-0.005375999999999999
0.15000000000000002	-0.005292
0.15000000000000002	-0.005143999999999998
0.15000000000000002	-0.005079999999999999
0.15000000000000002	-0.004999999999999999
0.15000000000000002	-0.004899999999999999
0.15000000000000002	-0.004823999999999999
0.15000000000000002	-0.004743999999999998
0.15000000000000002	-0.004667999999999999
0.15000000000000002	-0.0045959999999999985
0.15000000000000002	-0.004527999999999999
0.15000000000000002	-0.004463999999999998
0.15000000000000002	-0.0043999999999999985
0.15000000000000002	-0.004343999999999999
0.15000000000000002	-0.004291999999999999
0.15000000000000002	-0.0042439999999999995
0.15000000000000002	-0.004199999999999999
0.15000000000000002	-0.004159999999999999
0.15000000000000002	-0.003959999999999999
0.15000000000000002	0.004980000000000002
0.15000000000000002	0.005020000000000002
0.15000000000000002	0.005124000000000002
0.15000000000000002	0.005340000000000003
0.15000000000000002	0.005696000000000001
0.15000000000000002	0.005972000000000003
0.15000000000000002	0.006028000000000001
0.15000000000000002	0.006100000000000001
0.15000000000000002	0.006344000000000002
0.15000000000000002	0.006396000000000003
0.15000000000000002	0.006456000000000002
0.15000000000000002	0.006516000000000003
0.15000000000000002	0.006584000000000002
0.15000000000000002	0.0066520000000000025
0.15000000000000002	0.0067240000000000025
0.15000000000000002	0.006804000000000002
0.15000000000000002	0.006884000000000003
0.15000000000000002	0.006968000000000004
0.15000000000000002	0.0070560000000000015
0.15000000000000002	0.007144000000000003
0.15000000000000002	0.007240000000000002
0.15000000000000002	0.007336000000000004
0.15000000000000002	0.0074360000000000025
0.15000000000000002	0.007536000000000001
0.15000000000000002	0.007644000000000003
0.15000000000000002	0.007752000000000004
0.15000000000000002	0.007868000000000003
0.15000000000000002	0.007984000000000002
0.15000000000000002	0.008100000000000003
0.15000000000000002	0.008224
0.15000000000000002	0.008348000000000003
0.15000000000000002	0.008472000000000002
0.15000000000000002	0.008604000000000002
0.15000000000000002	0.008732000000000002
0.15000000000000002	0.008868000000000003
0.15000000000000002	0.009004000000000003
0.15000000000000002	0.009140000000000002
0.15000000000000002	0.009280000000000002
0.15000000000000002	0.009424000000000004
0.15000000000000002	0.009572000000000002
0.15000000000000002	0.009720000000000003
0.15000000000000002	0.009868000000000004
0.15000000000000002	0.010020000000000003
0.15000000000000002	0.010172000000000002
0.15000000000000002	0.010328000000000002
0.15000000000000002	0.010484000000000004
0.15000000000000002	0.010644000000000002
0.15000000000000002	0.010804000000000003
0.15000000000000002	0.010964000000000003
0.15000000000000002	0.011128000000000002
0.15000000000000002	0.011296000000000004
0.15000000000000002	0.011464000000000004
0.15000000000000002	0.011632000000000002
0.15000000000000002	0.011800000000000003
0.15000000000000002	0.011972000000000002
0.2	-0.010960000000000001
0.2	-0.010724000000000001
0.2	-0.010491999999999998
0.2	-0.010259999999999998
0.2	-0.010032
0.2	-0.009807999999999999
0.2	-0.009583999999999999
0.2	-0.009364
0.2	-0.009148
0.2	-0.008931999999999999
0.2	-0.008719999999999999
0.2	-0.008516
0.2	-0.008311999999999998
0.2	-0.008112
0.2	-0.007916
0.2	-0.0077199999999999986
0.2	-0.007532
0.2	-0.007343999999999999
0.2	-0.0071639999999999985
0.2	-0.006987999999999999
0.2	-0.006815999999999998
0.2	-0.006647999999999999
0.2	-0.0064839999999999984
0.2	-0.006323999999999999
0.2	-0.006175999999999999
0.2	-0.006031999999999999
0.2	-0.005887999999999999
0.2	-0.005751999999999998
0.2	-0.005619999999999999
0.2	-0.005503999999999999
0.2	-0.005391999999999999
0.2	-0.005279999999999999
0.2	-0.005183999999999999
0.2	-0.004999999999999999
0.2	-0.004959999999999999
0.2	-0.004763999999999999
0.2	-0.004659999999999999
0.2	-0.004559999999999999
0.2	-0.004467999999999998
0.2	-0.004383999999999998
0.2	-0.004307999999999999
0.2	-0.004239999999999999
0.2	-0.004179999999999999
0.2	-0.004127999999999998
0.2	-0.004083999999999999
0.2	-0.004015999999999999
0.2	-0.003964
0.2	0.004976000000000002
0.2	0.005036000000000003
0.2	0.005156000000000002
0.2	0.005392000000000003
0.2	0.005760000000000001
0.2	0.005976000000000003
0.2	0.006060000000000003
0.2	0.006096000000000002
0.2	0.006140000000000001
0.2	0.006252000000000002
0.2	0.006316000000000002
0.2	0.0063840000000000025
0.2	0.006464000000000003
0.2	0.006548000000000003
0.2	0.006644000000000002
0.2	0.006744000000000003
0.2	0.006848000000000002
0.2	0.006964000000000003
0.2	0.007084000000000003
0.2	0.007208000000000001
0.2	0.007336000000000004
0.2	0.007472000000000002
0.2	0.0076120000000000024
0.2	0.007760000000000003
0.2	0.007912
0.2	0.008068000000000002
0.2	0.008232000000000001
0.2	0.008400000000000003
0.2	0.008572000000000001
0.2	0.008748000000000002
0.2	0.008928000000000002
0.2	0.009112000000000004
0.2	0.009300000000000003
0.2	0.009492000000000002
0.2	0.009688000000000004
0.2	0.009892000000000001
0.2	0.010096000000000003
0.2	0.010300000000000002
0.2	0.010512000000000002
0.2	0.010724000000000003
0.2	0.010940000000000002
0.2	0.011160000000000003
0.2	0.011380000000000003
0.2	0.011604000000000003
0.2	0.011832000000000004
0.25	-0.010924
0.25	-0.010631999999999999
0.25	-0.010343999999999999
0.25	-0.01006
0.25	-0.00978
0.25	-0.009499999999999998
0.25	-0.009228
0.25	-0.00896
0.25	-0.008695999999999999
0.25	-0.008443999999999998
0.25	-0.008192
0.25	-0.007943999999999998
0.25	-0.007704
0.25	-0.007467999999999998
0.25	-0.007239999999999999
0.25	-0.007019999999999999
0.25	-0.006807999999999999
0.25	-0.006599999999999999
0.25	-0.0063999999999999994
0.25	-0.006211999999999999
0.25	-0.006031999999999999
0.25	-0.005859999999999999
0.25	-0.005691999999999999
0.25	-0.005543999999999999
0.25	-0.005407999999999999
0.25	-0.005271999999999999
0.25	-0.005167999999999999
0.25	-0.004999999999999999
0.25	-0.004751999999999998
0.25	-0.004619999999999999
0.25	-0.004495999999999998
0.25	-0.004383999999999998
0.25	-0.004283999999999999
0.25	-0.004199999999999999
0.25	-0.004127999999999998
0.25	-0.004067999999999999
0.25	-0.004023999999999998
0.25	-0.0039559999999999994
0.25	0.004976000000000002
0.25	0.005056000000000002
0.25	0.0051920000000000004
0.25	0.005448000000000003
0.25	0.005828000000000002
0.25	0.0060040000000000015
0.25	0.006040000000000002
0.25	0.006088000000000001
0.25	0.006148000000000002
0.25	0.006220000000000002
0.25	0.006300000000000002
0.25	0.006392000000000004
0.25	0.006496000000000002
0.25	0.006608000000000001
0.25	0.006732000000000004
0.25	0.006868000000000002
0.25	0.007016000000000003
0.25	0.007172000000000003
0.25	0.007340000000000003
0.25	0.007512000000000002
0.25	0.007692000000000002
0.25	0.007880000000000002
0.25	0.008076000000000003
0.25	0.008284000000000003
0.25	0.008500000000000002
0.25	0.008720000000000002
0.25	0.008944000000000002
0.25	0.009176000000000002
0.25	0.009416000000000002
0.25	0.009660000000000002
0.25	0.009912
0.25	0.010168000000000002
0.25	0.010432000000000002
0.25	0.010700000000000003
0.25	0.010968000000000002
0.25	0.011244
0.25	0.011524000000000003
0.25	0.011808000000000003
0.3	-0.010888
0.3	-0.01054
0.3	-0.0102
0.3	-0.00986
0.3	-0.009528
0.3	-0.0092
0.3	-0.008879999999999999
0.3	-0.008572
0.3	-0.008271999999999998
0.3	-0.007971999999999998
0.3	-0.007683999999999999
0.3	-0.007403999999999999
0.3	-0.007139999999999999
0.3	-0.006883999999999999
0.3	-0.006631999999999999
0.3	-0.006395999999999999
0.3	-0.006175999999999999
0.3	-0.005963999999999999
0.3	-0.005759999999999999
0.3	-0.005583999999999999
0.3	-0.005423999999999998
0.3	-0.005267999999999999
0.3	-0.005155999999999999
0.3	-0.004999999999999999
0.3	-0.004791999999999999
0.3	-0.004623999999999999
0.3	-0.004467999999999998
0.3	-0.004335999999999999
0.3	-0.004219999999999999
0.3	-0.004123999999999998
0.3	-0.003995999999999999
0.3	-0.003964
0.3	0.004976000000000002
0.3	0.005084000000000001
0.3	0.005236000000000002
0.3	0.005512000000000001
0.3	0.005904000000000002
0.3	0.006012000000000002
0.3	0.006068000000000002
0.3	0.006148000000000002
0.3	0.006244000000000002
0.3	0.006356000000000003
0.3	0.006484000000000001
0.3	0.006620000000000003
0.3	0.006776000000000002
0.3	0.006944000000000001
0.3	0.007136000000000002
0.3	0.007336000000000004
0.3	0.007548000000000002
0.3	0.007772000000000003
0.3	0.008004000000000002
0.3	0.008248000000000002
0.3	0.008508000000000003
0.3	0.008780000000000003
0.3	0.009056000000000003
0.3	0.009340000000000003
0.3	0.009628000000000001
0.3	0.009932000000000002
0.3	0.010244000000000003
0.3	0.010564
0.3	0.010888000000000004
0.3	0.011216000000000002
0.3	0.011552000000000003
0.3	0.011892000000000003
0.35	-0.01074
0.35	-0.010339999999999998
0.35	-0.009944
0.35	-0.009552
0.35	-0.009172
0.35	-0.008808
0.35	-0.008452
0.35	-0.0081
0.35	-0.007759999999999999
0.35	-0.0074399999999999996
0.35	-0.0071319999999999995
0.35	-0.0068319999999999995
0.35	-0.006543999999999999
0.35	-0.006284
0.35	-0.0060399999999999985
0.35	-0.005799999999999999
0.35	-0.005599999999999999
0.35	-0.005407999999999999
0.35	-0.005251999999999999
0.35	-0.005115999999999998
0.35	-0.004999999999999999
0.35	-0.004855999999999999
0.35	-0.004647999999999999
0.35	-0.004459999999999999
0.35	-0.0042959999999999995
0.35	-0.004163999999999999
0.35	-0.0040599999999999985
0.35	-0.004019999999999999
0.35	0.004980000000000002
0.35	0.005116000000000001
0.35	0.005292000000000003
0.35	0.005592000000000002
0.35	0.005984000000000002
0.35	0.006080000000000002
0.35	0.006192000000000001
0.35	0.006328000000000003
0.35	0.0064880000000000024
0.35	0.006660000000000003
0.35	0.006848000000000002
0.35	0.007060000000000002
0.35	0.007296000000000002
0.35	0.007548000000000002
0.35	0.007816000000000002
0.35	0.008092000000000002
0.35	0.008384000000000003
0.35	0.008696000000000004
0.35	0.009024
0.35	0.009356000000000001
0.35	0.009700000000000002
0.35	0.010056000000000004
0.35	0.010424000000000003
0.35	0.010804000000000003
0.35	0.011188000000000002
0.35	0.011580000000000002
0.35	0.011980000000000003
0.4	-0.010823999999999999
0.4	-0.010363999999999998
0.4	-0.009911999999999999
0.4	-0.009467999999999999
0.4	-0.009044
0.4	-0.008631999999999999
0.4	-0.008228
0.4	-0.007836
0.4	-0.0074719999999999995
0.4	-0.007123999999999998
0.4	-0.006779999999999999
0.4	-0.006467999999999999
0.4	-0.006183999999999999
0.4	-0.005899999999999999
0.4	-0.005671999999999999
0.4	-0.005447999999999999
0.4	-0.005275999999999999
0.4	-0.005119999999999999
0.4	-0.004999999999999999
0.4	-0.004791999999999999
0.4	-0.004547999999999999
0.4	-0.004335999999999999
0.4	-0.004163999999999999
0.4	-0.004035999999999999
0.4	0.004980000000000002
0.4	0.005052000000000003
0.4	0.005160000000000001
0.4	0.005356000000000001
0.4	0.005680000000000003
0.4	0.005980000000000003
0.4	0.006076000000000002
0.4	0.006204000000000003
0.4	0.006380000000000002
0.4	0.006588000000000002
0.4	0.006812000000000001
0.4	0.007048000000000003
0.4	0.007320000000000002
0.4	0.007620000000000002
0.4	0.007936000000000002
0.4	0.008264000000000002
0.4	0.008612000000000003
0.4	0.008988000000000001
0.4	0.009376000000000004
0.4	0.009768000000000002
0.4	0.010180000000000002
0.4	0.010608000000000001
0.4	0.011048000000000004
0.4	0.011500000000000003
0.4	0.011956000000000003
0.45	-0.010968
0.45	-0.010447999999999999
0.45	-0.009940000000000001
0.45	-0.009444
0.45	-0.008971999999999999
0.45	-0.008511999999999999
0.45	-0.008059999999999998
0.45	-0.007639999999999999
0.45	-0.007243999999999999
0.45	-0.006851999999999999
0.45	-0.006507999999999998
0.45	-0.006183999999999999
0.45	-0.005879999999999999
0.45	-0.005632
0.45	-0.005391999999999998
0.45	-0.005223999999999999
0.45	-0.004999999999999999
0.45	-0.0045839999999999995
0.45	-0.004324
0.45	-0.004115999999999999
0.45	-0.004015999999999999
0.45	-0.003943999999999999
0.45	0.005020000000000002
0.45	0.005084000000000001
0.45	0.005212000000000003
0.45	0.005440000000000002
0.45	0.005788000000000003
0.45	0.005980000000000003
0.45	0.006056000000000003
0.45	0.006196000000000002
0.45	0.0063840000000000025
0.45	0.006636000000000001
0.45	0.0069200000000000025
0.45	0.007204000000000002
0.45	0.007532000000000002
0.45	0.007896000000000004
0.45	0.008272000000000003
0.45	0.008664000000000002
0.45	0.009092000000000001
0.45	0.009540000000000002
0.45	0.009992000000000003
0.45	0.010464000000000003
0.45	0.010960000000000003
0.45	0.011468000000000002
0.45	0.011984000000000003
0.5	-0.010764
0.5	-0.010188
0.5	-0.009631999999999998
0.5	-0.009108
0.5	-0.008591999999999999
0.5	-0.008091999999999998
0.5	-0.007632
0.5	-0.007187999999999998
0.5	-0.0067719999999999985
0.5	-0.006403999999999998
0.5	-0.006043999999999999
0.5	-0.005759999999999999
0.5	-0.005479999999999999
0.5	-0.005287999999999999
0.5	-0.005131999999999999
0.5	-0.004999999999999999
0.5	-0.004959999999999999
0.5	-0.0045439999999999986
0.5	-0.004239999999999999
0.5	-0.004015999999999999
0.5	-0.003943999999999999
0.5	0.005004000000000003
0.5	0.005048000000000002
0.5	0.005132000000000002
0.5	0.005280000000000002
0.5	0.005536000000000001
0.5	0.005916000000000002
0.5	0.005984000000000002
0.5	0.006056000000000003
0.5	0.006360000000000003
0.5	0.006616000000000002
0.5	0.006960000000000003
0.5	0.007304000000000002
0.5	0.007676000000000002
0.5	0.008104000000000004
0.5	0.008540000000000002
0.5	0.009000000000000003
0.5	0.009500000000000001
0.5	0.010016000000000002
0.5	0.010540000000000002
0.5	0.011092000000000001
0.5	0.011668000000000001
0.55	-0.010848
0.55	-0.010216
0.55	-0.009611999999999999
0.55	-0.009035999999999999
0.55	-0.008464
0.55	-0.00794
0.55	-0.007443999999999999
0.55	-0.006967999999999999
0.55	-0.006555999999999999
0.55	-0.0061519999999999995
0.55	-0.005831999999999999
0.55	-0.005527999999999999
0.55	-0.0053079999999999985
0.55	-0.005159999999999999
0.55	-0.005039999999999999
0.55	-0.004999999999999999
0.55	-0.004823999999999999
0.55	-0.004407999999999999
0.55	-0.004015999999999999
0.55	-0.003939999999999999
0.55	0.005016000000000001
0.55	0.005080000000000001
0.55	0.0051880000000000025
0.55	0.005368000000000002
0.55	0.0056520000000000025
0.55	0.005984000000000002
0.55	0.006068000000000002
0.55	0.006560000000000002
0.55	0.006908000000000002
0.55	0.007332000000000003
0.55	0.007748000000000002
0.55	0.008228000000000003
0.55	0.008732000000000002
0.55	0.009252000000000002
0.55	0.009820000000000002
0.55	0.010404000000000002
0.55	0.011000000000000003
0.55	0.011632000000000002
0.6000000000000001	-0.010699999999999998
0.6000000000000001	-0.010019999999999998
0.6000000000000001	-0.00938
0.6000000000000001	-0.008747999999999999
0.6000000000000001	-0.008164
0.6000000000000001	-0.007611999999999999
0.6000000000000001	-0.007087999999999999
0.6000000000000001	-0.006631999999999999
0.6000000000000001	-0.006195999999999998
0.6000000000000001	-0.005843999999999999
0.6000000000000001	-0.005547999999999999
0.6000000000000001	-0.005287999999999999
0.6000000000000001	-0.005139999999999999
0.6000000000000001	-0.005063999999999998
0.6000000000000001	-0.004999999999999999
0.6000000000000001	-0.004631999999999999
0.6000000000000001	-0.004011999999999999
0.6000000000000001	-0.003935999999999999
0.6000000000000001	0.005036000000000003
0.6000000000000001	0.005120000000000001
0.6000000000000001	0.005256000000000002
0.6000000000000001	0.005472000000000002
0.6000000000000001	0.005796000000000001
0.6000000000000001	0.005988000000000002
0.6000000000000001	0.0060640000000000025
0.6000000000000001	0.006252000000000002
0.6000000000000001	0.006800000000000002
0.6000000000000001	0.007256000000000003
0.6000000000000001	0.007748000000000002
0.6000000000000001	0.008256000000000003
0.6000000000000001	0.008832000000000003
0.6000000000000001	0.009408000000000003
0.6000000000000001	0.010040000000000002
0.6000000000000001	0.010692000000000004
0.6000000000000001	0.011360000000000002
0.65	-0.010327999999999999
0.65	-0.009628
0.65	-0.008931999999999999
0.65	-0.008299999999999998
0.65	-0.007687999999999999
0.65	-0.007135999999999999
0.65	-0.006627999999999999
0.65	-0.006195999999999998
0.65	-0.005795999999999998
0.65	-0.005523999999999999
0.65	-0.005299999999999999
0.65	-0.005119999999999999
0.65	-0.004999999999999999
0.65	-0.004011999999999999
0.65	-0.003932
0.65	0.005060000000000002
0.65	0.005168000000000001
0.65	0.005340000000000003
0.65	0.005596000000000002
0.65	0.005960000000000002
0.65	0.0060640000000000025
0.65	0.006464000000000003
0.65	0.007076000000000003
0.65	0.007648000000000004
0.65	0.008200000000000002
0.65	0.008828
0.65	0.009472000000000003
0.65	0.010156000000000002
0.65	0.010880000000000003
0.65	0.011612000000000003
0.7000000000000001	-0.010528
0.7000000000000001	-0.009767999999999999
0.7000000000000001	-0.009016
0.7000000000000001	-0.00834
0.7000000000000001	-0.007679999999999999
0.7000000000000001	-0.007108
0.7000000000000001	-0.006559999999999999
0.7000000000000001	-0.006127999999999999
0.7000000000000001	-0.005755999999999999
0.7000000000000001	-0.005427999999999999
0.7000000000000001	-0.005239999999999999
0.7000000000000001	-0.005159999999999999
0.7000000000000001	-0.004999999999999999
0.7000000000000001	-0.004943999999999999
0.7000000000000001	-0.004011999999999999
0.7000000000000001	-0.003932
0.7000000000000001	0.0050880000000000005
0.7000000000000001	0.005228000000000002
0.7000000000000001	0.005440000000000002
0.7000000000000001	0.005740000000000002
0.7000000000000001	0.005988000000000002
0.7000000000000001	0.006068000000000002
0.7000000000000001	0.006156000000000003
0.7000000000000001	0.006708000000000003
0.7000000000000001	0.007384000000000003
0.7000000000000001	0.008072000000000001
0.7000000000000001	0.008704000000000003
0.7000000000000001	0.009436000000000003
0.7000000000000001	0.010156000000000002
0.7000000000000001	0.010952000000000002
0.7000000000000001	0.011752000000000004
0.75	-0.010620000000000001
0.75	-0.009796
0.75	-0.009007999999999999
0.75	-0.00828
0.75	-0.007599999999999999
0.75	-0.006987999999999999
0.75	-0.006471999999999999
0.75	-0.005983999999999999
0.75	-0.005659999999999999
0.75	-0.005467999999999999
0.75	-0.005231999999999999
0.75	-0.0050599999999999985
0.75	-0.004999999999999999
0.75	-0.004939999999999999
0.75	-0.0040079999999999985
0.75	-0.003927999999999999
0.75	0.004992000000000002
0.75	0.005120000000000001
0.75	0.005296000000000003
0.75	0.005552000000000003
0.75	0.005908000000000002
0.75	0.005988000000000002
0.75	0.006072000000000003
0.75	0.0063760000000000015
0.75	0.006988000000000003
0.75	0.007728000000000003
0.75	0.008520000000000002
0.75	0.009256000000000004
0.75	0.010064000000000003
0.75	0.010900000000000002
0.75	0.011776000000000003
0.8	-0.010603999999999999
0.8	-0.00972
0.8	-0.008908
0.8	-0.008128
0.8	-0.0074519999999999986
0.8	-0.006815999999999998
0.8	-0.006291999999999999
0.8	-0.005955999999999999
0.8	-0.005607999999999999
0.8	-0.005303999999999999
0.8	-0.0050919999999999984
0.8	-0.004999999999999999
0.8	-0.0049679999999999985
0.8	-0.0040079999999999985
0.8	-0.003923999999999999
0.8	0.004992000000000002
0.8	0.005072000000000002
0.8	0.005160000000000001
0.8	0.0053720000000000035
0.8	0.005680000000000003
0.8	0.0059920000000000025
0.8	0.006096000000000002
0.8	0.006628000000000004
0.8	0.007296000000000002
0.8	0.008104000000000004
0.8	0.008992000000000003
0.8	0.009848
0.8	0.010728000000000003
0.8	0.011676000000000002
0.8500000000000001	-0.010471999999999999
0.8500000000000001	-0.009552
0.8500000000000001	-0.008704
0.8500000000000001	-0.007923999999999999
0.8500000000000001	-0.0072039999999999995
0.8500000000000001	-0.006671999999999999
0.8500000000000001	-0.006207999999999999
0.8500000000000001	-0.005751999999999998
0.8500000000000001	-0.005383999999999998
0.8500000000000001	-0.005131999999999999
0.8500000000000001	-0.004999999999999999
0.8500000000000001	-0.004963999999999999
0.8500000000000001	-0.0040079999999999985
0.8500000000000001	-0.003923999999999999
0.8500000000000001	0.004992000000000002
0.8500000000000001	0.0050760000000000015
0.8500000000000001	0.005204000000000002
0.8500000000000001	0.005456000000000001
0.8500000000000001	0.005824000000000002
0.8500000000000001	0.0059920000000000025
0.8500000000000001	0.006076000000000002
0.8500000000000001	0.0063040000000000014
0.8500000000000001	0.006900000000000002
0.8500000000000001	0.007636000000000002
0.8500000000000001	0.008512000000000002
0.8500000000000001	0.009484000000000003
0.8500000000000001	0.010464000000000003
0.8500000000000001	0.011432000000000003
0.9	-0.010232
0.9	-0.009303999999999998
0.9	-0.008412
0.9	-0.007655999999999999
0.9	-0.007047999999999999
0.9	-0.006443999999999998
0.9	-0.005903999999999999
0.9	-0.005475999999999999
0.9	-0.005175999999999998
0.9	-0.004999999999999999
0.9	-0.004963999999999999
0.9	-0.0049239999999999996
0.9	-0.004003999999999999
0.9	-0.003919999999999999
0.9	0.004992000000000002
0.9	0.005080000000000001
0.9	0.005252000000000002
0.9	0.005552000000000003
0.9	0.005976000000000003
0.9	0.006080000000000002
0.9	0.006528000000000001
0.9	0.0072000000000000015
0.9	0.008004000000000002
0.9	0.008948000000000001
0.9	0.010004000000000002
0.9	0.011100000000000002
0.9500000000000001	-0.010943999999999999
0.9500000000000001	-0.009911999999999999
0.9500000000000001	-0.008943999999999999
0.9500000000000001	-0.008143999999999998
0.9500000000000001	-0.007408
0.9500000000000001	-0.0066879999999999995
0.9500000000000001	-0.006067999999999999
0.9500000000000001	-0.005575999999999999
0.9500000000000001	-0.005227999999999999
0.9500000000000001	-0.004999999999999999
0.9500000000000001	-0.004959999999999999
0.9500000000000001	-0.0049159999999999985
0.9500000000000001	-0.004003999999999999
0.9500000000000001	-0.0039159999999999985
0.9500000000000001	0.004996000000000002
0.9500000000000001	0.005084000000000001
0.9500000000000001	0.005308000000000002
0.9500000000000001	0.005656000000000002
0.9500000000000001	0.005996000000000002
0.9500000000000001	0.006084000000000002
0.9500000000000001	0.006144000000000002
0.9500000000000001	0.006772000000000002
0.9500000000000001	0.007524000000000003
0.9500000000000001	0.008400000000000003
0.9500000000000001	0.009412000000000002
0.9500000000000001	0.010548000000000004
0.9500000000000001	0.011748000000000003
1.	-0.01054
1.	-0.009524
1.	-0.008636
1.	-0.007763999999999998
1.	-0.0069479999999999984
1.	-0.006243999999999999
1.	-0.0056879999999999995
1.	-0.005283999999999999
1.	-0.004999999999999999
1.	-0.004959999999999999
1.	-0.0049159999999999985
1.	-0.004003999999999999
1.	-0.003911999999999999
1.	0.004996000000000002
1.	0.0050880000000000005
1.	0.005368000000000002
1.	0.0057680000000000006
1.	0.005996000000000002
1.	0.006088000000000001
1.	0.006328000000000003
1.	0.007032000000000002
1.	0.007864000000000001
1.	0.008820000000000001
1.	0.009904000000000001
1.	0.011120000000000003
1.05	-0.010131999999999999
1.05	-0.009123999999999998
1.05	-0.008132
1.05	-0.007219999999999999
1.05	-0.006435999999999999
1.05	-0.005807999999999999
1.05	-0.0053479999999999995
1.05	-0.004999999999999999
1.05	-0.0049559999999999995
1.05	-0.004911999999999999
1.05	-0.004003999999999999
1.05	-0.003907999999999999
1.05	0.004996000000000002
1.05	0.005088000000000001
1.05	0.005432000000000002
1.05	0.005892000000000003
1.05	0.005996000000000002
1.05	0.006088000000000001
1.05	0.006524000000000002
1.05	0.007304000000000002
1.05	0.008224
1.05	0.009260000000000003
1.05	0.010420000000000002
1.05	0.011712000000000004
1.1	-0.010747999999999999
1.1	-0.009608
1.1	-0.008508
1.1	-0.007503999999999999
1.1	-0.006639999999999999
1.1	-0.005935999999999999
1.1	-0.005415999999999999
1.1	-0.004999999999999999
1.1	-0.0049559999999999995
1.1	-0.004907999999999999
1.1	-0.004003999999999999
1.1	-0.003907999999999999
1.1	0.004996000000000002
1.1	0.005092000000000002
1.1	0.005508000000000001
1.1	0.006024000000000003
1.1	0.006728000000000002
1.1	0.007596000000000003
1.1	0.008600000000000002
1.1	0.009724000000000002
1.1	0.010964000000000003
1.1500000000000001	-0.010095999999999999
1.1500000000000001	-0.008895999999999998
1.1500000000000001	-0.0078039999999999984
1.1500000000000001	-0.006851999999999999
1.1500000000000001	-0.006071999999999998
1.1500000000000001	-0.005487999999999998
1.1500000000000001	-0.004999999999999999
1.1500000000000001	-0.004952
1.1500000000000001	-0.004903999999999999
1.1500000000000001	-0.003999999999999998
1.1500000000000001	-0.003903999999999999
1.1500000000000001	0.004996000000000002
1.1500000000000001	0.005096000000000002
1.1500000000000001	0.005584000000000001
1.1500000000000001	0.005996000000000002
1.1500000000000001	0.006096000000000002
1.1500000000000001	0.006168000000000002
1.1500000000000001	0.006948000000000001
1.1500000000000001	0.007900000000000003
1.1500000000000001	0.008992000000000003
1.1500000000000001	0.010204000000000001
1.1500000000000001	0.011528000000000002
1.2000000000000002	-0.010596
1.2000000000000002	-0.0093
1.2000000000000002	-0.008116
1.2000000000000002	-0.0070799999999999995
1.2000000000000002	-0.006219999999999999
1.2000000000000002	-0.005571999999999999
1.2000000000000002	-0.004999999999999999
1.2000000000000002	-0.004952
1.2000000000000002	-0.004899999999999999
1.2000000000000002	-0.003999999999999998
1.2000000000000002	-0.003899999999999999
1.2000000000000002	0.005000000000000003
1.2000000000000002	0.005100000000000002
1.2000000000000002	0.005668000000000001
1.2000000000000002	0.006000000000000002
1.2000000000000002	0.006100000000000001
1.2000000000000002	0.006320000000000003
1.2000000000000002	0.007176000000000002
1.2000000000000002	0.008216000000000001
1.2000000000000002	0.009396000000000002
1.2000000000000002	0.010700000000000003
1.25	-0.009715999999999999
1.25	-0.00844
1.25	-0.007315999999999999
1.25	-0.006375999999999998
1.25	-0.005656
1.25	-0.004999999999999999
1.25	-0.004947999999999999
1.25	-0.004895999999999999
1.25	-0.003999999999999998
1.25	-0.003895999999999999
1.25	0.005000000000000003
1.25	0.005104000000000003
1.25	0.005760000000000001
1.25	0.006000000000000002
1.25	0.006104000000000001
1.25	0.006480000000000001
1.25	0.007420000000000003
1.25	0.008544000000000001
1.25	0.009816000000000002
1.25	0.011212000000000003
1.3	-0.010143999999999999
1.3	-0.008775999999999999
1.3	-0.007563999999999999
1.3	-0.006539999999999999
1.3	-0.005747999999999999
1.3	-0.004999999999999999
1.3	-0.004947999999999999
1.3	-0.004891999999999999
1.3	-0.003999999999999998
1.3	-0.0038919999999999988
1.3	0.005000000000000003
1.3	0.005108000000000003
1.3	0.005856000000000002
1.3	0.006000000000000002
1.3	0.006108000000000001
1.3	0.006648000000000003
1.3	0.007672000000000003
1.3	0.008884000000000003
1.3	0.010248000000000002
1.3	0.011736000000000002
1.35	-0.010579999999999999
1.35	-0.009123999999999998
1.35	-0.00782
1.35	-0.006711999999999998
1.35	-0.005847999999999999
1.35	-0.004999999999999999
1.35	-0.004943999999999999
1.35	-0.004887999999999999
1.35	-0.003999999999999998
1.35	-0.003887999999999999
1.35	0.005000000000000003
1.35	0.005112000000000001
1.35	0.005960000000000002
1.35	0.006000000000000002
1.35	0.006112000000000001
1.35	0.006824000000000002
1.35	0.007932000000000003
1.35	0.009232
1.35	0.010692000000000004
1.4000000000000001	-0.009479999999999999
1.4000000000000001	-0.008088
1.4000000000000001	-0.006895999999999999
1.4000000000000001	-0.005951999999999999
1.4000000000000001	-0.004999999999999999
1.4000000000000001	-0.004943999999999999
1.4000000000000001	-0.004883999999999999
1.4000000000000001	-0.003999999999999998
1.4000000000000001	-0.0038839999999999986
1.4000000000000001	0.005000000000000003
1.4000000000000001	0.005116000000000001
1.4000000000000001	0.006000000000000002
1.4000000000000001	0.006068000000000002
1.4000000000000001	0.006116000000000002
1.4000000000000001	0.007008000000000003
1.4000000000000001	0.008200000000000002
1.4000000000000001	0.009596000000000002
1.4000000000000001	0.011144000000000003
1.4500000000000002	-0.009847999999999999
1.4500000000000002	-0.008364
1.4500000000000002	-0.007083999999999998
1.4500000000000002	-0.006059999999999999
1.4500000000000002	-0.004999999999999999
1.4500000000000002	-0.004939999999999999
1.4500000000000002	-0.004879999999999999
1.4500000000000002	-0.003999999999999998
1.4500000000000002	-0.003879999999999999
1.4500000000000002	0.005000000000000003
1.4500000000000002	0.005120000000000001
1.4500000000000002	0.006000000000000002
1.4500000000000002	0.006120000000000002
1.4500000000000002	0.0061800000000000015
1.4500000000000002	0.0072000000000000015
1.4500000000000002	0.008480000000000001
1.4500000000000002	0.009964000000000002
1.4500000000000002	0.011608000000000002
1.5	-0.010224
1.5	-0.008648
1.5	-0.007279999999999999
1.5	-0.006175999999999999
1.5	-0.004999999999999999
1.5	-0.004939999999999999
1.5	-0.004875999999999999
1.5	-0.003999999999999998
1.5	-0.003875999999999999
1.5	0.005000000000000003
1.5	0.005124000000000002
1.5	0.006000000000000002
1.5	0.006124000000000003
1.5	0.006300000000000002
1.5	0.007400000000000002
1.5	0.008768000000000001
1.5	0.010344000000000002
1.55	-0.010608
1.55	-0.00894
1.55	-0.007483999999999999
1.55	-0.006299999999999999
1.55	-0.004999999999999999
1.55	-0.0049359999999999985
1.55	-0.004871999999999999
1.55	-0.003999999999999998
1.55	-0.003871999999999999
1.55	0.005000000000000003
1.55	0.005128000000000002
1.55	0.006000000000000002
1.55	0.006128000000000003
1.55	0.006424000000000002
1.55	0.007608000000000002
1.55	0.009064000000000003
1.55	0.010732000000000002
1.6	-0.009239999999999998
1.6	-0.007691999999999999
1.6	-0.006423999999999999
1.6	-0.004999999999999999
1.6	-0.0049359999999999985
1.6	-0.004867999999999999
1.6	-0.003999999999999998
1.6	-0.003867999999999999
1.6	0.005000000000000003
1.6	0.005132000000000003
1.6	0.006000000000000002
1.6	0.006132000000000001
1.6	0.006556000000000001
1.6	0.007824000000000003
1.6	0.009368000000000003
1.6	0.011128000000000002
1.6500000000000001	-0.009548
1.6500000000000001	-0.007908
1.6500000000000001	-0.006555999999999999
1.6500000000000001	-0.004999999999999999
1.6500000000000001	-0.004931999999999999
1.6500000000000001	-0.0048639999999999985
1.6500000000000001	-0.003999999999999998
1.6500000000000001	-0.0038639999999999985
1.6500000000000001	0.005000000000000003
1.6500000000000001	0.0051360000000000025
1.6500000000000001	0.006000000000000002
1.6500000000000001	0.006136000000000001
1.6500000000000001	0.006692000000000002
1.6500000000000001	0.008044
1.6500000000000001	0.009680000000000003
1.6500000000000001	0.011532000000000002
1.7000000000000002	-0.00986
1.7000000000000002	-0.008131999999999999
1.7000000000000002	-0.006691999999999999
1.7000000000000002	-0.004999999999999999
1.7000000000000002	-0.004931999999999999
1.7000000000000002	-0.004859999999999999
1.7000000000000002	-0.003999999999999998
1.7000000000000002	-0.003859999999999999
1.7000000000000002	0.005000000000000003
1.7000000000000002	0.005140000000000002
1.7000000000000002	0.006000000000000002
1.7000000000000002	0.006140000000000001
1.7000000000000002	0.006832000000000002
1.7000000000000002	0.008272000000000003
1.7000000000000002	0.010000000000000002
1.7000000000000002	0.011944000000000001
1.75	-0.010183999999999999
1.75	-0.00836
1.75	-0.006835999999999999
1.75	-0.004999999999999999
1.75	-0.004927999999999999
1.75	-0.004855999999999999
1.75	-0.003999999999999998
1.75	-0.003855999999999999
1.75	0.005000000000000003
1.75	0.005144000000000002
1.75	0.006000000000000002
1.75	0.006144000000000002
1.75	0.006980000000000002
1.75	0.008504000000000003
1.75	0.010324000000000003
1.8	-0.010508
1.8	-0.008596
1.8	-0.006983999999999999
1.8	-0.004999999999999999
1.8	-0.004927999999999999
1.8	-0.004851999999999999
1.8	-0.003999999999999998
1.8	-0.0038519999999999987
1.8	0.005000000000000003
1.8	0.005152000000000002
1.8	0.006000000000000002
1.8	0.006152000000000002
1.8	0.007132000000000002
1.8	0.008744000000000004
1.8	0.010656000000000002
1.85	-0.010844
1.85	-0.008836
1.85	-0.007135999999999999
1.85	-0.004999999999999999
1.85	-0.0049239999999999996
1.85	-0.004847999999999999
1.85	-0.004003999999999999
1.85	-0.003843999999999999
1.85	0.005000000000000003
1.85	0.005156000000000002
1.85	0.006000000000000002
1.85	0.006156000000000003
1.85	0.007288000000000001
1.85	0.008988000000000001
1.85	0.010992000000000004
1.9000000000000001	-0.009083999999999998
1.9000000000000001	-0.007291999999999998
1.9000000000000001	-0.004999999999999999
1.9000000000000001	-0.0049239999999999996
1.9000000000000001	-0.004843999999999999
1.9000000000000001	-0.004003999999999999
1.9000000000000001	-0.003839999999999999
1.9000000000000001	0.004996000000000002
1.9000000000000001	0.005160000000000001
1.9000000000000001	0.005996000000000002
1.9000000000000001	0.006160000000000002
1.9000000000000001	0.0074480000000000015
1.9000000000000001	0.009236000000000003
1.9000000000000001	0.011336000000000002
1.9500000000000002	-0.009335999999999999
1.9500000000000002	-0.0074519999999999986
1.9500000000000002	-0.004999999999999999
1.9500000000000002	-0.004919999999999999
1.9500000000000002	-0.004839999999999999
1.9500000000000002	-0.004003999999999999
1.9500000000000002	-0.003835999999999999
1.9500000000000002	0.004996000000000002
1.9500000000000002	0.005164000000000001
1.9500000000000002	0.005996000000000002
1.9500000000000002	0.006164000000000002
1.9500000000000002	0.0076120000000000024
1.9500000000000002	0.009492000000000002
1.9500000000000002	0.011684000000000003
2.	-0.009592
2.	-0.0076159999999999995
2.	-0.004999999999999999
2.	-0.004919999999999999
2.	-0.004835999999999998
2.	-0.004003999999999999
2.	-0.0038319999999999986
2.	0.004996000000000002
2.	0.005172000000000001
2.	0.005996000000000002
2.	0.006168000000000002
2.	0.007780000000000002
2.	0.009752000000000002
2.05	-0.009852
2.05	-0.007787999999999999
2.05	-0.004999999999999999
2.05	-0.0049159999999999985
2.05	-0.004831999999999999
2.05	-0.0040079999999999985
2.05	-0.003827999999999999
2.05	0.004996000000000002
2.05	0.005176000000000002
2.05	0.005996000000000002
2.05	0.006176000000000002
2.05	0.007956000000000001
2.05	0.010016000000000002
2.0999999999999996	-0.010116
2.0999999999999996	-0.007959999999999998
2.0999999999999996	-0.004999999999999999
2.0999999999999996	-0.0049159999999999985
2.0999999999999996	-0.004827999999999999
2.0999999999999996	-0.0040079999999999985
2.0999999999999996	-0.0038199999999999987
2.0999999999999996	0.004996000000000002
2.0999999999999996	0.005180000000000002
2.0999999999999996	0.005996000000000002
2.0999999999999996	0.0061800000000000015
2.0999999999999996	0.008132000000000002
2.0999999999999996	0.010288000000000002
2.15	-0.010388
2.15	-0.008139999999999998
2.15	-0.004999999999999999
2.15	-0.004911999999999999
2.15	-0.004823999999999999
2.15	-0.0040079999999999985
2.15	-0.0038159999999999986
2.15	0.004992000000000002
2.15	0.0051880000000000025
2.15	0.0059920000000000025
2.15	0.006188000000000001
2.15	0.008312000000000003
2.15	0.010560000000000002
2.1999999999999997	-0.01066
2.1999999999999997	-0.00832
2.1999999999999997	-0.004999999999999999
2.1999999999999997	-0.004911999999999999
2.1999999999999997	-0.004819999999999999
2.1999999999999997	-0.004011999999999999
2.1999999999999997	-0.0038119999999999985
2.1999999999999997	0.004992000000000002
2.1999999999999997	0.0051920000000000004
2.1999999999999997	0.0059920000000000025
2.1999999999999997	0.006192000000000001
2.1999999999999997	0.008500000000000002
2.1999999999999997	0.010840000000000002
2.25	-0.010939999999999998
2.25	-0.008504000000000001
2.25	-0.004999999999999999
2.25	-0.004907999999999999
2.25	-0.004815999999999999
2.25	-0.004011999999999999
2.25	-0.0038039999999999992
2.25	0.004992000000000002
2.25	0.005196000000000001
2.25	0.0059920000000000025
2.25	0.006196000000000002
2.25	0.008688000000000003
2.25	0.011120000000000003
2.3	-0.008695999999999999
2.3	-0.004999999999999999
2.3	-0.004907999999999999
2.3	-0.004811999999999999
2.3	-0.004011999999999999
2.3	-0.0037999999999999987
2.3	0.004988000000000001
2.3	0.005204000000000002
2.3	0.005988000000000002
2.3	0.006204000000000003
2.3	0.008880000000000002
2.3	0.011408000000000003
2.3499999999999996	-0.008887999999999998
2.3499999999999996	-0.004999999999999999
2.3499999999999996	-0.004903999999999999
2.3499999999999996	-0.004807999999999998
2.3499999999999996	-0.004015999999999999
2.3499999999999996	-0.003791999999999999
2.3499999999999996	0.004988000000000001
2.3499999999999996	0.005208000000000002
2.3499999999999996	0.005988000000000002
2.3499999999999996	0.006208000000000003
2.3499999999999996	0.009076000000000004
2.3499999999999996	0.011696000000000002
2.4	-0.009079999999999998
2.4	-0.004999999999999999
2.4	-0.004903999999999999
2.4	-0.004803999999999998
2.4	-0.004015999999999999
2.4	-0.0037879999999999984
2.4	0.0049840000000000014
2.4	0.005216000000000003
2.4	0.005984000000000002
2.4	0.006216000000000001
2.4	0.009276000000000001
2.4	0.011988000000000002
2.4499999999999997	-0.00928
2.4499999999999997	-0.004999999999999999
2.4499999999999997	-0.004899999999999999
2.4499999999999997	-0.004799999999999999
2.4499999999999997	-0.004019999999999999
2.4499999999999997	-0.0037799999999999986
2.4499999999999997	0.0049840000000000014
2.4499999999999997	0.005220000000000002
2.4499999999999997	0.005984000000000002
2.4499999999999997	0.006220000000000002
2.4499999999999997	0.009480000000000002
2.5	-0.009484
2.5	-0.004999999999999999
2.5	-0.004899999999999999
2.5	-0.004795999999999999
2.5	-0.004019999999999999
2.5	-0.003775999999999999
2.5	0.004980000000000002
2.5	0.005228000000000002
2.5	0.005980000000000003
2.5	0.006228000000000002
2.5	0.009684000000000003
2.55	-0.009687999999999999
2.55	-0.004999999999999999
2.55	-0.004895999999999999
2.55	-0.004787999999999999
2.55	-0.004023999999999998
2.55	-0.0037679999999999983
2.55	0.004980000000000002
2.55	0.005236000000000002
2.55	0.005980000000000003
2.55	0.006236000000000003
2.55	0.009892000000000003
2.5999999999999996	-0.009895999999999999
2.5999999999999996	-0.004999999999999999
2.5999999999999996	-0.004895999999999999
2.5999999999999996	-0.004783999999999998
2.5999999999999996	-0.004027999999999999
2.5999999999999996	-0.0037639999999999987
2.5999999999999996	0.004976000000000002
2.5999999999999996	0.005240000000000002
2.5999999999999996	0.005976000000000003
2.5999999999999996	0.0062400000000000025
2.5999999999999996	0.010104000000000004
2.65	-0.010103999999999998
2.65	-0.004999999999999999
2.65	-0.004891999999999999
2.65	-0.004779999999999999
2.65	-0.004027999999999999
2.65	-0.003755999999999998
2.65	0.004976000000000002
2.65	0.005248000000000001
2.65	0.005976000000000003
2.65	0.006248000000000002
2.65	0.010320000000000003
2.6999999999999997	-0.01032
2.6999999999999997	-0.004999999999999999
2.6999999999999997	-0.004891999999999999
2.6999999999999997	-0.004775999999999998
2.6999999999999997	-0.004031999999999998
2.6999999999999997	-0.0037479999999999987
2.6999999999999997	0.0049720000000000025
2.6999999999999997	0.005256000000000002
2.6999999999999997	0.005972000000000003
2.6999999999999997	0.006256000000000002
2.6999999999999997	0.010536000000000002
2.75	-0.010536
2.75	-0.004999999999999999
2.75	-0.004887999999999999
2.75	-0.0047719999999999985
2.75	-0.004035999999999999
2.75	-0.0037439999999999986
2.75	0.004968000000000002
2.75	0.0052600000000000025
2.75	0.005968000000000003
2.75	0.006260000000000002
2.75	0.010756000000000002
2.8	-0.010752
2.8	-0.005035999999999999
2.8	-0.004999999999999999
2.8	-0.004887999999999999
2.8	-0.004767999999999999
2.8	-0.004035999999999999
2.8	-0.0037359999999999984
2.8	0.004964000000000002
2.8	0.005268000000000004
2.8	0.005964000000000002
2.8	0.006268000000000001
2.8	0.010980000000000002
2.8499999999999996	-0.010976
2.8499999999999996	-0.005039999999999999
2.8499999999999996	-0.004999999999999999
2.8499999999999996	-0.004883999999999999
2.8499999999999996	-0.004763999999999999
2.8499999999999996	-0.0040399999999999985
2.8499999999999996	-0.0037279999999999987
2.8499999999999996	0.004964000000000002
2.8499999999999996	0.005276000000000001
2.8499999999999996	0.005964000000000002
2.8499999999999996	0.006276000000000002
2.8499999999999996	0.011204000000000002
2.9	-0.004999999999999999
2.9	-0.004883999999999999
2.9	-0.004759999999999999
2.9	-0.0047199999999999985
2.9	-0.004043999999999998
2.9	-0.0037199999999999985
2.9	0.004960000000000003
2.9	0.005284000000000002
2.9	0.005960000000000002
2.9	0.006284000000000003
2.9	0.011432000000000003
2.9499999999999997	-0.004999999999999999
2.9499999999999997	-0.004879999999999999
2.9499999999999997	-0.004755999999999998
2.9499999999999997	-0.004047999999999999
2.9499999999999997	-0.0037119999999999987
2.9499999999999997	0.004956000000000003
2.9499999999999997	0.005292000000000003
2.9499999999999997	0.005956000000000001
2.9499999999999997	0.006292000000000002
2.9499999999999997	0.011664000000000002
3.	-0.004999999999999999
3.	-0.004879999999999999
3.	-0.004751999999999998
3.	-0.004051999999999998
3.	-0.003703999999999998
3.	0.004952000000000003
3.	0.005300000000000003
3.	0.0059520000000000016
3.	0.006300000000000002
3.	0.011896000000000002
3.05	-0.004999999999999999
3.05	-0.004875999999999999
3.05	-0.004747999999999999
3.05	-0.004699999999999999
3.05	-0.004055999999999999
3.05	-0.0036959999999999988
3.05	0.004948000000000003
3.05	0.005308000000000002
3.05	0.005948000000000004
3.05	0.006308000000000003
3.0999999999999996	-0.0050599999999999985
3.0999999999999996	-0.004999999999999999
3.0999999999999996	-0.004875999999999999
3.0999999999999996	-0.004743999999999998
3.0999999999999996	-0.0040599999999999985
3.0999999999999996	-0.003687999999999998
3.0999999999999996	0.004944000000000002
3.0999999999999996	0.005316000000000002
3.0999999999999996	0.005944000000000003
3.0999999999999996	0.006316000000000002
3.15	-0.005063999999999998
3.15	-0.004999999999999999
3.15	-0.004871999999999999
3.15	-0.0047399999999999986
3.15	-0.004679999999999998
3.15	-0.004063999999999998
3.15	-0.003679999999999999
3.15	0.004940000000000002
3.15	0.0053240000000000015
3.15	0.005940000000000003
3.15	0.0063240000000000015
3.1999999999999997	-0.004999999999999999
3.1999999999999997	-0.004871999999999999
3.1999999999999997	-0.004735999999999999
3.1999999999999997	-0.004671999999999999
3.1999999999999997	-0.004067999999999999
3.1999999999999997	-0.003671999999999999
3.1999999999999997	0.004936000000000001
3.1999999999999997	0.005332000000000002
3.1999999999999997	0.005936000000000002
3.1999999999999997	0.006332000000000002
3.25	-0.004999999999999999
3.25	-0.004867999999999999
3.25	-0.004731999999999998
3.25	-0.004664
3.25	-0.004071999999999998
3.25	-0.0036639999999999984
3.25	0.0049320000000000015
3.25	0.005340000000000003
3.25	0.005932000000000002
3.25	0.006340000000000002
3.3	-0.005075999999999999
3.3	-0.004999999999999999
3.3	-0.004867999999999999
3.3	-0.004727999999999999
3.3	-0.004655999999999999
3.3	-0.004075999999999998
3.3	-0.0036559999999999987
3.3	0.0049280000000000036
3.3	0.005348000000000003
3.3	0.005928000000000001
3.3	0.006348000000000001
3.3499999999999996	-0.005079999999999999
3.3499999999999996	-0.004999999999999999
3.3499999999999996	-0.0048639999999999985
3.3499999999999996	-0.004723999999999998
3.3499999999999996	-0.004083999999999999
3.3499999999999996	-0.0036479999999999993
3.3499999999999996	0.004924000000000003
3.3499999999999996	0.005360000000000002
3.3499999999999996	0.005924000000000001
3.3499999999999996	0.006360000000000003
3.4	-0.005087999999999999
3.4	-0.004999999999999999
3.4	-0.0048639999999999985
3.4	-0.0047199999999999985
3.4	-0.004639999999999999
3.4	-0.004087999999999999
3.4	-0.003639999999999999
3.4	0.0049200000000000025
3.4	0.005368000000000002
3.4	0.005920000000000002
3.4	0.006368000000000003
3.4499999999999997	-0.0050919999999999984
3.4499999999999997	-0.004999999999999999
3.4499999999999997	-0.004859999999999999
3.4499999999999997	-0.004715999999999999
3.4499999999999997	-0.0046279999999999984
3.4499999999999997	-0.004091999999999998
3.4499999999999997	-0.0036279999999999993
3.4499999999999997	0.004912000000000002
3.4499999999999997	0.005376000000000003
3.4499999999999997	0.005912000000000002
3.4499999999999997	0.0063760000000000015
3.5	-0.005095999999999998
3.5	-0.004999999999999999
3.5	-0.004859999999999999
3.5	-0.004711999999999998
3.5	-0.004619999999999999
3.5	-0.004095999999999998
3.5	-0.003619999999999999
3.5	0.004908000000000001
3.5	0.005388000000000002
3.5	0.005908000000000002
3.5	0.0063840000000000025
3.55	-0.005103999999999999
3.55	-0.004999999999999999
3.55	-0.004855999999999999
3.55	-0.004707999999999999
3.55	-0.004612
3.55	-0.004103999999999998
3.55	-0.0036119999999999993
3.55	0.004904000000000001
3.55	0.005396000000000002
3.55	0.005904000000000002
3.55	0.006396000000000003
3.5999999999999996	-0.005107999999999999
3.5999999999999996	-0.004999999999999999
3.5999999999999996	-0.004855999999999999
3.5999999999999996	-0.004703999999999998
3.5999999999999996	-0.004599999999999999
3.5999999999999996	-0.004107999999999999
3.5999999999999996	-0.003599999999999999
3.5999999999999996	0.004896000000000002
3.5999999999999996	0.005404000000000002
3.5999999999999996	0.005896000000000003
3.5999999999999996	0.006404000000000003
3.65	-0.005115999999999998
3.65	-0.004999999999999999
3.65	-0.004851999999999999
3.65	-0.004699999999999999
3.65	-0.004591999999999999
3.65	-0.004115999999999999
3.65	-0.0035919999999999993
3.65	0.004892000000000002
3.65	0.0054160000000000015
3.65	0.005892000000000003
3.65	0.006416000000000002
3.6999999999999997	-0.005119999999999999
3.6999999999999997	-0.004999999999999999
3.6999999999999997	-0.004851999999999999
3.6999999999999997	-0.004695999999999999
3.6999999999999997	-0.004579999999999999
3.6999999999999997	-0.004119999999999999
3.6999999999999997	-0.003579999999999999
3.6999999999999997	0.004884000000000002
3.6999999999999997	0.005424000000000001
3.6999999999999997	0.005884000000000002
3.6999999999999997	0.006424000000000002
3.75	-0.005127999999999999
3.75	-0.004999999999999999
3.75	-0.004851999999999999
3.75	-0.004691999999999999
3.75	-0.004571999999999999
3.75	-0.004127999999999998
3.75	-0.003571999999999999
3.75	0.004880000000000002
3.75	0.005436000000000002
3.75	0.0058800000000000015
3.75	0.006436000000000002
3.8	-0.005131999999999999
3.8	-0.004999999999999999
3.8	-0.004847999999999999
3.8	-0.004687999999999999
3.8	-0.004559999999999999
3.8	-0.0041319999999999985
3.8	-0.003559999999999999
3.8	0.004872000000000003
3.8	0.005448000000000003
3.8	0.0058720000000000005
3.8	0.006448000000000001
3.8499999999999996	-0.005139999999999999
3.8499999999999996	-0.004999999999999999
3.8499999999999996	-0.004847999999999999
3.8499999999999996	-0.004683999999999999
3.8499999999999996	-0.004547999999999999
3.8499999999999996	-0.004139999999999999
3.8499999999999996	-0.003547999999999999
3.8499999999999996	0.004868000000000002
3.8499999999999996	0.005456000000000001
3.8499999999999996	0.0058680000000000026
3.8499999999999996	0.006456000000000002
3.9	-0.005147999999999998
3.9	-0.004999999999999999
3.9	-0.004843999999999999
3.9	-0.004679999999999998
3.9	-0.004539999999999999
3.9	-0.004147999999999999
3.9	-0.003539999999999999
3.9	0.0048600000000000015
3.9	0.005468000000000002
3.9	0.005860000000000002
3.9	0.006468000000000003
3.9499999999999997	-0.005151999999999999
3.9499999999999997	-0.004999999999999999
3.9499999999999997	-0.004843999999999999
3.9499999999999997	-0.004675999999999999
3.9499999999999997	-0.004527999999999999
3.9499999999999997	-0.004151999999999999
3.9499999999999997	-0.003527999999999999
3.9499999999999997	0.004852
3.9499999999999997	0.005480000000000002
3.9499999999999997	0.005852000000000001
3.9499999999999997	0.006480000000000001
4.	-0.005159999999999999
4.	-0.004999999999999999
4.	-0.004839999999999999
4.	-0.004671999999999999
4.	-0.004515999999999999
4.	-0.004159999999999999
4.	-0.003515999999999999
4.	0.004844000000000003
4.	0.005492000000000002
4.	0.005844000000000001
4.	0.006492000000000003
4.05	-0.005167999999999999
4.05	-0.004999999999999999
4.05	-0.004839999999999999
4.05	-0.004667999999999999
4.05	-0.004503999999999999
4.05	-0.004167999999999999
4.05	-0.003503999999999999
4.05	0.004836000000000002
4.05	0.005504000000000001
4.05	0.005836000000000002
4.05	0.006504000000000001
4.1	-0.005175999999999998
4.1	-0.004999999999999999
4.1	-0.004835999999999998
4.1	-0.004664
4.1	-0.004491999999999999
4.1	-0.004175999999999999
4.1	-0.0034919999999999986
4.1	0.0048280000000000016
4.1	0.005516000000000002
4.1	0.005828000000000002
4.1	0.006516000000000003
4.1499999999999995	-0.005183999999999999
4.1499999999999995	-0.004999999999999999
4.1499999999999995	-0.004835999999999998
4.1499999999999995	-0.004659999999999999
4.1499999999999995	-0.004479999999999999
4.1499999999999995	-0.0041839999999999985
4.1499999999999995	-0.0034799999999999987
4.1499999999999995	0.004820000000000001
4.1499999999999995	0.0055280000000000025
4.1499999999999995	0.005820000000000002
4.1499999999999995	0.006528000000000001
4.2	-0.005191999999999999
4.2	-0.004999999999999999
4.2	-0.004831999999999999
4.2	-0.004655999999999999
4.2	-0.004467999999999998
4.2	-0.004191999999999999
4.2	-0.003467999999999999
4.2	0.004812000000000002
4.2	0.0055400000000000015
4.2	0.005812000000000003
4.2	0.006540000000000002
4.25	-0.005199999999999999
4.25	-0.004999999999999999
4.25	-0.004831999999999999
4.25	-0.004651999999999999
4.25	-0.004455999999999999
4.25	-0.004199999999999999
4.25	-0.0034559999999999986
4.25	0.004804000000000002
4.25	0.005552000000000003
4.25	0.005804000000000002
4.25	0.0065520000000000005
4.3	-0.005207999999999999
4.3	-0.004999999999999999
4.3	-0.004827999999999999
4.3	-0.004647999999999999
4.3	-0.004443999999999998
4.3	-0.004207999999999999
4.3	-0.0034439999999999983
4.3	0.0047960000000000025
4.3	0.005564000000000002
4.3	0.005796000000000001
4.3	0.006564000000000002
4.35	-0.005215999999999999
4.35	-0.004999999999999999
4.35	-0.004827999999999999
4.35	-0.004644
4.35	-0.004427999999999999
4.35	-0.004215999999999999
4.35	-0.0034279999999999983
4.35	0.004788000000000002
4.35	0.005576000000000002
4.35	0.005788000000000003
4.35	0.006576000000000003
4.3999999999999995	-0.005227999999999999
4.3999999999999995	-0.004999999999999999
4.3999999999999995	-0.004823999999999999
4.3999999999999995	-0.004639999999999999
4.3999999999999995	-0.004415999999999998
4.3999999999999995	-0.004227999999999999
4.3999999999999995	-0.003415999999999998
4.3999999999999995	0.004780000000000001
4.3999999999999995	0.005588000000000001
4.3999999999999995	0.005780000000000002
4.3999999999999995	0.006588000000000002
4.45	-0.005235999999999999
4.45	-0.004999999999999999
4.45	-0.004823999999999999
4.45	-0.0046359999999999995
4.45	-0.004403999999999998
4.45	-0.0042359999999999984
4.45	-0.0034039999999999986
4.45	0.004768000000000003
4.45	0.005604000000000003
4.45	0.0057680000000000006
4.45	0.006600000000000002
4.5	-0.005243999999999999
4.5	-0.004999999999999999
4.5	-0.004819999999999999
4.5	-0.0046279999999999984
4.5	-0.004387999999999999
4.5	-0.0042439999999999995
4.5	-0.0033879999999999987
4.5	0.004760000000000002
4.5	0.005616000000000001
4.5	0.005760000000000001
4.5	0.006616000000000002
4.55	-0.005251999999999999
4.55	-0.004999999999999999
4.55	-0.004819999999999999
4.55	-0.004623999999999999
4.55	-0.004375999999999999
4.55	-0.0042559999999999985
4.55	-0.0033759999999999984
4.55	0.0047480000000000005
4.55	0.005628000000000003
4.55	0.005748000000000001
4.55	0.006628000000000004
4.6	-0.005264
4.6	-0.004999999999999999
4.6	-0.004815999999999999
4.6	-0.004619999999999999
4.6	-0.004359999999999999
4.6	-0.004263999999999999
4.6	-0.0033599999999999984
4.6	0.004740000000000001
4.6	0.005644000000000002
4.6	0.005740000000000002
4.6	0.006644000000000002
4.6499999999999995	-0.005271999999999999
4.6499999999999995	-0.004999999999999999
4.6499999999999995	-0.004815999999999999
4.6499999999999995	-0.0046159999999999994
4.6499999999999995	-0.004343999999999999
4.6499999999999995	-0.004272
4.6499999999999995	-0.0033439999999999984
4.6499999999999995	0.004728000000000001
4.6499999999999995	0.005656000000000002
4.6499999999999995	0.005728000000000002
4.6499999999999995	0.006656000000000004
4.7	-0.005283999999999999
4.7	-0.004999999999999999
4.7	-0.004811999999999999
4.7	-0.004612
4.7	-0.004331999999999999
4.7	-0.004283999999999999
4.7	-0.003331999999999998
4.7	0.004716000000000002
4.7	0.005672000000000002
4.7	0.005716000000000003
4.7	0.006672000000000003
4.75	-0.005292
4.75	-0.004999999999999999
4.75	-0.004811999999999999
4.75	-0.004607999999999999
4.75	-0.004315999999999999
4.75	-0.0033159999999999986
4.75	0.004708000000000002
4.75	0.005708000000000002
4.75	0.006684000000000001
4.8	-0.005303999999999999
4.8	-0.004999999999999999
4.8	-0.004807999999999998
4.8	-0.004603999999999999
4.8	-0.004299999999999999
4.8	-0.0032999999999999987
4.8	0.004696000000000003
4.8	0.005700000000000002
4.8	0.006700000000000003
4.85	-0.0053159999999999995
4.85	-0.004999999999999999
4.85	-0.004807999999999998
4.85	-0.004599999999999999
4.85	-0.004315999999999999
4.85	-0.004283999999999999
4.85	-0.0032839999999999996
4.85	0.004684000000000002
4.85	0.005684000000000003
4.85	0.005716000000000003
4.85	0.006716000000000002
4.8999999999999995	-0.005327999999999999
4.8999999999999995	-0.004999999999999999
4.8999999999999995	-0.004803999999999998
4.8999999999999995	-0.0045959999999999985
4.8999999999999995	-0.004327999999999999
4.8999999999999995	-0.004267999999999999
4.8999999999999995	-0.0032679999999999988
4.8999999999999995	0.004672000000000001
4.8999999999999995	0.005672000000000002
4.8999999999999995	0.005732000000000003
4.8999999999999995	0.006732000000000002
4.95	-0.005335999999999999
4.95	-0.004999999999999999
4.95	-0.004803999999999998
4.95	-0.004591999999999999
4.95	-0.004335999999999999
4.95	-0.004251999999999999
4.95	-0.0032519999999999992
4.95	0.004660000000000003
4.95	0.005660000000000002
4.95	0.005744000000000002
4.95	0.006744000000000003
5.	-0.0053479999999999995
5.	-0.004999999999999999
5.	-0.004803999999999998
5.	-0.004587999999999999
5.	-0.004347999999999999
5.	-0.0042359999999999984
5.	-0.0032359999999999984
5.	0.004648000000000001
5.	0.005648000000000002
5.	0.005760000000000001
5.	0.006760000000000002
5.05	-0.0053599999999999984
5.05	-0.004999999999999999
5.05	-0.004799999999999999
5.05	-0.0045839999999999995
5.05	-0.004359999999999999
5.05	-0.004215999999999999
5.05	-0.003215999999999999
5.05	0.0046320000000000024
5.05	0.005632000000000003
5.05	0.005776000000000002
5.05	0.006776000000000002
5.1	-0.005371999999999999
5.1	-0.004999999999999999
5.1	-0.004799999999999999
5.1	-0.004579999999999999
5.1	-0.004371999999999998
5.1	-0.004199999999999999
5.1	-0.003199999999999999
5.1	0.004620000000000002
5.1	0.005620000000000002
5.1	0.005792000000000001
5.1	0.006792000000000002
5.1499999999999995	-0.005383999999999998
5.1499999999999995	-0.004999999999999999
5.1499999999999995	-0.004795999999999999
5.1499999999999995	-0.0045759999999999985
5.1499999999999995	-0.004383999999999998
5.1499999999999995	-0.0041839999999999985
5.1499999999999995	-0.0031839999999999985
5.1499999999999995	0.004608000000000003
5.1499999999999995	0.005608000000000004
5.1499999999999995	0.005808000000000002
5.1499999999999995	0.006808000000000003
5.2	-0.005395999999999999
5.2	-0.004999999999999999
5.2	-0.004795999999999999
5.2	-0.004571999999999999
5.2	-0.004395999999999999
5.2	-0.004163999999999999
5.2	-0.003163999999999999
5.2	0.004592000000000002
5.2	0.005592000000000002
5.2	0.005824000000000002
5.2	0.006824000000000002
5.25	-0.005407999999999999
5.25	-0.004999999999999999
5.25	-0.004791999999999999
5.25	-0.004567999999999999
5.25	-0.004407999999999999
5.25	-0.004147999999999999
5.25	-0.003147999999999998
5.25	0.004580000000000002
5.25	0.005580000000000002
5.25	0.005844000000000001
5.25	0.006844000000000003
5.3	-0.005423999999999998
5.3	-0.004999999999999999
5.3	-0.004791999999999999
5.3	-0.004563999999999999
5.3	-0.004423999999999999
5.3	-0.004127999999999998
5.3	-0.003127999999999999
5.3	0.004564000000000003
5.3	0.005564000000000002
5.3	0.005860000000000002
5.3	0.0068600000000000015
5.35	-0.005435999999999998
5.35	-0.004999999999999999
5.35	-0.004787999999999999
5.35	-0.004559999999999999
5.35	-0.004435999999999998
5.35	-0.004107999999999999
5.35	-0.0031079999999999997
5.35	0.004548000000000002
5.35	0.005548000000000002
5.35	0.005876000000000001
5.35	0.006876000000000002
5.3999999999999995	-0.005447999999999999
5.3999999999999995	-0.004999999999999999
5.3999999999999995	-0.004787999999999999
5.3999999999999995	-0.004555999999999999
5.3999999999999995	-0.004447999999999999
5.3999999999999995	-0.004087999999999999
5.3999999999999995	-0.0030879999999999983
5.3999999999999995	0.004536000000000001
5.3999999999999995	0.005536000000000001
5.3999999999999995	0.005896000000000003
5.3999999999999995	0.006896000000000002
5.45	-0.005463999999999998
5.45	-0.004999999999999999
5.45	-0.004783999999999998
5.45	-0.004551999999999999
5.45	-0.004463999999999998
5.45	-0.004067999999999999
5.45	-0.0030679999999999987
5.45	0.004520000000000002
5.45	0.005520000000000002
5.45	0.005912000000000002
5.45	0.006912000000000003
5.5	-0.005475999999999999
5.5	-0.004999999999999999
5.5	-0.004783999999999998
5.5	-0.004547999999999999
5.5	-0.004475999999999999
5.5	-0.004047999999999999
5.5	-0.0030479999999999986
5.5	0.004504000000000001
5.5	0.005504000000000001
5.5	0.005928000000000001
5.5	0.006928000000000002
5.55	-0.005491999999999999
5.55	-0.004999999999999999
5.55	-0.004779999999999999
5.55	-0.0045439999999999986
5.55	-0.004027999999999999
5.55	-0.0030279999999999994
5.55	0.004488000000000002
5.55	0.0054880000000000016
5.55	0.005948000000000004
5.55	0.006948000000000001
5.6	-0.005503999999999999
5.6	-0.004999999999999999
5.6	-0.004779999999999999
5.6	-0.004539999999999999
5.6	-0.0040079999999999985
5.6	-0.003007999999999998
5.6	0.0044680000000000015
5.6	0.005468000000000002
5.6	0.005968000000000003
5.6	0.006968000000000004
5.6499999999999995	-0.005519999999999999
5.6499999999999995	-0.004999999999999999
5.6499999999999995	-0.004775999999999998
5.6499999999999995	-0.004535999999999999
5.6499999999999995	-0.003987999999999999
5.6499999999999995	-0.002987999999999999
5.6499999999999995	0.004452000000000001
5.6499999999999995	0.005452000000000001
5.6499999999999995	0.005984000000000002
5.6499999999999995	0.0069840000000000015
5.7	-0.005531999999999999
5.7	-0.004999999999999999
5.7	-0.004775999999999998
5.7	-0.004531999999999999
5.7	-0.003964
5.7	-0.0029639999999999983
5.7	0.0044360000000000024
5.7	0.005436000000000002
5.7	0.0060040000000000015
5.7	0.0070040000000000015
5.75	-0.005547999999999999
5.75	-0.004999999999999999
5.75	-0.0047719999999999985
5.75	-0.004527999999999999
5.75	-0.003943999999999999
5.75	-0.002943999999999999
5.75	0.0044160000000000015
5.75	0.0054160000000000015
5.75	0.006024000000000003
5.75	0.0070240000000000025
5.8	-0.005563999999999999
5.8	-0.004999999999999999
5.8	-0.0047719999999999985
5.8	-0.004563999999999999
5.8	-0.0045239999999999985
5.8	-0.003919999999999999
5.8	-0.002919999999999998
5.8	0.004400000000000002
5.8	0.005400000000000002
5.8	0.0060440000000000025
5.8	0.007044000000000003
5.85	-0.005579999999999999
5.85	-0.004999999999999999
5.85	-0.004767999999999999
5.85	-0.004579999999999999
5.85	-0.004519999999999999
5.85	-0.003895999999999999
5.85	-0.002895999999999999
5.85	0.004380000000000002
5.85	0.005380000000000003
5.85	0.006060000000000003
5.85	0.007060000000000002
5.8999999999999995	-0.0055959999999999985
5.8999999999999995	-0.004999999999999999
5.8999999999999995	-0.004767999999999999
5.8999999999999995	-0.0045959999999999985
5.8999999999999995	-0.004515999999999999
5.8999999999999995	-0.003875999999999999
5.8999999999999995	-0.002875999999999998
5.8999999999999995	0.004360000000000002
5.8999999999999995	0.005360000000000002
5.8999999999999995	0.006080000000000002
5.8999999999999995	0.007080000000000003
5.95	-0.005611999999999999
5.95	-0.004999999999999999
5.95	-0.004767999999999999
5.95	-0.004612
5.95	-0.004511999999999999
5.95	-0.0038519999999999987
5.95	-0.002851999999999999
5.95	0.004340000000000003
5.95	0.005340000000000003
5.95	0.006100000000000001
5.95	0.007100000000000002
6.	-0.005627999999999999
6.	-0.004999999999999999
6.	-0.004763999999999999
6.	-0.0046279999999999984
6.	-0.004507999999999999
6.	-0.003827999999999999
6.	-0.0028279999999999985
6.	0.004320000000000002
6.	0.005320000000000002
6.	0.006120000000000002
6.	0.007120000000000001
6.05	-0.005643999999999999
6.05	-0.004999999999999999
6.05	-0.004763999999999999
6.05	-0.004644
6.05	-0.004503999999999999
6.05	-0.0037999999999999987
6.05	-0.0027999999999999987
6.05	0.004300000000000003
6.05	0.005300000000000003
6.05	0.006144000000000002
6.05	0.007144000000000003
6.1	-0.005659999999999999
6.1	-0.004999999999999999
6.1	-0.004759999999999999
6.1	-0.004659999999999999
6.1	-0.004499999999999999
6.1	-0.003775999999999999
6.1	-0.0027759999999999985
6.1	0.004280000000000002
6.1	0.005280000000000002
6.1	0.006164000000000002
6.1	0.007164000000000001
6.1499999999999995	-0.005675999999999999
6.1499999999999995	-0.004999999999999999
6.1499999999999995	-0.004759999999999999
6.1499999999999995	-0.004675999999999999
6.1499999999999995	-0.004495999999999998
6.1499999999999995	-0.0037519999999999984
6.1499999999999995	-0.0027519999999999997
6.1499999999999995	0.004256000000000003
6.1499999999999995	0.005256000000000002
6.1499999999999995	0.006184000000000001
6.1499999999999995	0.007184000000000001
6.2	-0.005695999999999999
6.2	-0.004999999999999999
6.2	-0.004755999999999998
6.2	-0.004695999999999999
6.2	-0.004491999999999999
6.2	-0.003723999999999998
6.2	-0.0027239999999999994
6.2	0.004236000000000002
6.2	0.005236000000000002
6.2	0.006204000000000003
6.2	0.007204000000000002
6.25	-0.005711999999999999
6.25	-0.004999999999999999
6.25	-0.004755999999999998
6.25	-0.004487999999999999
6.25	-0.0036959999999999988
6.25	-0.0026959999999999983
6.25	0.004212000000000002
6.25	0.005212000000000003
6.25	0.006228000000000002
6.25	0.007228000000000003
6.3	-0.005727999999999999
6.3	-0.004999999999999999
6.3	-0.004751999999999998
6.3	-0.004483999999999999
6.3	-0.003671999999999999
6.3	-0.0026719999999999995
6.3	0.0041880000000000025
6.3	0.0051880000000000025
6.3	0.006248000000000002
6.3	0.007248000000000002
6.35	-0.005747999999999999
6.35	-0.004999999999999999
6.35	-0.004751999999999998
6.35	-0.004479999999999999
6.35	-0.0036439999999999992
6.35	-0.002643999999999999
6.35	0.0041680000000000016
6.35	0.005168000000000001
6.35	0.006272000000000002
6.35	0.007272000000000002
6.3999999999999995	-0.005763999999999998
6.3999999999999995	-0.004999999999999999
6.3999999999999995	-0.004747999999999999
6.3999999999999995	-0.004475999999999999
6.3999999999999995	-0.003615999999999999
6.3999999999999995	-0.002615999999999998
6.3999999999999995	0.004140000000000002
6.3999999999999995	0.005140000000000002
6.3999999999999995	0.006292000000000002
6.3999999999999995	0.0072920000000000025
6.45	-0.005783999999999999
6.45	-0.004999999999999999
6.45	-0.004747999999999999
6.45	-0.0044719999999999985
6.45	-0.003583999999999999
6.45	-0.002583999999999998
6.45	0.004116000000000002
6.45	0.005116000000000001
6.45	0.006316000000000002
6.45	0.007316000000000001
6.5	-0.005803999999999998
6.5	-0.004999999999999999
6.5	-0.004803999999999998
6.5	-0.004743999999999998
6.5	-0.004467999999999998
6.5	-0.003555999999999999
6.5	-0.002555999999999999
6.5	0.004092000000000002
6.5	0.005092000000000002
6.5	0.006340000000000002
6.5	0.007340000000000003
6.55	-0.005819999999999999
6.55	-0.004999999999999999
6.55	-0.004819999999999999
6.55	-0.004743999999999998
6.55	-0.004463999999999998
6.55	-0.003527999999999999
6.55	-0.002527999999999999
6.55	0.004068000000000002
6.55	0.005068000000000001
6.55	0.006360000000000003
6.55	0.007360000000000002
6.6	-0.005839999999999999
6.6	-0.004999999999999999
6.6	-0.004839999999999999
6.6	-0.0047399999999999986
6.6	-0.004459999999999999
6.6	-0.003495999999999999
6.6	-0.002495999999999998
6.6	0.004040000000000001
6.6	0.005040000000000003
6.6	0.0063840000000000025
6.6	0.007384000000000003
6.6499999999999995	-0.005859999999999999
6.6499999999999995	-0.004999999999999999
6.6499999999999995	-0.004859999999999999
6.6499999999999995	-0.0047399999999999986
6.6499999999999995	-0.004455999999999999
6.6499999999999995	-0.003463999999999999
6.6499999999999995	-0.0024639999999999983
6.6499999999999995	0.004012000000000002
6.6499999999999995	0.005012000000000001
6.6499999999999995	0.006408000000000002
6.6499999999999995	0.007408000000000002
6.7	-0.005879999999999999
6.7	-0.004999999999999999
6.7	-0.004879999999999999
6.7	-0.0047399999999999986
6.7	-0.004451999999999999
6.7	-0.003431999999999999
6.7	-0.002431999999999999
6.7	0.003984000000000001
6.7	0.0049840000000000014
6.7	0.006432000000000002
6.7	0.007432000000000003
6.75	-0.005899999999999999
6.75	-0.004999999999999999
6.75	-0.004899999999999999
6.75	-0.004735999999999999
6.75	-0.004447999999999999
6.75	-0.0033999999999999985
6.75	-0.0023999999999999985
6.75	0.003956000000000003
6.75	0.004956000000000003
6.75	0.006456000000000002
6.75	0.007456000000000002
6.8	-0.005919999999999999
6.8	-0.004999999999999999
6.8	-0.004919999999999999
6.8	-0.004735999999999999
6.8	-0.004443999999999998
6.8	-0.0033679999999999986
6.8	-0.0023679999999999986
6.8	0.003928000000000003
6.8	0.0049280000000000036
6.8	0.006480000000000001
6.8	0.007480000000000002
6.85	-0.005939999999999999
6.85	-0.004999999999999999
6.85	-0.004939999999999999
6.85	-0.004731999999999998
6.85	-0.004439999999999999
6.85	-0.003331999999999998
6.85	-0.0023319999999999994
6.85	0.0038960000000000015
6.85	0.004896000000000002
6.85	0.006504000000000001
6.85	0.007504000000000002
6.8999999999999995	-0.005959999999999999
6.8999999999999995	-0.004999999999999999
6.8999999999999995	-0.004959999999999999
6.8999999999999995	-0.004731999999999998
6.8999999999999995	-0.004435999999999998
6.8999999999999995	-0.0032999999999999987
6.8999999999999995	-0.002299999999999999
6.8999999999999995	0.003868000000000001
6.8999999999999995	0.004868000000000002
6.8999999999999995	0.006528000000000001
6.8999999999999995	0.007528000000000002
6.95	-0.005979999999999999
6.95	-0.004999999999999999
6.95	-0.004727999999999999
6.95	-0.0044319999999999984
6.95	-0.0032639999999999987
6.95	-0.002263999999999999
6.95	0.0038360000000000017
6.95	0.004836000000000002
6.95	0.0065520000000000005
6.95	0.007552000000000001
7.	-0.006004
7.	-0.004999999999999999
7.	-0.004727999999999999
7.	-0.004427999999999999
7.	-0.003227999999999999
7.	-0.0022279999999999986
7.	0.003804000000000002
7.	0.004804000000000002
7.	0.0065800000000000025
7.	0.007580000000000002
7.05	-0.006024
7.05	-0.004999999999999999
7.05	-0.004723999999999998
7.05	-0.004423999999999999
7.05	-0.003187999999999999
7.05	-0.002187999999999998
7.05	0.003772000000000001
7.05	0.004772000000000001
7.05	0.006604000000000001
7.05	0.007604000000000002
7.1	-0.006043999999999999
7.1	-0.004999999999999999
7.1	-0.004723999999999998
7.1	-0.004419999999999999
7.1	-0.0031519999999999986
7.1	-0.0021519999999999977
7.1	0.003736000000000001
7.1	0.0047360000000000015
7.1	0.006632000000000002
7.1	0.0076320000000000025
7.1499999999999995	-0.006067999999999999
7.1499999999999995	-0.005067999999999999
7.1499999999999995	-0.004999999999999999
7.1499999999999995	-0.0047199999999999985
7.1499999999999995	-0.004415999999999998
7.1499999999999995	-0.003111999999999999
7.1499999999999995	-0.002111999999999999
7.1499999999999995	0.003704000000000001
7.1499999999999995	0.0047040000000000025
7.1499999999999995	0.006656000000000004
7.1499999999999995	0.007656000000000001
7.2	-0.006087999999999999
7.2	-0.005087999999999999
7.2	-0.004999999999999999
7.2	-0.0047199999999999985
7.2	-0.004411999999999998
7.2	-0.0030719999999999983
7.2	-0.0020719999999999996
7.2	0.003668000000000002
7.2	0.004668000000000003
7.2	0.006684000000000001
7.2	0.007684000000000002
7.25	-0.0061119999999999985
7.25	-0.0051119999999999985
7.25	-0.004999999999999999
7.25	-0.004715999999999999
7.25	-0.004407999999999999
7.25	-0.0030319999999999987
7.25	-0.002031999999999999
7.25	0.003632000000000002
7.25	0.0046320000000000024
7.25	0.006708000000000003
7.25	0.007708000000000001
7.3	-0.0061319999999999986
7.3	-0.005131999999999999
7.3	-0.004999999999999999
7.3	-0.004715999999999999
7.3	-0.004403999999999998
7.3	-0.002991999999999998
7.3	-0.0019919999999999994
7.3	0.0035920000000000014
7.3	0.004592000000000002
7.3	0.006736000000000003
7.3	0.0077360000000000016
7.35	-0.006155999999999999
7.35	-0.005155999999999999
7.35	-0.004999999999999999
7.35	-0.004715999999999999
7.35	-0.004395999999999999
7.35	-0.0029479999999999984
7.35	-0.001947999999999999
7.35	0.0035560000000000014
7.35	0.004556000000000003
7.35	0.006764000000000002
7.35	0.007764000000000003
7.3999999999999995	-0.006179999999999999
7.3999999999999995	-0.005179999999999999
7.3999999999999995	-0.004999999999999999
7.3999999999999995	-0.004711999999999998
7.3999999999999995	-0.004391999999999998
7.3999999999999995	-0.0029079999999999987
7.3999999999999995	-0.0019079999999999978
7.3999999999999995	0.003516000000000001
7.3999999999999995	0.004516000000000002
7.3999999999999995	0.006788000000000001
7.3999999999999995	0.0077880000000000015
7.45	-0.0062039999999999994
7.45	-0.0052039999999999986
7.45	-0.004999999999999999
7.45	-0.004711999999999998
7.45	-0.004387999999999999
7.45	-0.002863999999999999
7.45	-0.001863999999999998
7.45	0.0034760000000000012
7.45	0.0044760000000000025
7.45	0.006816000000000001
7.45	0.007816000000000002
7.5	-0.006227999999999999
7.5	-0.005227999999999999
7.5	-0.004999999999999999
7.5	-0.004707999999999999
7.5	-0.004383999999999998
7.5	-0.0028159999999999986
7.5	-0.0018159999999999977
7.5	0.0034360000000000016
7.5	0.0044360000000000024
7.5	0.006844000000000003
7.5	0.007844
7.55	-0.006251999999999999
7.55	-0.005251999999999999
7.55	-0.004999999999999999
7.55	-0.004707999999999999
7.55	-0.0043799999999999985
7.55	-0.0027679999999999988
7.55	-0.0017679999999999992
7.55	0.0033920000000000014
7.55	0.004392000000000002
7.55	0.006872000000000001
7.55	0.007872
7.6	-0.0062759999999999995
7.6	-0.005275999999999999
7.6	-0.004999999999999999
7.6	-0.004703999999999998
7.6	-0.004375999999999999
7.6	-0.0027239999999999994
7.6	-0.0017239999999999985
7.6	0.0033480000000000016
7.6	0.004348000000000003
7.6	0.006900000000000002
7.6	0.007900000000000003
7.6499999999999995	-0.006299999999999999
7.6499999999999995	-0.005299999999999999
7.6499999999999995	-0.004999999999999999
7.6499999999999995	-0.004703999999999998
7.6499999999999995	-0.004371999999999998
7.6499999999999995	-0.0026719999999999995
7.6499999999999995	-0.0016719999999999986
7.6499999999999995	0.0033040000000000014
7.6499999999999995	0.004304000000000002
7.6499999999999995	0.006928000000000002
7.6499999999999995	0.007928000000000001
7.7	-0.006323999999999999
7.7	-0.005324
7.7	-0.004999999999999999
7.7	-0.004699999999999999
7.7	-0.004367999999999999
7.7	-0.0026239999999999983
7.7	-0.0016239999999999991
7.7	0.003256000000000002
7.7	0.004256000000000003
7.7	0.006960000000000003
7.7	0.007960000000000002
7.75	-0.0063479999999999995
7.75	-0.0053479999999999995
7.75	-0.004999999999999999
7.75	-0.004699999999999999
7.75	-0.004363999999999998
7.75	-0.002571999999999998
7.75	-0.0015719999999999992
7.75	0.0032080000000000025
7.75	0.004208000000000002
7.75	0.006988000000000003
7.75	0.007988000000000004
7.8	-0.006371999999999998
7.8	-0.005371999999999999
7.8	-0.004999999999999999
7.8	-0.004695999999999999
7.8	-0.004359999999999999
7.8	-0.0025159999999999987
7.8	-0.0015159999999999978
7.8	0.003160000000000002
7.8	0.004160000000000001
7.8	0.007016000000000003
7.8	0.008016000000000004
7.85	-0.0063999999999999994
7.85	-0.0053999999999999986
7.85	-0.004999999999999999
7.85	-0.004695999999999999
7.85	-0.004355999999999999
7.85	-0.0024639999999999983
7.85	-0.0014639999999999987
7.85	0.003108000000000001
7.85	0.004108000000000002
7.85	0.007044000000000003
7.85	0.008044
7.8999999999999995	-0.006423999999999999
7.8999999999999995	-0.005423999999999998
7.8999999999999995	-0.004999999999999999
7.8999999999999995	-0.004695999999999999
7.8999999999999995	-0.004351999999999999
7.8999999999999995	-0.0024039999999999986
7.8999999999999995	-0.0014039999999999994
7.8999999999999995	0.003056000000000001
7.8999999999999995	0.004056000000000002
7.8999999999999995	0.007076000000000003
7.8999999999999995	0.008076000000000003
7.95	-0.006447999999999998
7.95	-0.005447999999999999
7.95	-0.004999999999999999
7.95	-0.004691999999999999
7.95	-0.004347999999999999
7.95	-0.0023479999999999994
7.95	-0.0013479999999999983
7.95	0.003004000000000002
7.95	0.004004000000000002
7.95	0.007104000000000002
7.95	0.008104000000000004
8.	-0.006475999999999998
8.	-0.005475999999999999
8.	-0.004999999999999999
8.	-0.004691999999999999
8.	-0.004343999999999999
8.	-0.0022879999999999984
8.	-0.001287999999999999
8.	0.0029480000000000027
8.	0.003948000000000002
8.	0.007136000000000002
8.	0.008136000000000001
8.05	-0.0065039999999999985
8.05	-0.005503999999999999
8.05	-0.004999999999999999
8.05	-0.004687999999999999
8.05	-0.004339999999999998
8.05	-0.002223999999999999
8.05	-0.001223999999999998
8.05	0.0028880000000000017
8.05	0.0038880000000000026
8.05	0.007164000000000001
8.05	0.008164000000000001
8.100000000000001	-0.006527999999999999
8.100000000000001	-0.005527999999999999
8.100000000000001	-0.004999999999999999
8.100000000000001	-0.004687999999999999
8.100000000000001	-0.004335999999999999
8.100000000000001	-0.002159999999999998
8.100000000000001	-0.0011599999999999987
8.100000000000001	0.002828000000000002
8.100000000000001	0.0038280000000000015
8.100000000000001	0.007196000000000003
8.100000000000001	0.008196000000000004
8.15	-0.006555999999999999
8.15	-0.005555999999999999
8.15	-0.004999999999999999
8.15	-0.004683999999999999
8.15	-0.004331999999999999
8.15	-0.002091999999999999
8.15	-0.0010919999999999988
8.15	0.0027640000000000013
8.15	0.003764000000000002
8.15	0.007228000000000003
8.15	0.008228000000000003
8.200000000000001	-0.006584
8.200000000000001	-0.005583999999999999
8.200000000000001	-0.004999999999999999
8.200000000000001	-0.004683999999999999
8.200000000000001	-0.004327999999999999
8.200000000000001	-0.0020239999999999985
8.200000000000001	-0.0010239999999999993
8.200000000000001	0.002700000000000002
8.200000000000001	0.003700000000000001
8.200000000000001	0.0072600000000000026
8.200000000000001	0.008260000000000002
8.250000000000002	-0.006607999999999998
8.250000000000002	-0.005607999999999999
8.250000000000002	-0.004999999999999999
8.250000000000002	-0.004679999999999998
8.250000000000002	-0.004324
8.250000000000002	-0.0019519999999999989
8.250000000000002	-0.0009519999999999982
8.250000000000002	0.002632000000000002
8.250000000000002	0.003632000000000002
8.250000000000002	0.007288000000000001
8.250000000000002	0.008288000000000002
8.300000000000002	-0.006635999999999999
8.300000000000002	-0.0056359999999999995
8.300000000000002	-0.004999999999999999
8.300000000000002	-0.004679999999999998
8.300000000000002	-0.004319999999999999
8.300000000000002	-0.0018759999999999988
8.300000000000002	-0.000875999999999998
8.300000000000002	0.0025600000000000024
8.300000000000002	0.0035600000000000015
8.300000000000002	0.007320000000000002
8.300000000000002	0.008320000000000003
8.350000000000001	-0.006663999999999999
8.350000000000001	-0.005664
8.350000000000001	-0.004999999999999999
8.350000000000001	-0.004675999999999999
8.350000000000001	-0.004315999999999999
8.350000000000001	-0.0017959999999999986
8.350000000000001	-0.0007959999999999978
8.350000000000001	0.0024840000000000023
8.350000000000001	0.003484000000000001
8.350000000000001	0.007352000000000003
8.350000000000001	0.008352000000000004
8.400000000000002	-0.006691999999999999
8.400000000000002	-0.005691999999999999
8.400000000000002	-0.004999999999999999
8.400000000000002	-0.004675999999999999
8.400000000000002	-0.004311999999999999
8.400000000000002	-0.0017159999999999983
8.400000000000002	-0.0007159999999999993
8.400000000000002	0.0024080000000000017
8.400000000000002	0.0034080000000000013
8.400000000000002	0.007384000000000003
8.400000000000002	0.008384000000000003
8.450000000000001	-0.0067199999999999985
8.450000000000001	-0.005719999999999999
8.450000000000001	-0.004999999999999999
8.450000000000001	-0.004675999999999999
8.450000000000001	-0.004307999999999999
8.450000000000001	-0.0016279999999999988
8.450000000000001	-0.0006279999999999981
8.450000000000001	0.002324000000000002
8.450000000000001	0.003324000000000002
8.450000000000001	0.007416000000000003
8.450000000000001	0.008416000000000002
8.500000000000002	-0.006747999999999999
8.500000000000002	-0.005747999999999999
8.500000000000002	-0.004999999999999999
8.500000000000002	-0.004671999999999999
8.500000000000002	-0.004304
8.500000000000002	-0.0015359999999999987
8.500000000000002	-0.000535999999999998
8.500000000000002	0.0022400000000000015
8.500000000000002	0.0032400000000000024
8.500000000000002	0.007452000000000002
8.500000000000002	0.008452000000000003
8.55	-0.006779999999999999
8.55	-0.005779999999999999
8.55	-0.004999999999999999
8.55	-0.004671999999999999
8.55	-0.004299999999999999
8.55	-0.0014399999999999986
8.55	-0.00043999999999999855
8.55	0.0021440000000000022
8.55	0.003144000000000001
8.55	0.007484000000000002
8.55	0.008484000000000002
8.600000000000001	-0.006807999999999999
8.600000000000001	-0.005807999999999999
8.600000000000001	-0.004999999999999999
8.600000000000001	-0.004667999999999999
8.600000000000001	-0.0042959999999999995
8.600000000000001	-0.0013359999999999982
8.600000000000001	-0.00033599999999999917
8.600000000000001	0.002048000000000001
8.600000000000001	0.003048000000000002
8.600000000000001	0.007516000000000004
8.600000000000001	0.008516000000000001
8.65	-0.006835999999999999
8.65	-0.005835999999999999
8.65	-0.004999999999999999
8.65	-0.004667999999999999
8.65	-0.004291999999999999
8.65	-0.001227999999999998
8.65	-0.00022799999999999887
8.65	0.0019400000000000016
8.65	0.0029400000000000025
8.65	0.007548000000000002
8.65	0.008548000000000004
8.700000000000001	-0.0068639999999999994
8.700000000000001	-0.005863999999999999
8.700000000000001	-0.004999999999999999
8.700000000000001	-0.004664
8.700000000000001	-0.004287999999999998
8.700000000000001	-0.0011079999999999983
8.700000000000001	-0.00010799999999999855
8.700000000000001	0.0018240000000000014
8.700000000000001	0.0028240000000000023
8.700000000000001	0.007584000000000002
8.700000000000001	0.008584000000000003
8.75	-0.006895999999999999
8.75	-0.005895999999999999
8.75	-0.004999999999999999
8.75	-0.004664
8.75	-0.004283999999999999
8.75	-0.0009759999999999991
8.75	0.000024000000000001796
8.75	0.001696000000000001
8.75	0.0026960000000000018
8.75	0.007616000000000002
8.75	0.008616000000000002
8.8	-0.006924
8.8	-0.005923999999999999
8.8	-0.004999999999999999
8.8	-0.004659999999999999
8.8	-0.004279999999999999
8.8	-0.0008279999999999987
8.8	0.00017200000000000218
8.8	0.0015520000000000015
8.8	0.002552000000000002
8.8	0.007652000000000002
8.8	0.008652000000000003
8.850000000000001	-0.0069559999999999995
8.850000000000001	-0.005955999999999999
8.850000000000001	-0.004999999999999999
8.850000000000001	-0.004659999999999999
8.850000000000001	-0.004275999999999999
8.850000000000001	-0.0006559999999999983
8.850000000000001	0.0003440000000000009
8.850000000000001	0.0013880000000000019
8.850000000000001	0.0023880000000000012
8.850000000000001	0.007684000000000002
8.850000000000001	0.008684000000000002
8.900000000000002	-0.006983999999999999
8.900000000000002	-0.005983999999999999
8.900000000000002	-0.004999999999999999
8.900000000000002	-0.004659999999999999
8.900000000000002	-0.004272
8.900000000000002	-0.0004519999999999977
8.900000000000002	0.0005480000000000014
8.900000000000002	0.0011840000000000015
8.900000000000002	0.0021840000000000023
8.900000000000002	0.007720000000000003
8.900000000000002	0.008720000000000002
8.950000000000001	-0.007016
8.950000000000001	-0.006015999999999999
8.950000000000001	-0.004999999999999999
8.950000000000001	-0.004655999999999999
8.950000000000001	-0.004267999999999999
8.950000000000001	-0.00016799999999999785
8.950000000000001	0.0008320000000000014
8.950000000000001	0.0009080000000000023
8.950000000000001	0.0019080000000000013
8.950000000000001	0.007752000000000004
8.950000000000001	0.008752000000000001
9.000000000000002	-0.007047999999999999
9.000000000000002	-0.006047999999999999
9.000000000000002	-0.004999999999999999
9.000000000000002	-0.004655999999999999
9.000000000000002	-0.004263999999999999
9.000000000000002	0.0004000000000000019
9.000000000000002	0.0077880000000000015
9.000000000000002	0.008788000000000002
9.05	-0.0070799999999999995
9.05	-0.006079999999999999
9.05	-0.004999999999999999
9.05	-0.004651999999999999
9.05	-0.004259999999999999
9.05	0.00040800000000000195
9.05	0.007824000000000003
9.05	0.008824000000000002
9.100000000000001	-0.007108
9.100000000000001	-0.006107999999999999
9.100000000000001	-0.004999999999999999
9.100000000000001	-0.004651999999999999
9.100000000000001	-0.0042559999999999985
9.100000000000001	0.0002840000000000016
9.100000000000001	0.007860000000000002
9.100000000000001	0.008860000000000002
9.15	-0.007139999999999999
9.15	-0.006139999999999999
9.15	-0.004999999999999999
9.15	-0.004647999999999999
9.15	-0.004251999999999999
9.15	0.00006000000000000189
9.15	0.007896000000000004
9.15	0.008896000000000001
9.200000000000001	-0.0071719999999999996
9.200000000000001	-0.006171999999999999
9.200000000000001	-0.004999999999999999
9.200000000000001	-0.004647999999999999
9.200000000000001	-0.004247999999999999
9.200000000000001	0.007932000000000003
9.200000000000001	0.008932
9.250000000000002	-0.0072039999999999995
9.250000000000002	-0.0062039999999999994
9.250000000000002	-0.004999999999999999
9.250000000000002	-0.004644
9.250000000000002	-0.0042439999999999995
9.250000000000002	0.007968000000000001
9.250000000000002	0.008968000000000002
9.300000000000002	-0.007235999999999999
9.300000000000002	-0.006235999999999999
9.300000000000002	-0.004999999999999999
9.300000000000002	-0.004644
9.300000000000002	-0.004239999999999999
9.300000000000002	0.008004000000000002
9.300000000000002	0.009004000000000003
9.350000000000001	-0.007267999999999999
9.350000000000001	-0.006267999999999998
9.350000000000001	-0.004999999999999999
9.350000000000001	-0.004644
9.350000000000001	-0.0042359999999999984
9.350000000000001	0.008040000000000002
9.350000000000001	0.009040000000000003
9.400000000000002	-0.007299999999999999
9.400000000000002	-0.006299999999999999
9.400000000000002	-0.004999999999999999
9.400000000000002	-0.004639999999999999
9.400000000000002	-0.004231999999999999
9.400000000000002	0.008076000000000003
9.400000000000002	0.009076000000000004
9.450000000000001	-0.007336
9.450000000000001	-0.006336
9.450000000000001	-0.004999999999999999
9.450000000000001	-0.004639999999999999
9.450000000000001	-0.004227999999999999
9.450000000000001	0.008112000000000003
9.450000000000001	0.009112000000000004
9.500000000000002	-0.0073679999999999995
9.500000000000002	-0.006367999999999999
9.500000000000002	-0.004999999999999999
9.500000000000002	-0.0046359999999999995
9.500000000000002	-0.004223999999999999
9.500000000000002	0.008152000000000003
9.500000000000002	0.009152000000000002
9.55	-0.0073999999999999995
9.55	-0.0063999999999999994
9.55	-0.004999999999999999
9.55	-0.0046359999999999995
9.55	-0.004219999999999999
9.55	0.008188000000000003
9.55	0.009188000000000003
9.600000000000001	-0.007436
9.600000000000001	-0.006435999999999999
9.600000000000001	-0.004999999999999999
9.600000000000001	-0.004631999999999999
9.600000000000001	-0.004215999999999999
9.600000000000001	0.008224
9.600000000000001	0.009224000000000001
9.650000000000002	-0.007467999999999998
9.650000000000002	-0.006467999999999999
9.650000000000002	-0.004999999999999999
9.650000000000002	-0.004631999999999999
9.650000000000002	-0.004211999999999999
9.650000000000002	0.008264000000000002
9.650000000000002	0.009264000000000003
9.700000000000003	-0.007503999999999999
9.700000000000003	-0.0065039999999999985
9.700000000000003	-0.004999999999999999
9.700000000000003	-0.0046279999999999984
9.700000000000003	-0.004207999999999999
9.700000000000003	0.008300000000000002
9.700000000000003	0.009300000000000003
9.750000000000002	-0.007535999999999998
9.750000000000002	-0.006535999999999998
9.750000000000002	-0.004999999999999999
9.750000000000002	-0.0046279999999999984
9.750000000000002	-0.0042039999999999985
9.750000000000002	0.008340000000000002
9.750000000000002	0.009340000000000003
9.800000000000002	-0.007572
9.800000000000002	-0.006571999999999999
9.800000000000002	-0.004999999999999999
9.800000000000002	-0.0046279999999999984
9.800000000000002	-0.004199999999999999
9.800000000000002	0.008380000000000002
9.800000000000002	0.009380000000000003
9.850000000000001	-0.007604
9.850000000000001	-0.006603999999999999
9.850000000000001	-0.004999999999999999
9.850000000000001	-0.004623999999999999
9.850000000000001	-0.004195999999999999
9.850000000000001	0.008416000000000002
9.850000000000001	0.009416000000000002
9.900000000000002	-0.007639999999999999
9.900000000000002	-0.006639999999999999
9.900000000000002	-0.004999999999999999
9.900000000000002	-0.004623999999999999
9.900000000000002	-0.004191999999999999
9.900000000000002	0.008456000000000002
9.900000000000002	0.009456000000000003
9.950000000000001	-0.007676
9.950000000000001	-0.006675999999999999
9.950000000000001	-0.004999999999999999
9.950000000000001	-0.004619999999999999
9.950000000000001	-0.004187999999999999
9.950000000000001	0.008496000000000002
9.950000000000001	0.009496000000000001
10.000000000000002	-0.007711999999999998
10.000000000000002	-0.006711999999999998
10.000000000000002	-0.004999999999999999
10.000000000000002	-0.004619999999999999
10.000000000000002	-0.0041839999999999985
10.000000000000002	0.008536000000000002
10.000000000000002	0.009536000000000001