0.005	-0.0023
0.005	-0.00047599999999999997
0.01	-0.0023
0.01	-0.00047599999999999997
0.015	-0.0023
0.015	-0.002264
0.015	-0.00047599999999999997
0.02	-0.00284
0.02	-0.0023
0.02	-0.002264
0.02	-0.002156
0.02	-0.002004
0.02	-0.001808
0.02	-0.00047599999999999997
0.025	-0.0023
0.025	-0.00226
0.025	-0.002156
0.025	-0.0018839999999999998
0.025	-0.00174
0.025	-0.0014199999999999998
0.025	-0.00134
0.025	-0.001228
0.025	-0.00047599999999999997
0.030000000000000002	-0.00298
0.030000000000000002	-0.0023
0.030000000000000002	-0.00224
0.030000000000000002	-0.0021520000000000003
0.030000000000000002	-0.0018839999999999998
0.030000000000000002	-0.001304
0.030000000000000002	-0.0012439999999999999
0.030000000000000002	-0.00116
0.030000000000000002	-0.0010799999999999998
0.030000000000000002	-0.00047599999999999997
0.034999999999999996	-0.00282
0.034999999999999996	-0.0027600000000000003
0.034999999999999996	-0.00248
0.034999999999999996	-0.0023
0.034999999999999996	-0.002268
0.034999999999999996	-0.002156
0.034999999999999996	-0.00204
0.034999999999999996	-0.0018960000000000001
0.034999999999999996	-0.0017599999999999998
0.034999999999999996	-0.0013
0.034999999999999996	-0.001164
0.034999999999999996	-0.00047599999999999997
0.04	-0.002916
0.04	-0.0027160000000000005
0.04	-0.00262
0.04	-0.0024000000000000002
0.04	-0.0023
0.04	-0.00226
0.04	-0.0022199999999999998
0.04	-0.0021520000000000003
0.04	-0.002104
0.04	-0.00202
0.04	-0.0018839999999999998
0.04	-0.001776
0.04	-0.0015799999999999998
0.04	-0.0014
0.04	-0.0010040000000000001
0.04	-0.00047599999999999997
0.045	-0.0029760000000000003
0.045	-0.002936
0.045	-0.0029
0.045	-0.00286
0.045	-0.002824
0.045	-0.0026360000000000003
0.045	-0.0026
0.045	-0.00246
0.045	-0.0023
0.045	-0.00226
0.045	-0.0022199999999999998
0.045	-0.002156
0.045	-0.00212
0.045	-0.002056
0.045	-0.0018960000000000001
0.045	-0.00184
0.045	-0.001696
0.045	-0.00156
0.045	-0.0013599999999999999
0.045	-0.00118
0.045	-0.0010400000000000001
0.045	-0.00047599999999999997
0.049999999999999996	-0.002956
0.049999999999999996	-0.002664
0.049999999999999996	-0.002624
0.049999999999999996	-0.0025840000000000004
0.049999999999999996	-0.0025440000000000003
0.049999999999999996	-0.0023
0.049999999999999996	-0.002196
0.049999999999999996	-0.00216
0.049999999999999996	-0.002124
0.049999999999999996	-0.0020520000000000004
0.049999999999999996	-0.002016
0.049999999999999996	-0.001984
0.049999999999999996	-0.00188
0.049999999999999996	-0.001816
0.049999999999999996	-0.001784
0.049999999999999996	-0.00172
0.049999999999999996	-0.001656
0.049999999999999996	-0.00148
0.049999999999999996	-0.001396
0.049999999999999996	-0.00134
0.049999999999999996	-0.0012399999999999998
0.049999999999999996	-0.0006039999999999998
0.049999999999999996	-0.00047599999999999997
0.05499999999999999	-0.00298
0.05499999999999999	-0.00284
0.05499999999999999	-0.0027040000000000002
0.05499999999999999	-0.002656
0.05499999999999999	-0.00248
0.05499999999999999	-0.0023
0.05499999999999999	-0.002144
0.05499999999999999	-0.002108
0.05499999999999999	-0.0020680000000000004
0.05499999999999999	-0.0018759999999999998
0.05499999999999999	-0.00184
0.05499999999999999	-0.001804
0.05499999999999999	-0.001696
0.05499999999999999	-0.001664
0.05499999999999999	-0.001596
0.05499999999999999	-0.0015
0.05499999999999999	-0.0014
0.05499999999999999	-0.00132
0.05499999999999999	-0.0012599999999999998
0.05499999999999999	-0.00118
0.05499999999999999	-0.00047599999999999997
0.06	-0.002944
0.06	-0.002844
0.06	-0.0027400000000000002
0.06	-0.00264
0.06	-0.002496
0.06	-0.0023
0.06	-0.0022199999999999998
0.06	-0.002176
0.06	-0.0021479999999999997
0.06	-0.002088
0.06	-0.002044
0.06	-0.002004
0.06	-0.00196
0.06	-0.0019199999999999998
0.06	-0.0018880000000000001
0.06	-0.00184
0.06	-0.0018
0.06	-0.0017599999999999998
0.06	-0.00172
0.06	-0.001684
0.06	-0.0015359999999999998
0.06	-0.001504
0.06	-0.001392
0.06	-0.001336
0.06	-0.001156
0.06	-0.001
0.06	-0.00047599999999999997
0.065	-0.002916
0.065	-0.00286
0.065	-0.002808
0.065	-0.002696
0.065	-0.0026439999999999996
0.065	-0.002536
0.065	-0.0023
0.065	-0.002188
0.065	-0.00214
0.065	-0.002092
0.065	-0.002044
0.065	-0.002
0.065	-0.001864
0.065	-0.00182
0.065	-0.00178
0.065	-0.0017360000000000001
0.065	-0.001696
0.065	-0.0016519999999999998
0.065	-0.001612
0.065	-0.001576
0.065	-0.0015359999999999998
0.065	-0.001496
0.065	-0.00146
0.065	-0.001388
0.065	-0.001316
0.065	-0.00122
0.065	-0.001156
0.065	-0.0010959999999999998
0.065	-0.0010400000000000001
0.065	-0.0009599999999999999
0.065	-0.00047599999999999997
0.06999999999999999	-0.0029839999999999997
0.06999999999999999	-0.0029240000000000004
0.06999999999999999	-0.0028640000000000002
0.06999999999999999	-0.002804
0.06999999999999999	-0.002744
0.06999999999999999	-0.0026880000000000003
0.06999999999999999	-0.00246
0.06999999999999999	-0.0023
0.06999999999999999	-0.002144
0.06999999999999999	-0.002088
0.06999999999999999	-0.0020360000000000005
0.06999999999999999	-0.001988
0.06999999999999999	-0.0019399999999999999
0.06999999999999999	-0.0018839999999999998
0.06999999999999999	-0.001844
0.06999999999999999	-0.001796
0.06999999999999999	-0.001704
0.06999999999999999	-0.00166
0.06999999999999999	-0.001616
0.06999999999999999	-0.001576
0.06999999999999999	-0.001384
0.06999999999999999	-0.001336
0.06999999999999999	-0.0013
0.06999999999999999	-0.001264
0.06999999999999999	-0.00116
0.06999999999999999	-0.0010959999999999998
0.06999999999999999	-0.000976
0.06999999999999999	-0.00047599999999999997
0.075	-0.0029240000000000004
0.075	-0.00286
0.075	-0.002796
0.075	-0.0023
0.075	-0.002196
0.075	-0.00214
0.075	-0.002088
0.075	-0.002032
0.075	-0.00198
0.075	-0.00188
0.075	-0.0018239999999999999
0.075	-0.001776
0.075	-0.001728
0.075	-0.00168
0.075	-0.001584
0.075	-0.00154
0.075	-0.001496
0.075	-0.0013679999999999999
0.075	-0.001176
0.075	-0.00114
0.075	-0.0010400000000000001
0.075	-0.000976
0.075	-0.0009199999999999998
0.075	-0.00084
0.075	-0.00047599999999999997
0.07999999999999999	-0.002936
0.07999999999999999	-0.002868
0.07999999999999999	-0.0028
0.07999999999999999	-0.002664
0.07999999999999999	-0.002596
0.07999999999999999	-0.0023
0.07999999999999999	-0.0022199999999999998
0.07999999999999999	-0.00216
0.07999999999999999	-0.0021000000000000003
0.07999999999999999	-0.002044
0.07999999999999999	-0.001984
0.07999999999999999	-0.0018759999999999998
0.07999999999999999	-0.00182
0.07999999999999999	-0.001768
0.07999999999999999	-0.0017159999999999999
0.07999999999999999	-0.001664
0.07999999999999999	-0.001612
0.07999999999999999	-0.001564
0.07999999999999999	-0.001516
0.07999999999999999	-0.001376
0.07999999999999999	-0.001336
0.07999999999999999	-0.001292
0.07999999999999999	-0.0011359999999999999
0.07999999999999999	-0.0010999999999999998
0.07999999999999999	-0.0010639999999999996
0.07999999999999999	-0.0009639999999999999
0.07999999999999999	-0.0008999999999999998
0.07999999999999999	-0.0008160000000000001
0.07999999999999999	-0.00047999999999999996
0.08499999999999999	-0.0029679999999999997
0.08499999999999999	-0.002896
0.08499999999999999	-0.00282
0.08499999999999999	-0.002748
0.08499999999999999	-0.002676
0.08499999999999999	-0.002608
0.08499999999999999	-0.002536
0.08499999999999999	-0.0024000000000000002
0.08499999999999999	-0.0023
0.08499999999999999	-0.002204
0.08499999999999999	-0.00214
0.08499999999999999	-0.002076
0.08499999999999999	-0.002016
0.08499999999999999	-0.0019560000000000003
0.08499999999999999	-0.0018960000000000001
0.08499999999999999	-0.00184
0.08499999999999999	-0.00178
0.08499999999999999	-0.0017239999999999998
0.08499999999999999	-0.0016719999999999999
0.08499999999999999	-0.001616
0.08499999999999999	-0.001564
0.08499999999999999	-0.001516
0.08499999999999999	-0.001464
0.08499999999999999	-0.001416
0.08499999999999999	-0.001376
0.08499999999999999	-0.0013239999999999999
0.08499999999999999	-0.0012759999999999998
0.08499999999999999	-0.001236
0.08499999999999999	-0.001036
0.08499999999999999	-0.001
0.08499999999999999	-0.0008999999999999998
0.08499999999999999	-0.00084
0.08499999999999999	-0.0007599999999999998
0.08499999999999999	-0.00047999999999999996
0.09	-0.00296
0.09	-0.00288
0.09	-0.0028
0.09	-0.002724
0.09	-0.002648
0.09	-0.002576
0.09	-0.0025
0.09	-0.0023
0.09	-0.0022199999999999998
0.09	-0.00214
0.09	-0.002084
0.09	-0.00202
0.09	-0.0019560000000000003
0.09	-0.001892
0.09	-0.001768
0.09	-0.001712
0.09	-0.0016519999999999998
0.09	-0.001596
0.09	-0.00154
0.09	-0.0014880000000000002
0.09	-0.001436
0.09	-0.0013679999999999999
0.09	-0.001336
0.09	-0.0012879999999999999
0.09	-0.0012399999999999998
0.09	-0.0011959999999999998
0.09	-0.0009559999999999999
0.09	-0.0009199999999999998
0.09	-0.00047999999999999996
0.095	-0.002988
0.095	-0.002904
0.095	-0.00282
0.095	-0.0027400000000000002
0.095	-0.00266
0.095	-0.00258
0.095	-0.0025
0.095	-0.0023
0.095	-0.002204
0.095	-0.002136
0.095	-0.00206
0.095	-0.001992
0.095	-0.001924
0.095	-0.0018679999999999999
0.095	-0.001796
0.095	-0.0017319999999999998
0.095	-0.0016679999999999998
0.095	-0.001608
0.095	-0.001552
0.095	-0.001496
0.095	-0.0014399999999999999
0.095	-0.001364
0.095	-0.0012799999999999999
0.095	-0.001232
0.095	-0.001184
0.095	-0.00114
0.095	-0.0010959999999999998
0.095	-0.0008959999999999998
0.095	-0.0007999999999999999
0.095	-0.00047999999999999996
0.1	-0.00298
0.1	-0.002892
0.1	-0.002804
0.1	-0.00272
0.1	-0.002632
0.1	-0.0023
0.1	-0.002156
0.1	-0.0020800000000000003
0.1	-0.0020080000000000002
0.1	-0.001936
0.1	-0.001864
0.1	-0.0018
0.1	-0.0017319999999999998
0.1	-0.0016679999999999998
0.1	-0.001604
0.1	-0.0015439999999999998
0.1	-0.0014839999999999999
0.1	-0.001424
0.1	-0.001356
0.1	-0.0013119999999999998
0.1	-0.0012599999999999998
0.1	-0.0012079999999999999
0.1	-0.00116
0.1	-0.001068
0.1	-0.001024
0.1	-0.00098
0.1	-0.0009399999999999999
0.1	-0.0008999999999999998
0.1	-0.0007959999999999998
0.1	-0.0005679999999999997
0.1	-0.00047999999999999996
0.105	-0.002936
0.105	-0.002844
0.105	-0.002752
0.105	-0.002664
0.105	-0.002576
0.105	-0.0023
0.105	-0.0022519999999999997
0.105	-0.00216
0.105	-0.0020800000000000003
0.105	-0.002004
0.105	-0.001928
0.105	-0.001864
0.105	-0.001784
0.105	-0.001712
0.105	-0.001644
0.105	-0.0015799999999999998
0.105	-0.001516
0.105	-0.0014519999999999997
0.105	-0.0013319999999999999
0.105	-0.0012759999999999998
0.105	-0.0012239999999999998
0.105	-0.0011719999999999999
0.105	-0.00112
0.105	-0.001024
0.105	-0.00098
0.105	-0.0009399999999999999
0.105	-0.0008959999999999998
0.105	-0.0008599999999999999
0.105	-0.0008240000000000001
0.105	-0.0007559999999999998
0.105	-0.0006959999999999999
0.105	-0.00047999999999999996
0.11	-0.002956
0.11	-0.00286
0.11	-0.002764
0.11	-0.0026680000000000002
0.11	-0.002576
0.11	-0.002484
0.11	-0.0023
0.11	-0.0021319999999999998
0.11	-0.002056
0.11	-0.001976
0.11	-0.0019
0.11	-0.00186
0.11	-0.00182
0.11	-0.001748
0.11	-0.001676
0.11	-0.001604
0.11	-0.0015359999999999998
0.11	-0.001472
0.11	-0.001408
0.11	-0.00134
0.11	-0.001284
0.11	-0.001228
0.11	-0.0011719999999999999
0.11	-0.00112
0.11	-0.001068
0.11	-0.0010199999999999999
0.11	-0.0007399999999999998
0.11	-0.00047999999999999996
0.115	-0.002948
0.115	-0.0028480000000000003
0.115	-0.002748
0.115	-0.002648
0.115	-0.002456
0.115	-0.0023
0.115	-0.002184
0.115	-0.002128
0.115	-0.0020959999999999998
0.115	-0.002012
0.115	-0.001928
0.115	-0.0018440000000000002
0.115	-0.001768
0.115	-0.0016919999999999997
0.115	-0.00162
0.115	-0.001548
0.115	-0.0014759999999999999
0.115	-0.001408
0.115	-0.001352
0.115	-0.0012799999999999999
0.115	-0.00122
0.115	-0.0011639999999999999
0.115	-0.001108
0.115	-0.0010559999999999996
0.115	-0.0010040000000000001
0.115	-0.0009559999999999999
0.115	-0.0007199999999999997
0.115	-0.00066
0.115	-0.00047999999999999996
0.12	-0.002916
0.12	-0.002808
0.12	-0.0027040000000000002
0.12	-0.0026
0.12	-0.0025
0.12	-0.0024040000000000003
0.12	-0.0023
0.12	-0.002128
0.12	-0.002032
0.12	-0.001944
0.12	-0.001864
0.12	-0.001776
0.12	-0.001696
0.12	-0.00162
0.12	-0.0015439999999999998
0.12	-0.001472
0.12	-0.0014
0.12	-0.001328
0.12	-0.001268
0.12	-0.0012039999999999998
0.12	-0.0011439999999999998
0.12	-0.001088
0.12	-0.001032
0.12	-0.00098
0.12	-0.0008879999999999999
0.12	-0.0008439999999999999
0.12	-0.0007999999999999999
0.12	-0.0007639999999999998
0.12	-0.00047999999999999996
0.125	-0.002964
0.125	-0.002852
0.125	-0.002744
0.125	-0.0026360000000000003
0.125	-0.0025320000000000004
0.125	-0.0023
0.125	-0.0021319999999999998
0.125	-0.0020360000000000005
0.125	-0.001948
0.125	-0.00186
0.125	-0.0017720000000000001
0.125	-0.0016879999999999998
0.125	-0.001608
0.125	-0.0015279999999999998
0.125	-0.0014519999999999997
0.125	-0.00138
0.125	-0.001336
0.125	-0.001308
0.125	-0.0012399999999999998
0.125	-0.001176
0.125	-0.001116
0.125	-0.0010599999999999997
0.125	-0.0010040000000000001
0.125	-0.0009519999999999999
0.125	-0.0008999999999999998
0.125	-0.0008559999999999998
0.125	-0.0006959999999999999
0.125	-0.00048399999999999995
0.13	-0.00288
0.13	-0.002764
0.13	-0.0026520000000000003
0.13	-0.0025440000000000003
0.13	-0.0023
0.13	-0.002128
0.13	-0.002028
0.13	-0.0019320000000000001
0.13	-0.001836
0.13	-0.001752
0.13	-0.001664
0.13	-0.0015799999999999998
0.13	-0.0015
0.13	-0.001424
0.13	-0.001352
0.13	-0.001272
0.13	-0.0012079999999999999
0.13	-0.00114
0.13	-0.0010799999999999998
0.13	-0.0010199999999999999
0.13	-0.0009639999999999999
0.13	-0.0009119999999999998
0.13	-0.0008639999999999999
0.13	-0.0008160000000000001
0.13	-0.0007759999999999999
0.13	-0.0007359999999999998
0.13	-0.0006999999999999999
0.13	-0.00047999999999999996
0.135	-0.002892
0.135	-0.002772
0.135	-0.0026520000000000003
0.135	-0.00254
0.135	-0.0023
0.135	-0.002124
0.135	-0.002004
0.135	-0.001908
0.135	-0.001844
0.135	-0.0017159999999999999
0.135	-0.0016279999999999999
0.135	-0.0015439999999999998
0.135	-0.00146
0.135	-0.001384
0.135	-0.0013
0.135	-0.001232
0.135	-0.00116
0.135	-0.0010959999999999998
0.135	-0.001032
0.135	-0.000976
0.135	-0.0009199999999999998
0.135	-0.0008679999999999998
0.135	-0.00082
0.135	-0.0007759999999999999
0.135	-0.0006959999999999999
0.135	-0.00066
0.135	-0.00047999999999999996
0.14	-0.0028840000000000003
0.14	-0.002756
0.14	-0.0026360000000000003
0.14	-0.002516
0.14	-0.0024000000000000002
0.14	-0.0023
0.14	-0.002176
0.14	-0.00212
0.14	-0.0019639999999999996
0.14	-0.00184
0.14	-0.001764
0.14	-0.0016719999999999999
0.14	-0.0015799999999999998
0.14	-0.0014919999999999998
0.14	-0.001408
0.14	-0.001336
0.14	-0.001248
0.14	-0.001176
0.14	-0.001108
0.14	-0.001044
0.14	-0.00098
0.14	-0.0009239999999999998
0.14	-0.0008679999999999998
0.14	-0.00082
0.14	-0.00047999999999999996
0.14500000000000002	-0.002988
0.14500000000000002	-0.002856
0.14500000000000002	-0.0027280000000000004
0.14500000000000002	-0.0026
0.14500000000000002	-0.00248
0.14500000000000002	-0.00236
0.14500000000000002	-0.0023
0.14500000000000002	-0.002244
0.14500000000000002	-0.002128
0.14500000000000002	-0.00202
0.14500000000000002	-0.001912
0.14500000000000002	-0.00184
0.14500000000000002	-0.001804
0.14500000000000002	-0.0017079999999999999
0.14500000000000002	-0.001612
0.14500000000000002	-0.00152
0.14500000000000002	-0.0014320000000000001
0.14500000000000002	-0.001316
0.14500000000000002	-0.001264
0.14500000000000002	-0.0011879999999999998
0.14500000000000002	-0.001116
0.14500000000000002	-0.0010479999999999999
0.14500000000000002	-0.000984
0.14500000000000002	-0.0009239999999999998
0.14500000000000002	-0.0008679999999999998
0.14500000000000002	-0.0008160000000000001
0.14500000000000002	-0.0007679999999999998
0.14500000000000002	-0.0007239999999999997
0.14500000000000002	-0.0006839999999999998
0.14500000000000002	-0.0005399999999999999
0.14500000000000002	-0.00047999999999999996
0.15000000000000002	-0.002948
0.15000000000000002	-0.002812
0.15000000000000002	-0.00268
0.15000000000000002	-0.0025480000000000004
0.15000000000000002	-0.002424
0.15000000000000002	-0.0023
0.15000000000000002	-0.00218
0.15000000000000002	-0.002116
0.15000000000000002	-0.0020640000000000003
0.15000000000000002	-0.001952
0.15000000000000002	-0.001828
0.15000000000000002	-0.00174
0.15000000000000002	-0.00164
0.15000000000000002	-0.00154
0.15000000000000002	-0.001448
0.15000000000000002	-0.001364
0.15000000000000002	-0.0013119999999999998
0.15000000000000002	-0.001272
0.15000000000000002	-0.001192
0.15000000000000002	-0.00112
0.15000000000000002	-0.0010479999999999999
0.15000000000000002	-0.00098
0.15000000000000002	-0.0009199999999999998
0.15000000000000002	-0.0008599999999999999
0.15000000000000002	-0.000808
0.15000000000000002	-0.0007559999999999998
0.15000000000000002	-0.000636
0.15000000000000002	-0.00047999999999999996
0.15500000000000003	-0.0028880000000000004
0.15500000000000003	-0.002748
0.15500000000000003	-0.0026119999999999997
0.15500000000000003	-0.00248
0.15500000000000003	-0.0023
0.15500000000000003	-0.002244
0.15500000000000003	-0.002116
0.15500000000000003	-0.001988
0.15500000000000003	-0.0018759999999999998
0.15500000000000003	-0.001828
0.15500000000000003	-0.001764
0.15500000000000003	-0.001656
0.15500000000000003	-0.0015559999999999999
0.15500000000000003	-0.00146
0.15500000000000003	-0.0013679999999999999
0.15500000000000003	-0.001272
0.15500000000000003	-0.0011959999999999998
0.15500000000000003	-0.001116
0.15500000000000003	-0.001044
0.15500000000000003	-0.000972
0.15500000000000003	-0.0009079999999999997
0.15500000000000003	-0.0008480000000000001
0.15500000000000003	-0.0007959999999999998
0.15500000000000003	-0.0007439999999999998
0.15500000000000003	-0.0006999999999999999
0.15500000000000003	-0.00066
0.15500000000000003	-0.0006239999999999999
0.15500000000000003	-0.00047999999999999996
0.16	-0.002956
0.16	-0.002812
0.16	-0.0026680000000000002
0.16	-0.0025320000000000004
0.16	-0.0023
0.16	-0.00214
0.16	-0.002016
0.16	-0.0018960000000000001
0.16	-0.0018280000000000002
0.16	-0.00178
0.16	-0.0016719999999999999
0.16	-0.001564
0.16	-0.001464
0.16	-0.001372
0.16	-0.001304
0.16	-0.0011879999999999998
0.16	-0.001108
0.16	-0.001032
0.16	-0.0009639999999999999
0.16	-0.0008959999999999998
0.16	-0.0008359999999999999
0.16	-0.0007799999999999999
0.16	-0.0006839999999999998
0.16	-0.0006439999999999999
0.16	-0.0005759999999999998
0.16	-0.00047999999999999996
0.165	-0.0028640000000000002
0.165	-0.0027160000000000005
0.165	-0.002572
0.165	-0.0023
0.165	-0.00224
0.165	-0.002164
0.165	-0.002112
0.165	-0.0020360000000000005
0.165	-0.001912
0.165	-0.0018239999999999999
0.165	-0.001676
0.165	-0.001568
0.165	-0.001464
0.165	-0.0013679999999999999
0.165	-0.0013
0.165	-0.001264
0.165	-0.00118
0.165	-0.0010959999999999998
0.165	-0.0010199999999999999
0.165	-0.0009479999999999998
0.165	-0.0008799999999999999
0.165	-0.00082
0.165	-0.0007639999999999998
0.165	-0.00047999999999999996
0.17	-0.002912
0.17	-0.002756
0.17	-0.002608
0.17	-0.00246
0.17	-0.0023
0.17	-0.00224
0.17	-0.00218
0.17	-0.0021079999999999996
0.17	-0.0020480000000000003
0.17	-0.0019199999999999998
0.17	-0.0018239999999999999
0.17	-0.001676
0.17	-0.001564
0.17	-0.001456
0.17	-0.001356
0.17	-0.001292
0.17	-0.001252
0.17	-0.0011639999999999999
0.17	-0.0010799999999999998
0.17	-0.001
0.17	-0.0009279999999999998
0.17	-0.0008599999999999999
0.17	-0.0007999999999999999
0.17	-0.0007439999999999998
0.17	-0.00047999999999999996
0.17500000000000002	-0.002948
0.17500000000000002	-0.0027879999999999997
0.17500000000000002	-0.002632
0.17500000000000002	-0.00248
0.17500000000000002	-0.0023
0.17500000000000002	-0.00224
0.17500000000000002	-0.002108
0.17500000000000002	-0.0020520000000000004
0.17500000000000002	-0.0019199999999999998
0.17500000000000002	-0.00182
0.17500000000000002	-0.001788
0.17500000000000002	-0.0016679999999999998
0.17500000000000002	-0.001552
0.17500000000000002	-0.001444
0.17500000000000002	-0.00134
0.17500000000000002	-0.001284
0.17500000000000002	-0.001232
0.17500000000000002	-0.0011439999999999998
0.17500000000000002	-0.0010559999999999996
0.17500000000000002	-0.000976
0.17500000000000002	-0.0009039999999999997
0.17500000000000002	-0.0008359999999999999
0.17500000000000002	-0.0007759999999999999
0.17500000000000002	-0.0007199999999999997
0.17500000000000002	-0.0005599999999999997
0.17500000000000002	-0.00047999999999999996
0.18000000000000002	-0.0029760000000000003
0.18000000000000002	-0.002812
0.18000000000000002	-0.002648
0.18000000000000002	-0.0024920000000000003
0.18000000000000002	-0.0023
0.18000000000000002	-0.00224
0.18000000000000002	-0.002104
0.18000000000000002	-0.0020480000000000003
0.18000000000000002	-0.001912
0.18000000000000002	-0.001816
0.18000000000000002	-0.001776
0.18000000000000002	-0.001656
0.18000000000000002	-0.0015359999999999998
0.18000000000000002	-0.001424
0.18000000000000002	-0.00132
0.18000000000000002	-0.0012759999999999998
0.18000000000000002	-0.001212
0.18000000000000002	-0.00112
0.18000000000000002	-0.001032
0.18000000000000002	-0.0009519999999999999
0.18000000000000002	-0.000876
0.18000000000000002	-0.000808
0.18000000000000002	-0.0007479999999999998
0.18000000000000002	-0.0006959999999999999
0.18000000000000002	-0.0006479999999999999
0.18000000000000002	-0.00047999999999999996
0.185	-0.002824
0.185	-0.002656
0.185	-0.0023
0.185	-0.0022359999999999997
0.185	-0.002184
0.185	-0.002104
0.185	-0.00204
0.185	-0.0019
0.185	-0.001812
0.185	-0.0017599999999999998
0.185	-0.0016320000000000002
0.185	-0.0015119999999999999
0.185	-0.0014
0.185	-0.0013
0.185	-0.001264
0.185	-0.00118
0.185	-0.001088
0.185	-0.001
0.185	-0.0009199999999999998
0.185	-0.0008480000000000001
0.185	-0.0007799999999999999
0.185	-0.0007199999999999997
0.185	-0.000668
0.185	-0.0006239999999999999
0.185	-0.0005839999999999998
0.185	-0.000492
0.19	-0.002828
0.19	-0.002656
0.19	-0.0024879999999999998
0.19	-0.0023
0.19	-0.002172
0.19	-0.0021000000000000003
0.19	-0.00202
0.19	-0.0018759999999999998
0.19	-0.001804
0.19	-0.0017360000000000001
0.19	-0.001604
0.19	-0.0014839999999999999
0.19	-0.0013679999999999999
0.19	-0.0012799999999999999
0.19	-0.0012399999999999998
0.19	-0.0011480000000000001
0.19	-0.0010519999999999998
0.19	-0.0009639999999999999
0.19	-0.0008839999999999999
0.19	-0.0008119999999999999
0.19	-0.0007479999999999998
0.19	-0.0006919999999999997
0.19	-0.0006399999999999999
0.19	-0.0005959999999999999
0.19	-0.0005599999999999997
0.19	-0.00047999999999999996
0.195	-0.00282
0.195	-0.0026439999999999996
0.195	-0.0023
0.195	-0.0021479999999999997
0.195	-0.0020959999999999998
0.195	-0.001992
0.195	-0.001852
0.195	-0.001796
0.195	-0.001704
0.195	-0.001572
0.195	-0.001448
0.195	-0.0013319999999999999
0.195	-0.001264
0.195	-0.0012079999999999999
0.195	-0.001108
0.195	-0.001016
0.195	-0.0009279999999999998
0.195	-0.0008480000000000001
0.195	-0.0007759999999999999
0.195	-0.0007159999999999997
0.195	-0.00066
0.195	-0.0005399999999999999
0.195	-0.00047999999999999996
0.2	-0.002808
0.2	-0.002624
0.2	-0.002448
0.2	-0.0023
0.2	-0.00212
0.2	-0.00196
0.2	-0.00182
0.2	-0.001784
0.2	-0.001664
0.2	-0.0015279999999999998
0.2	-0.001404
0.2	-0.001292
0.2	-0.001248
0.2	-0.0011679999999999998
0.2	-0.001068
0.2	-0.000972
0.2	-0.0008879999999999999
0.2	-0.000808
0.2	-0.0007399999999999998
0.2	-0.0006799999999999998
0.2	-0.0006279999999999999
0.2	-0.0005839999999999998
0.2	-0.00047999999999999996
0.205	-0.0029760000000000003
0.205	-0.002784
0.205	-0.002596
0.205	-0.002416
0.205	-0.0023
0.205	-0.002244
0.205	-0.0020959999999999998
0.205	-0.001916
0.205	-0.0018
0.205	-0.001756
0.205	-0.001616
0.205	-0.0014839999999999999
0.205	-0.001356
0.205	-0.001264
0.205	-0.00122
0.205	-0.00112
0.205	-0.0010199999999999999
0.205	-0.0009279999999999998
0.205	-0.0008439999999999999
0.205	-0.0007679999999999998
0.205	-0.0007039999999999999
0.205	-0.0006479999999999999
0.205	-0.0005999999999999998
0.205	-0.0005599999999999997
0.205	-0.00047999999999999996
0.21	-0.002944
0.21	-0.002748
0.21	-0.0025599999999999998
0.21	-0.0023
0.21	-0.0021999999999999997
0.21	-0.002092
0.21	-0.002028
0.21	-0.0018679999999999999
0.21	-0.001788
0.21	-0.0017079999999999999
0.21	-0.001564
0.21	-0.0014320000000000001
0.21	-0.001308
0.21	-0.0012439999999999999
0.21	-0.001176
0.21	-0.001068
0.21	-0.0009679999999999999
0.21	-0.0008799999999999999
0.21	-0.0007999999999999999
0.21	-0.0007279999999999997
0.21	-0.000664
0.21	-0.0006119999999999999
0.21	-0.0005359999999999999
0.21	-0.000492
0.215	-0.002908
0.215	-0.0027040000000000002
0.215	-0.002512
0.215	-0.0023
0.215	-0.0021479999999999997
0.215	-0.0019720000000000002
0.215	-0.00182
0.215	-0.001776
0.215	-0.0016519999999999998
0.215	-0.0015079999999999998
0.215	-0.001372
0.215	-0.001264
0.215	-0.00122
0.215	-0.00112
0.215	-0.0010119999999999999
0.215	-0.0009159999999999998
0.215	-0.000828
0.215	-0.0007519999999999998
0.215	-0.0006839999999999998
0.215	-0.0006279999999999999
0.215	-0.0005799999999999998
0.215	-0.0005439999999999999
0.215	-0.00048399999999999995
0.22	-0.002856
0.22	-0.0026520000000000003
0.22	-0.002456
0.22	-0.0023
0.22	-0.0020959999999999998
0.22	-0.001912
0.22	-0.001788
0.22	-0.0017360000000000001
0.22	-0.001588
0.22	-0.001444
0.22	-0.0013119999999999998
0.22	-0.001236
0.22	-0.0011719999999999999
0.22	-0.0010599999999999997
0.22	-0.0009559999999999999
0.22	-0.0008639999999999999
0.22	-0.0007799999999999999
0.22	-0.0007079999999999998
0.22	-0.0006439999999999999
0.22	-0.0005919999999999999
0.22	-0.0005199999999999998
0.22	-0.00040399999999999974
0.225	-0.0028
0.225	-0.0025919999999999997
0.225	-0.0023
0.225	-0.0021999999999999997
0.225	-0.002084
0.225	-0.002016
0.225	-0.001844
0.225	-0.001776
0.225	-0.0016719999999999999
0.225	-0.00152
0.225	-0.001376
0.225	-0.001256
0.225	-0.001212
0.225	-0.001108
0.225	-0.001
0.225	-0.0008959999999999998
0.225	-0.000808
0.225	-0.0007279999999999997
0.225	-0.00066
0.225	-0.0006039999999999998
0.225	-0.0005599999999999997
0.225	-0.0005
0.23	-0.002948
0.23	-0.0027320000000000005
0.23	-0.00252
0.23	-0.0023
0.23	-0.002128
0.23	-0.0020800000000000003
0.23	-0.0019399999999999999
0.23	-0.001788
0.23	-0.001596
0.23	-0.001444
0.23	-0.001304
0.23	-0.0012239999999999998
0.23	-0.001156
0.23	-0.001044
0.23	-0.0009359999999999999
0.23	-0.0008359999999999999
0.23	-0.0007519999999999998
0.23	-0.0006799999999999998
0.23	-0.0006199999999999999
0.23	-0.000532
0.23	-0.000504
0.23500000000000001	-0.002876
0.23500000000000001	-0.002656
0.23500000000000001	-0.0024400000000000003
0.23500000000000001	-0.0023
0.23500000000000001	-0.00224
0.23500000000000001	-0.0020800000000000003
0.23500000000000001	-0.00204
0.23500000000000001	-0.00186
0.23500000000000001	-0.001768
0.23500000000000001	-0.001676
0.23500000000000001	-0.001516
0.23500000000000001	-0.0013679999999999999
0.23500000000000001	-0.0012439999999999999
0.23500000000000001	-0.0011959999999999998
0.23500000000000001	-0.001088
0.23500000000000001	-0.000972
0.23500000000000001	-0.0008679999999999998
0.23500000000000001	-0.0007799999999999999
0.23500000000000001	-0.0006999999999999999
0.23500000000000001	-0.000632
0.23500000000000001	-0.0005799999999999998
0.23500000000000001	-0.0005359999999999999
0.23500000000000001	-0.0003799999999999997
0.24000000000000002	-0.002792
0.24000000000000002	-0.002568
0.24000000000000002	-0.0023
0.24000000000000002	-0.002224
0.24000000000000002	-0.0021520000000000003
0.24000000000000002	-0.002076
0.24000000000000002	-0.001952
0.24000000000000002	-0.001788
0.24000000000000002	-0.001744
0.24000000000000002	-0.001592
0.24000000000000002	-0.0014320000000000001
0.24000000000000002	-0.0012879999999999999
0.24000000000000002	-0.001212
0.24000000000000002	-0.001132
0.24000000000000002	-0.0010119999999999999
0.24000000000000002	-0.0009039999999999997
0.24000000000000002	-0.0008039999999999998
0.24000000000000002	-0.0007199999999999997
0.24000000000000002	-0.0006479999999999999
0.24000000000000002	-0.0005879999999999998
0.24000000000000002	-0.0005439999999999999
0.245	-0.002936
0.245	-0.0027
0.245	-0.002476
0.245	-0.0023
0.245	-0.0022199999999999998
0.245	-0.0020800000000000003
0.245	-0.00186
0.245	-0.0017599999999999998
0.245	-0.0016679999999999998
0.245	-0.0015
0.245	-0.001344
0.245	-0.0012239999999999998
0.245	-0.0011719999999999999
0.245	-0.0010559999999999996
0.245	-0.0009399999999999999
0.245	-0.0008320000000000001
0.245	-0.0007439999999999998
0.245	-0.000664
0.245	-0.0005999999999999998
0.245	-0.0005519999999999998
0.245	-0.00036399999999999985
0.25	-0.002836
0.25	-0.0026
0.25	-0.0023
0.25	-0.0022199999999999998
0.25	-0.002156
0.25	-0.002068
0.25	-0.001952
0.25	-0.00178
0.25	-0.0017319999999999998
0.25	-0.001572
0.25	-0.001408
0.25	-0.0012599999999999998
0.25	-0.001192
0.25	-0.0010999999999999998
0.25	-0.000976
0.25	-0.0008639999999999999
0.25	-0.0007639999999999998
0.25	-0.0006839999999999998
0.25	-0.0006119999999999999
0.25	-0.0005599999999999997
0.25	-0.0005199999999999998
0.25	-0.00035599999999999987
0.255	-0.002972
0.255	-0.0027280000000000004
0.255	-0.0024879999999999998
0.255	-0.0023
0.255	-0.0022199999999999998
0.255	-0.002076
0.255	-0.00204
0.255	-0.0018479999999999998
0.255	-0.001752
0.255	-0.001644
0.255	-0.001472
0.255	-0.001312
0.255	-0.0012
0.255	-0.00114
0.255	-0.0010119999999999999
0.255	-0.0008959999999999998
0.255	-0.000792
0.255	-0.0006999999999999999
0.255	-0.0006279999999999999
0.255	-0.0005239999999999998
0.26	-0.00286
0.26	-0.002608
0.26	-0.0023
0.26	-0.002216
0.26	-0.0021479999999999997
0.26	-0.0020640000000000003
0.26	-0.0019320000000000001
0.26	-0.001764
0.26	-0.001712
0.26	-0.0015359999999999998
0.26	-0.0013679999999999999
0.26	-0.0012239999999999998
0.26	-0.0011679999999999998
0.26	-0.0010519999999999998
0.26	-0.0009279999999999998
0.26	-0.0008160000000000001
0.26	-0.0007199999999999997
0.26	-0.0006399999999999999
0.26	-0.0005759999999999998
0.26	-0.000532
0.26	-0.000496
0.26	-0.0003399999999999998
0.265	-0.002732
0.265	-0.002484
0.265	-0.0023
0.265	-0.0020680000000000004
0.265	-0.002016
0.265	-0.001816
0.265	-0.0017360000000000001
0.265	-0.001608
0.265	-0.001428
0.265	-0.001264
0.265	-0.00118
0.265	-0.0010919999999999999
0.265	-0.0009599999999999999
0.265	-0.0008439999999999999
0.265	-0.0007399999999999998
0.265	-0.000656
0.265	-0.0005879999999999998
0.265	-0.0005359999999999999
0.265	-0.0005
0.265	-0.0003319999999999999
0.27	-0.00286
0.27	-0.0026
0.27	-0.0023
0.27	-0.002216
0.27	-0.00212
0.27	-0.002056
0.27	-0.0018960000000000001
0.27	-0.001744
0.27	-0.0016719999999999999
0.27	-0.0014880000000000002
0.27	-0.001316
0.27	-0.0011879999999999998
0.27	-0.0011279999999999999
0.27	-0.000996
0.27	-0.000872
0.27	-0.0007639999999999998
0.27	-0.0006719999999999999
0.27	-0.0005959999999999999
0.27	-0.0005399999999999999
0.27	-0.000504
0.27	-0.00032399999999999996
0.275	-0.00272
0.275	-0.002464
0.275	-0.0023
0.275	-0.002224
0.275	-0.00206
0.275	-0.00198
0.275	-0.001776
0.275	-0.0017159999999999999
0.275	-0.001552
0.275	-0.0013679999999999999
0.275	-0.001212
0.275	-0.0011519999999999998
0.275	-0.001032
0.275	-0.0008999999999999998
0.275	-0.000784
0.275	-0.0006879999999999997
0.275	-0.0006079999999999998
0.275	-0.0005479999999999999
0.275	-0.000316
0.28	-0.002844
0.28	-0.002572
0.28	-0.0023
0.28	-0.002084
0.28	-0.002044
0.28	-0.001844
0.28	-0.001728
0.28	-0.00162
0.28	-0.001428
0.28	-0.001252
0.28	-0.00116
0.28	-0.001068
0.28	-0.0009319999999999999
0.28	-0.000808
0.28	-0.0007039999999999999
0.28	-0.0006199999999999999
0.28	-0.0005559999999999997
0.28	-0.00030799999999999995
0.28500000000000003	-0.002972
0.28500000000000003	-0.0026880000000000003
0.28500000000000003	-0.0024200000000000003
0.28500000000000003	-0.0023
0.28500000000000003	-0.002164
0.28500000000000003	-0.0020480000000000003
0.28500000000000003	-0.001924
0.28500000000000003	-0.00174
0.28500000000000003	-0.00168
0.28500000000000003	-0.0014839999999999999
0.28500000000000003	-0.0013
0.28500000000000003	-0.0011679999999999998
0.28500000000000003	-0.0011039999999999997
0.28500000000000003	-0.0009639999999999999
0.28500000000000003	-0.0008359999999999999
0.28500000000000003	-0.0007239999999999997
0.28500000000000003	-0.000632
0.28500000000000003	-0.0005639999999999997
0.28500000000000003	-0.0002999999999999999
0.29000000000000004	-0.002808
0.29000000000000004	-0.002528
0.29000000000000004	-0.0023
0.29000000000000004	-0.0020520000000000004
0.29000000000000004	-0.002
0.29000000000000004	-0.00178
0.29000000000000004	-0.0017079999999999999
0.29000000000000004	-0.001548
0.29000000000000004	-0.001352
0.29000000000000004	-0.0011879999999999998
0.29000000000000004	-0.001124
0.29000000000000004	-0.000996
0.29000000000000004	-0.0008599999999999999
0.29000000000000004	-0.0007439999999999998
0.29000000000000004	-0.0006439999999999999
0.29000000000000004	-0.0005719999999999998
0.29000000000000004	-0.0005159999999999999
0.29000000000000004	-0.0002919999999999999
0.29500000000000004	-0.002928
0.29500000000000004	-0.0026360000000000003
0.29500000000000004	-0.00236
0.29500000000000004	-0.0023
0.29500000000000004	-0.0021000000000000003
0.29500000000000004	-0.00204
0.29500000000000004	-0.001852
0.29500000000000004	-0.0017159999999999999
0.29500000000000004	-0.001608
0.29500000000000004	-0.001404
0.29500000000000004	-0.0012239999999999998
0.29500000000000004	-0.0011359999999999999
0.29500000000000004	-0.001032
0.29500000000000004	-0.0008879999999999999
0.29500000000000004	-0.0007639999999999998
0.29500000000000004	-0.00066
0.29500000000000004	-0.0005799999999999998
0.29500000000000004	-0.0005199999999999998
0.29500000000000004	-0.00028399999999999986
0.30000000000000004	-0.002748
0.30000000000000004	-0.00246
0.30000000000000004	-0.0023
0.30000000000000004	-0.00218
0.30000000000000004	-0.00204
0.30000000000000004	-0.001924
0.30000000000000004	-0.001728
0.30000000000000004	-0.001664
0.30000000000000004	-0.00146
0.30000000000000004	-0.001264
0.30000000000000004	-0.00114
0.30000000000000004	-0.0010639999999999996
0.30000000000000004	-0.0009159999999999998
0.30000000000000004	-0.000784
0.30000000000000004	-0.0006759999999999998
0.30000000000000004	-0.0005879999999999998
0.30000000000000004	-0.0005239999999999999
0.30000000000000004	-0.0002759999999999999
0.30500000000000005	-0.0028640000000000002
0.30500000000000005	-0.002564
0.30500000000000005	-0.0023
0.30500000000000005	-0.0021999999999999997
0.30500000000000005	-0.0020480000000000003
0.30500000000000005	-0.001996
0.30500000000000005	-0.001768
0.30500000000000005	-0.0016919999999999997
0.30500000000000005	-0.001516
0.30500000000000005	-0.0013119999999999998
0.30500000000000005	-0.0011519999999999998
0.30500000000000005	-0.0010879999999999998
0.30500000000000005	-0.0009439999999999999
0.30500000000000005	-0.000808
0.30500000000000005	-0.0006879999999999997
0.30500000000000005	-0.0005959999999999999
0.30500000000000005	-0.000528
0.30500000000000005	-0.00026799999999999985
0.31000000000000005	-0.00298
0.31000000000000005	-0.0026680000000000002
0.31000000000000005	-0.0023
0.31000000000000005	-0.0021999999999999997
0.31000000000000005	-0.0020959999999999998
0.31000000000000005	-0.002028
0.31000000000000005	-0.0018319999999999999
0.31000000000000005	-0.0017
0.31000000000000005	-0.001576
0.31000000000000005	-0.0013599999999999999
0.31000000000000005	-0.001176
0.31000000000000005	-0.0011039999999999997
0.31000000000000005	-0.000976
0.31000000000000005	-0.000828
0.31000000000000005	-0.0007039999999999999
0.31000000000000005	-0.0006079999999999998
0.31000000000000005	-0.0005359999999999999
0.31000000000000005	-0.0002559999999999998
0.315	-0.002776
0.315	-0.002468
0.315	-0.0023
0.315	-0.002204
0.315	-0.002032
0.315	-0.0019
0.315	-0.0017079999999999999
0.315	-0.0016279999999999999
0.315	-0.001412
0.315	-0.001212
0.315	-0.001108
0.315	-0.0010040000000000001
0.315	-0.000852
0.315	-0.0007239999999999997
0.315	-0.0006159999999999999
0.315	-0.0005399999999999999
0.315	-0.0002479999999999998
0.32	-0.0028880000000000004
0.32	-0.002568
0.32	-0.0023
0.32	-0.002196
0.32	-0.0020360000000000005
0.32	-0.0019720000000000002
0.32	-0.0017319999999999998
0.32	-0.0016679999999999998
0.32	-0.001464
0.32	-0.001252
0.32	-0.0011119999999999997
0.32	-0.001032
0.32	-0.000876
0.32	-0.0007399999999999998
0.32	-0.0006279999999999999
0.32	-0.0005439999999999999
0.32	-0.00023999999999999976
0.325	-0.002672
0.325	-0.0023
0.325	-0.002196
0.325	-0.0020680000000000004
0.325	-0.002012
0.325	-0.001788
0.325	-0.001676
0.325	-0.001516
0.325	-0.0012959999999999998
0.325	-0.001124
0.325	-0.0010559999999999996
0.325	-0.0009039999999999997
0.325	-0.0007559999999999998
0.325	-0.0006399999999999999
0.325	-0.0005519999999999998
0.325	-0.00023199999999999973
0.33	-0.002776
0.33	-0.002448
0.33	-0.0023
0.33	-0.002196
0.33	-0.00214
0.33	-0.00202
0.33	-0.001852
0.33	-0.00168
0.33	-0.001572
0.33	-0.00134
0.33	-0.0011439999999999998
0.33	-0.001068
0.33	-0.0009279999999999998
0.33	-0.0007759999999999999
0.33	-0.000652
0.33	-0.0005559999999999997
0.33	-0.0002199999999999997
0.335	-0.0028840000000000003
0.335	-0.0025440000000000003
0.335	-0.0023
0.335	-0.00202
0.335	-0.001916
0.335	-0.0016919999999999997
0.335	-0.00162
0.335	-0.001388
0.335	-0.001176
0.335	-0.001076
0.335	-0.0009559999999999999
0.335	-0.0007959999999999998
0.335	-0.000664
0.335	-0.0005639999999999997
0.335	-0.00021199999999999968
0.34	-0.00264
0.34	-0.0023
0.34	-0.002028
0.34	-0.00198
0.34	-0.0017239999999999998
0.34	-0.0016480000000000002
0.34	-0.001436
0.34	-0.001212
0.34	-0.001076
0.34	-0.00098
0.34	-0.0008160000000000001
0.34	-0.0006759999999999998
0.34	-0.0005679999999999997
0.34	-0.00020399999999999984
0.34500000000000003	-0.0027400000000000002
0.34500000000000003	-0.002396
0.34500000000000003	-0.0023
0.34500000000000003	-0.00226
0.34500000000000003	-0.002188
0.34500000000000003	-0.002076
0.34500000000000003	-0.002
0.34500000000000003	-0.001776
0.34500000000000003	-0.001656
0.34500000000000003	-0.0014880000000000002
0.34500000000000003	-0.001248
0.34500000000000003	-0.001084
0.34500000000000003	-0.0010040000000000001
0.34500000000000003	-0.00084
0.34500000000000003	-0.0006919999999999999
0.34500000000000003	-0.0005759999999999998
0.34500000000000003	-0.0005399999999999999
0.34500000000000003	-0.00019199999999999995
0.35	-0.00284
0.35	-0.002484
0.35	-0.0023
0.35	-0.00226
0.35	-0.002188
0.35	-0.002004
0.35	-0.001836
0.35	-0.00166
0.35	-0.0015359999999999998
0.35	-0.001292
0.35	-0.0010919999999999999
0.35	-0.001024
0.35	-0.0008599999999999999
0.35	-0.0007079999999999998
0.35	-0.0005839999999999998
0.35	-0.0005399999999999999
0.35	-0.00018399999999999978
0.355	-0.002948
0.355	-0.002576
0.355	-0.0023
0.355	-0.00226
0.355	-0.002176
0.355	-0.002004
0.355	-0.0019
0.355	-0.001664
0.355	-0.001584
0.355	-0.0013319999999999999
0.355	-0.001116
0.355	-0.001032
0.355	-0.0008839999999999999
0.355	-0.0007199999999999997
0.355	-0.0005919999999999999
0.355	-0.0005399999999999999
0.355	-0.0001719999999999999
0.36	-0.002672
0.36	-0.0023
0.36	-0.002176
0.36	-0.002012
0.36	-0.0019560000000000003
0.36	-0.0016879999999999998
0.36	-0.001616
0.36	-0.001376
0.36	-0.0011439999999999998
0.36	-0.001036
0.36	-0.0009079999999999997
0.36	-0.0007359999999999998
0.36	-0.0005999999999999998
0.36	-0.0005399999999999999
0.36	-0.000164
0.365	-0.002768
0.365	-0.0023
0.365	-0.002176
0.365	-0.0020520000000000004
0.365	-0.001984
0.365	-0.0017319999999999998
0.365	-0.0016279999999999999
0.365	-0.001424
0.365	-0.001176
0.365	-0.001036
0.365	-0.0009279999999999998
0.365	-0.0007519999999999998
0.365	-0.0006079999999999998
0.365	-0.0005399999999999999
0.365	-0.00015199999999999995
0.37	-0.0028640000000000002
0.37	-0.00248
0.37	-0.0023
0.37	-0.002176
0.37	-0.00212
0.37	-0.001988
0.37	-0.001784
0.37	-0.0016279999999999999
0.37	-0.001468
0.37	-0.0012079999999999999
0.37	-0.001036
0.37	-0.0009479999999999998
0.37	-0.0007719999999999999
0.37	-0.0006199999999999999
0.37	-0.0005399999999999999
0.37	-0.00014399999999999995
0.375	-0.0029679999999999997
0.375	-0.002568
0.375	-0.0023
0.375	-0.0021999999999999997
0.375	-0.002164
0.375	-0.001984
0.375	-0.001844
0.375	-0.0016320000000000002
0.375	-0.0015119999999999999
0.375	-0.0012439999999999999
0.375	-0.001044
0.375	-0.0009679999999999999
0.375	-0.0007879999999999999
0.375	-0.0006279999999999999
0.375	-0.0005399999999999999
0.375	-0.0001319999999999999
0.38	-0.002656
0.38	-0.0023
0.38	-0.001988
0.38	-0.001904
0.38	-0.0016359999999999999
0.38	-0.0015559999999999999
0.38	-0.001284
0.38	-0.0010559999999999996
0.38	-0.00098
0.38	-0.0008039999999999998
0.38	-0.0006399999999999999
0.38	-0.0005399999999999999
0.38	-0.00011999999999999988
0.385	-0.002748
0.385	-0.0023
0.385	-0.002164
0.385	-0.002
0.385	-0.0019479999999999996
0.385	-0.00166
0.385	-0.001584
0.385	-0.0013239999999999999
0.385	-0.001076
0.385	-0.000984
0.385	-0.0008240000000000001
0.385	-0.0006479999999999999
0.385	-0.0005399999999999999
0.385	-0.00011199999999999986
0.39	-0.002844
0.39	-0.002428
0.39	-0.0023
0.39	-0.002164
0.39	-0.0020520000000000004
0.39	-0.0019639999999999996
0.39	-0.0017
0.39	-0.001592
0.39	-0.001364
0.39	-0.0010999999999999998
0.39	-0.000984
0.39	-0.0008439999999999999
0.39	-0.00066
0.39	-0.0005399999999999999
0.39	-0.00009999999999999983
0.395	-0.00294
0.395	-0.002512
0.395	-0.0023
0.395	-0.002164
0.395	-0.002112
0.395	-0.0019639999999999996
0.395	-0.001748
0.395	-0.001592
0.395	-0.001408
0.395	-0.0011279999999999999
0.395	-0.00098
0.395	-0.0008599999999999999
0.395	-0.0006719999999999999
0.395	-0.0005399999999999999
0.395	-0.0000879999999999998
0.4	-0.002596
0.4	-0.0023
0.4	-0.002244
0.4	-0.002192
0.4	-0.0019639999999999996
0.4	-0.001804
0.4	-0.001592
0.4	-0.001448
0.4	-0.00116
0.4	-0.00098
0.4	-0.0008799999999999999
0.4	-0.0006839999999999998
0.4	-0.0005399999999999999
0.4	-0.00007999999999999978
0.40499999999999997	-0.002684
0.40499999999999997	-0.0023
0.40499999999999997	-0.002264
0.40499999999999997	-0.0021520000000000003
0.40499999999999997	-0.0019639999999999996
0.40499999999999997	-0.001856
0.40499999999999997	-0.001596
0.40499999999999997	-0.001488
0.40499999999999997	-0.001192
0.40499999999999997	-0.00098
0.40499999999999997	-0.0008959999999999998
0.40499999999999997	-0.0006959999999999999
0.40499999999999997	-0.0005399999999999999
0.40499999999999997	-0.00006799999999999974
0.41000000000000003	-0.002772
0.41000000000000003	-0.0023
0.41000000000000003	-0.00224
0.41000000000000003	-0.0021479999999999997
0.41000000000000003	-0.001968
0.41000000000000003	-0.001908
0.41000000000000003	-0.001604
0.41000000000000003	-0.001524
0.41000000000000003	-0.0012239999999999998
0.41000000000000003	-0.000984
0.41000000000000003	-0.0009079999999999997
0.41000000000000003	-0.0007079999999999998
0.41000000000000003	-0.0005399999999999999
0.41000000000000003	-0.000055999999999999715
0.41500000000000004	-0.00286
0.41500000000000004	-0.0023
0.41500000000000004	-0.00224
0.41500000000000004	-0.0021479999999999997
0.41500000000000004	-0.002
0.41500000000000004	-0.0019320000000000001
0.41500000000000004	-0.0016239999999999998
0.41500000000000004	-0.0015439999999999998
0.41500000000000004	-0.0012599999999999998
0.41500000000000004	-0.000992
0.41500000000000004	-0.0009159999999999998
0.41500000000000004	-0.0007199999999999997
0.41500000000000004	-0.0005399999999999999
0.41500000000000004	-0.00004399999999999968
0.42000000000000004	-0.0029519999999999998
0.42000000000000004	-0.0024879999999999998
0.42000000000000004	-0.0023
0.42000000000000004	-0.0022359999999999997
0.42000000000000004	-0.002144
0.42000000000000004	-0.002056
0.42000000000000004	-0.001936
0.42000000000000004	-0.001664
0.42000000000000004	-0.001548
0.42000000000000004	-0.0012959999999999998
0.42000000000000004	-0.0010119999999999999
0.42000000000000004	-0.0009159999999999998
0.42000000000000004	-0.0007359999999999998
0.42000000000000004	-0.0005399999999999999
0.42000000000000004	-0.00003199999999999965
0.42500000000000004	-0.002564
0.42500000000000004	-0.0023
0.42500000000000004	-0.0022359999999999997
0.42500000000000004	-0.0021479999999999997
0.42500000000000004	-0.001936
0.42500000000000004	-0.001712
0.42500000000000004	-0.001548
0.42500000000000004	-0.0013319999999999999
0.42500000000000004	-0.001032
0.42500000000000004	-0.0009119999999999998
0.42500000000000004	-0.0007479999999999998
0.42500000000000004	-0.0005399999999999999
0.42500000000000004	-0.000019999999999999836
0.43000000000000005	-0.002648
0.43000000000000005	-0.0023
0.43000000000000005	-0.0022359999999999997
0.43000000000000005	-0.0021319999999999998
0.43000000000000005	-0.0019320000000000001
0.43000000000000005	-0.0017599999999999998
0.43000000000000005	-0.001548
0.43000000000000005	-0.001372
0.43000000000000005	-0.0010559999999999996
0.43000000000000005	-0.0009079999999999997
0.43000000000000005	-0.0007639999999999998
0.43000000000000005	-0.0005439999999999999
0.43500000000000005	-0.0027320000000000005
0.43500000000000005	-0.0023
0.43500000000000005	-0.00226
0.43500000000000005	-0.0021319999999999998
0.43500000000000005	-0.0019320000000000001
0.43500000000000005	-0.001812
0.43500000000000005	-0.0015439999999999998
0.43500000000000005	-0.001408
0.43500000000000005	-0.0010799999999999998
0.43500000000000005	-0.0009039999999999997
0.43500000000000005	-0.0007759999999999999
0.43500000000000005	-0.0005439999999999999
0.44000000000000006	-0.002816
0.44000000000000006	-0.0023
0.44000000000000006	-0.002128
0.44000000000000006	-0.0019320000000000001
0.44000000000000006	-0.00186
0.44000000000000006	-0.0015439999999999998
0.44000000000000006	-0.001444
0.44000000000000006	-0.001108
0.44000000000000006	-0.0008999999999999998
0.44000000000000006	-0.000792
0.44000000000000006	-0.0005439999999999999
0.44500000000000006	-0.002904
0.44500000000000006	-0.0024000000000000002
0.44500000000000006	-0.0023
0.44500000000000006	-0.002128
0.44500000000000006	-0.001952
0.44500000000000006	-0.001892
0.44500000000000006	-0.001552
0.44500000000000006	-0.0014759999999999999
0.44500000000000006	-0.0011359999999999999
0.44500000000000006	-0.0008919999999999998
0.44500000000000006	-0.0008039999999999998
0.44500000000000006	-0.0005439999999999999
0.45	-0.0029920000000000003
0.45	-0.002472
0.45	-0.0023
0.45	-0.002224
0.45	-0.002124
0.45	-0.001996
0.45	-0.0019
0.45	-0.001572
0.45	-0.001488
0.45	-0.0011679999999999998
0.45	-0.0008919999999999998
0.45	-0.0008160000000000001
0.45	-0.0005439999999999999
0.455	-0.0025480000000000004
0.455	-0.0023
0.455	-0.002224
0.455	-0.00212
0.455	-0.0020520000000000004
0.455	-0.0019
0.455	-0.001608
0.455	-0.0014919999999999998
0.455	-0.0011959999999999998
0.455	-0.0008919999999999998
0.455	-0.0008240000000000001
0.455	-0.0005439999999999999
0.46	-0.002624
0.46	-0.0023
0.46	-0.0022199999999999998
0.46	-0.0021000000000000003
0.46	-0.0018960000000000001
0.46	-0.0016519999999999998
0.46	-0.0014919999999999998
0.46	-0.001228
0.46	-0.0008999999999999998
0.46	-0.0008240000000000001
0.46	-0.0005439999999999999
0.465	-0.0027
0.465	-0.0023
0.465	-0.0022199999999999998
0.465	-0.00218
0.465	-0.001892
0.465	-0.001696
0.465	-0.0014880000000000002
0.465	-0.0012599999999999998
0.465	-0.0009159999999999998
0.465	-0.00082
0.465	-0.0005439999999999999
0.47000000000000003	-0.00278
0.47000000000000003	-0.0023
0.47000000000000003	-0.002244
0.47000000000000003	-0.002104
0.47000000000000003	-0.0018880000000000001
0.47000000000000003	-0.001744
0.47000000000000003	-0.00148
0.47000000000000003	-0.0012959999999999998
0.47000000000000003	-0.0009319999999999999
0.47000000000000003	-0.0008160000000000001
0.47000000000000003	-0.0005439999999999999
0.47500000000000003	-0.0028640000000000002
0.47500000000000003	-0.0023
0.47500000000000003	-0.002212
0.47500000000000003	-0.0021000000000000003
0.47500000000000003	-0.0018839999999999998
0.47500000000000003	-0.001788
0.47500000000000003	-0.0014759999999999999
0.47500000000000003	-0.0013279999999999998
0.47500000000000003	-0.0009479999999999998
0.47500000000000003	-0.000808
0.47500000000000003	-0.0005439999999999999
0.48000000000000004	-0.002948
0.48000000000000004	-0.0023
0.48000000000000004	-0.002212
0.48000000000000004	-0.0020959999999999998
0.48000000000000004	-0.0018880000000000001
0.48000000000000004	-0.001828
0.48000000000000004	-0.001472
0.48000000000000004	-0.0013599999999999999
0.48000000000000004	-0.0009679999999999999
0.48000000000000004	-0.0007959999999999998
0.48000000000000004	-0.0005439999999999999
0.485	-0.002444
0.485	-0.0023
0.485	-0.002092
0.485	-0.001916
0.485	-0.001848
0.485	-0.001472
0.485	-0.001388
0.485	-0.000988
0.485	-0.0007879999999999999
0.485	-0.0005439999999999999
0.49	-0.002516
0.49	-0.0023
0.49	-0.002204
0.49	-0.0020880000000000004
0.49	-0.00196
0.49	-0.001852
0.49	-0.0014839999999999999
0.49	-0.001408
0.49	-0.0010119999999999999
0.49	-0.0007759999999999999
0.49	-0.0005439999999999999
0.495	-0.002588
0.495	-0.0023
0.495	-0.002204
0.495	-0.002088
0.495	-0.002012
0.495	-0.0018479999999999998
0.495	-0.0015079999999999998
0.495	-0.001416
0.495	-0.001036
0.495	-0.0007679999999999998
0.495	-0.0005439999999999999
0.5	-0.00266
0.5	-0.0023
0.5	-0.0021999999999999997
0.5	-0.00206
0.5	-0.00184
0.5	-0.00154
0.5	-0.001412
0.5	-0.0010599999999999997
0.5	-0.0007559999999999998
0.5	-0.0005439999999999999
0.505	-0.002736
0.505	-0.0023
0.505	-0.002196
0.505	-0.0021319999999999998
0.505	-0.002068
0.505	-0.001836
0.505	-0.0015799999999999998
0.505	-0.001408
0.505	-0.001084
0.505	-0.0007439999999999998
0.505	-0.0005439999999999999
0.51	-0.002812
0.51	-0.0023
0.51	-0.002188
0.51	-0.0020680000000000004
0.51	-0.001828
0.51	-0.00162
0.51	-0.0014
0.51	-0.001108
0.51	-0.0007319999999999998
0.51	-0.0005439999999999999
0.515	-0.0028880000000000004
0.515	-0.0023
0.515	-0.0020640000000000003
0.515	-0.0018239999999999999
0.515	-0.001664
0.515	-0.001392
0.515	-0.0011359999999999999
0.515	-0.0007199999999999997
0.515	-0.0005439999999999999
0.52	-0.0029679999999999997
0.52	-0.0023
0.52	-0.002188
0.52	-0.002056
0.52	-0.00182
0.52	-0.001704
0.52	-0.001384
0.52	-0.0011639999999999999
0.52	-0.0007079999999999998
0.52	-0.0005479999999999999
0.525	-0.0023760000000000005
0.525	-0.0023
0.525	-0.002184
0.525	-0.0020520000000000004
0.525	-0.001816
0.525	-0.001744
0.525	-0.001376
0.525	-0.0011879999999999998
0.525	-0.0006919999999999999
0.525	-0.0005479999999999999
0.53	-0.0024400000000000003
0.53	-0.0023
0.53	-0.00218
0.53	-0.0020480000000000003
0.53	-0.0018239999999999999
0.53	-0.001776
0.53	-0.0013679999999999999
0.53	-0.0012159999999999999
0.53	-0.0006799999999999998
0.53	-0.0005479999999999999
0.535	-0.0025080000000000002
0.535	-0.0023
0.535	-0.002176
0.535	-0.002044
0.535	-0.00186
0.535	-0.00178
0.535	-0.0013599999999999999
0.535	-0.0012439999999999999
0.535	-0.000668
0.535	-0.0005479999999999999
0.54	-0.002576
0.54	-0.0023
0.54	-0.002176
0.54	-0.0020360000000000005
0.54	-0.001904
0.54	-0.001776
0.54	-0.001356
0.54	-0.0012679999999999998
0.54	-0.000652
0.54	-0.0005479999999999999
0.545	-0.0026439999999999996
0.545	-0.0023
0.545	-0.002172
0.545	-0.002032
0.545	-0.001952
0.545	-0.001768
0.545	-0.001356
0.545	-0.0012879999999999999
0.545	-0.0006399999999999999
0.545	-0.0005479999999999999
0.55	-0.0027160000000000005
0.55	-0.0023
0.55	-0.0021680000000000002
0.55	-0.002
0.55	-0.0017599999999999998
0.55	-0.001372
0.55	-0.0012959999999999998
0.55	-0.0006239999999999999
0.55	-0.0005479999999999997
0.555	-0.002784
0.555	-0.0023
0.555	-0.002164
0.555	-0.0020640000000000003
0.555	-0.002016
0.555	-0.001752
0.555	-0.001396
0.555	-0.001292
0.555	-0.0006119999999999999
0.56	-0.00286
0.56	-0.0023
0.56	-0.00216
0.56	-0.002116
0.56	-0.0020080000000000002
0.56	-0.001744
0.56	-0.001428
0.56	-0.001284
0.56	-0.0005959999999999999
0.5650000000000001	-0.0029319999999999997
0.5650000000000001	-0.0023
0.5650000000000001	-0.002156
0.5650000000000001	-0.002004
0.5650000000000001	-0.0017360000000000001
0.5650000000000001	-0.00146
0.5650000000000001	-0.0012759999999999998
0.5650000000000001	-0.0005839999999999998
0.5700000000000001	-0.0023
0.5700000000000001	-0.002224
0.5700000000000001	-0.0021520000000000003
0.5700000000000001	-0.002
0.5700000000000001	-0.001728
0.5700000000000001	-0.001496
0.5700000000000001	-0.001264
0.5700000000000001	-0.0005679999999999997
0.5750000000000001	-0.0023
0.5750000000000001	-0.0021479999999999997
0.5750000000000001	-0.001992
0.5750000000000001	-0.00172
0.5750000000000001	-0.001532
0.5750000000000001	-0.001252
0.5750000000000001	-0.0005519999999999998
0.5800000000000001	-0.0023
0.5800000000000001	-0.002144
0.5800000000000001	-0.001984
0.5800000000000001	-0.001712
0.5800000000000001	-0.001568
0.5800000000000001	-0.0012399999999999998
0.5800000000000001	-0.0005359999999999999
0.5850000000000001	-0.0024000000000000002
0.5850000000000001	-0.0023
0.5850000000000001	-0.00214
0.5850000000000001	-0.00198
0.5850000000000001	-0.001704
0.5850000000000001	-0.001604
0.5850000000000001	-0.001228
0.5850000000000001	-0.0005199999999999998
0.59	-0.002464
0.59	-0.0023
0.59	-0.002136
0.59	-0.0019720000000000002
0.59	-0.001696
0.59	-0.00164
0.59	-0.0012159999999999999
0.59	-0.000504
0.595	-0.002524
0.595	-0.0023
0.595	-0.0021319999999999998
0.595	-0.0019639999999999996
0.595	-0.0017079999999999999
0.595	-0.00166
0.595	-0.0012039999999999998
0.595	-0.000488
0.6	-0.002588
0.6	-0.0023
0.6	-0.002128
0.6	-0.0019560000000000003
0.6	-0.00174
0.6	-0.00166
0.6	-0.0011879999999999998
0.6	-0.0005479999999999999
0.6	-0.0004719999999999999
0.605	-0.0026520000000000003
0.605	-0.0023
0.605	-0.002124
0.605	-0.0019479999999999996
0.605	-0.00178
0.605	-0.0016519999999999998
0.605	-0.001176
0.605	-0.0005519999999999998
0.605	-0.0004559999999999999
0.61	-0.00272
0.61	-0.0023
0.61	-0.00212
0.61	-0.001944
0.61	-0.0018239999999999999
0.61	-0.001644
0.61	-0.0011639999999999999
0.61	-0.0005519999999999998
0.61	-0.000492
0.61	-0.00043999999999999985
0.615	-0.002784
0.615	-0.0023
0.615	-0.002116
0.615	-0.001936
0.615	-0.0018679999999999999
0.615	-0.0016320000000000002
0.615	-0.0011480000000000001
0.615	-0.0005519999999999998
0.615	-0.000492
0.615	-0.0004239999999999998
0.62	-0.002856
0.62	-0.0023
0.62	-0.002112
0.62	-0.001908
0.62	-0.00162
0.62	-0.0011359999999999999
0.62	-0.0005519999999999998
0.62	-0.000492
0.62	-0.00040399999999999974
0.625	-0.0029240000000000004
0.625	-0.0023
0.625	-0.002108
0.625	-0.00196
0.625	-0.001916
0.625	-0.001612
0.625	-0.00112
0.625	-0.0005519999999999998
0.625	-0.000492
0.625	-0.00038799999999999973
0.63	-0.0023
0.63	-0.002104
0.63	-0.0020080000000000002
0.63	-0.001908
0.63	-0.0015999999999999999
0.63	-0.0011039999999999997
0.63	-0.0005519999999999998
0.63	-0.000492
0.63	-0.00037199999999999966
0.635	-0.0023
0.635	-0.0021000000000000003
0.635	-0.002056
0.635	-0.0019
0.635	-0.001588
0.635	-0.0010919999999999999
0.635	-0.0005519999999999998
0.635	-0.000492
0.635	-0.00035199999999999994
0.64	-0.0023
0.64	-0.0020959999999999998
0.64	-0.001892
0.64	-0.001576
0.64	-0.001076
0.64	-0.0005519999999999998
0.64	-0.000492
0.64	-0.0003319999999999999
0.645	-0.0023
0.645	-0.002156
0.645	-0.002092
0.645	-0.0018839999999999998
0.645	-0.001564
0.645	-0.0010599999999999997
0.645	-0.0005519999999999998
0.645	-0.000492
0.645	-0.000316
0.65	-0.0023
0.65	-0.0022080000000000003
0.65	-0.002084
0.65	-0.0018759999999999998
0.65	-0.001552
0.65	-0.001044
0.65	-0.0005519999999999998
0.65	-0.000492
0.65	-0.00029599999999999993
0.655	-0.0023
0.655	-0.00226
0.655	-0.0020800000000000003
0.655	-0.0018679999999999999
0.655	-0.00154
0.655	-0.0010279999999999998
0.655	-0.0005519999999999998
0.655	-0.000492
0.655	-0.0002759999999999999
0.66	-0.0023
0.66	-0.002076
0.66	-0.00186
0.66	-0.0015279999999999998
0.66	-0.0010119999999999999
0.66	-0.0005519999999999998
0.66	-0.000492
0.66	-0.0002599999999999998
0.665	-0.0023
0.665	-0.002072
0.665	-0.001852
0.665	-0.0015119999999999999
0.665	-0.000996
0.665	-0.0005519999999999998
0.665	-0.000492
0.665	-0.00023999999999999976
0.67	-0.002424
0.67	-0.0023
0.67	-0.0020640000000000003
0.67	-0.00184
0.67	-0.0015
0.67	-0.00098
0.67	-0.0005519999999999998
0.67	-0.000492
0.67	-0.0002199999999999997
0.675	-0.002484
0.675	-0.0023
0.675	-0.00206
0.675	-0.0018319999999999999
0.675	-0.0014880000000000002
0.675	-0.0009639999999999999
0.675	-0.0005519999999999998
0.675	-0.000492
0.675	-0.00019999999999999987
0.68	-0.00254
0.68	-0.0023
0.68	-0.002056
0.68	-0.0018239999999999999
0.68	-0.001472
0.68	-0.0009439999999999999
0.68	-0.0005519999999999998
0.68	-0.000492
0.68	-0.00017999999999999982
0.685	-0.0026
0.685	-0.0023
0.685	-0.0020520000000000004
0.685	-0.001812
0.685	-0.00146
0.685	-0.0009279999999999998
0.685	-0.0005519999999999998
0.685	-0.000492
0.685	-0.00015999999999999999
0.6900000000000001	-0.00266
0.6900000000000001	-0.0023
0.6900000000000001	-0.002044
0.6900000000000001	-0.001804
0.6900000000000001	-0.001444
0.6900000000000001	-0.0009119999999999998
0.6900000000000001	-0.0005559999999999997
0.6900000000000001	-0.000492
0.6900000000000001	-0.00013999999999999993
0.6950000000000001	-0.00272
0.6950000000000001	-0.0023
0.6950000000000001	-0.00204
0.6950000000000001	-0.001796
0.6950000000000001	-0.0014320000000000001
0.6950000000000001	-0.0008919999999999998
0.6950000000000001	-0.0005559999999999997
0.6950000000000001	-0.000492
0.6950000000000001	-0.00011599999999999987
0.7000000000000001	-0.00278
0.7000000000000001	-0.0023
0.7000000000000001	-0.0020360000000000005
0.7000000000000001	-0.001784
0.7000000000000001	-0.001416
0.7000000000000001	-0.000876
0.7000000000000001	-0.0005559999999999997
0.7000000000000001	-0.000492
0.7000000000000001	-0.00009599999999999981
0.7050000000000001	-0.002844
0.7050000000000001	-0.0023
0.7050000000000001	-0.002028
0.7050000000000001	-0.001776
0.7050000000000001	-0.0014
0.7050000000000001	-0.0008559999999999998
0.7050000000000001	-0.0005559999999999997
0.7050000000000001	-0.000492
0.7050000000000001	-0.00007599999999999976
0.7100000000000001	-0.002908
0.7100000000000001	-0.0023
0.7100000000000001	-0.002024
0.7100000000000001	-0.001764
0.7100000000000001	-0.001388
0.7100000000000001	-0.0008359999999999999
0.7100000000000001	-0.0005559999999999997
0.7100000000000001	-0.000492
0.7100000000000001	-0.000051999999999999705
0.7150000000000001	-0.002972
0.7150000000000001	-0.0023
0.7150000000000001	-0.002016
0.7150000000000001	-0.001752
0.7150000000000001	-0.001372
0.7150000000000001	-0.00082
0.7150000000000001	-0.0005559999999999997
0.7150000000000001	-0.000492
0.7150000000000001	-0.00003199999999999965
0.7200000000000001	-0.0023
0.7200000000000001	-0.002012
0.7200000000000001	-0.001744
0.7200000000000001	-0.001356
0.7200000000000001	-0.0007999999999999999
0.7200000000000001	-0.0005559999999999997
0.7200000000000001	-0.000492
0.725	-0.0023
0.725	-0.002004
0.725	-0.0017319999999999998
0.725	-0.00134
0.725	-0.0007799999999999999
0.725	-0.0005559999999999997
0.725	-0.000492
0.73	-0.0023
0.73	-0.002
0.73	-0.0017239999999999998
0.73	-0.0013239999999999999
0.73	-0.0007599999999999998
0.73	-0.0005559999999999997
0.73	-0.000492
0.735	-0.0023
0.735	-0.001996
0.735	-0.001712
0.735	-0.001308
0.735	-0.0007399999999999998
0.735	-0.0005559999999999997
0.735	-0.000492
0.74	-0.0023
0.74	-0.001988
0.74	-0.0017
0.74	-0.001292
0.74	-0.0007199999999999997
0.74	-0.0005559999999999997
0.74	-0.000492
0.745	-0.0023
0.745	-0.001984
0.745	-0.0016879999999999998
0.745	-0.0012759999999999998
0.745	-0.0006999999999999999
0.745	-0.0005559999999999997
0.745	-0.000492
0.75	-0.0023
0.75	-0.001976
0.75	-0.00168
0.75	-0.0012599999999999998
0.75	-0.0006799999999999998
0.75	-0.0005559999999999997
0.75	-0.000492
0.755	-0.0023
0.755	-0.001968
0.755	-0.0016679999999999998
0.755	-0.0012439999999999999
0.755	-0.000656
0.755	-0.0005559999999999997
0.755	-0.000492
0.76	-0.0023
0.76	-0.0019639999999999996
0.76	-0.001656
0.76	-0.001228
0.76	-0.000636
0.76	-0.0005559999999999997
0.76	-0.000492
0.765	-0.0023
0.765	-0.0019560000000000003
0.765	-0.001644
0.765	-0.001212
0.765	-0.0006159999999999999
0.765	-0.0005599999999999997
0.765	-0.000496
0.77	-0.0023
0.77	-0.001952
0.77	-0.0016320000000000002
0.77	-0.001192
0.77	-0.0005919999999999999
0.77	-0.0005599999999999997
0.77	-0.000496
0.775	-0.0023
0.775	-0.001944
0.775	-0.00162
0.775	-0.001176
0.775	-0.0005719999999999998
0.775	-0.000496
0.78	-0.0023
0.78	-0.001936
0.78	-0.0016079999999999996
0.78	-0.00116
0.78	-0.0005479999999999997
0.785	-0.0023
0.785	-0.0019320000000000001
0.785	-0.001596
0.785	-0.00114
0.785	-0.0005599999999999997
0.785	-0.0005279999999999998
0.79	-0.0023
0.79	-0.001924
0.79	-0.001584
0.79	-0.001124
0.79	-0.0005599999999999997
0.79	-0.000504
0.795	-0.0023
0.795	-0.001916
0.795	-0.001572
0.795	-0.0011039999999999997
0.795	-0.0005599999999999997
0.795	-0.00047999999999999996
0.8	-0.0023
0.8	-0.001912
0.8	-0.00156
0.8	-0.001088
0.8	-0.0005599999999999997
0.8	-0.000496
0.8	-0.0004559999999999999
0.805	-0.0023
0.805	-0.001904
0.805	-0.001548
0.805	-0.001068
0.805	-0.0005599999999999997
0.805	-0.000496
0.805	-0.0004319999999999998
0.81	-0.0023
0.81	-0.0018960000000000001
0.81	-0.0015359999999999998
0.81	-0.0010479999999999999
0.81	-0.0005599999999999997
0.81	-0.000496
0.81	-0.0004079999999999998
0.8150000000000001	-0.0023
0.8150000000000001	-0.0018880000000000001
0.8150000000000001	-0.001524
0.8150000000000001	-0.001032
0.8150000000000001	-0.0005599999999999997
0.8150000000000001	-0.000496
0.8150000000000001	-0.0003839999999999997
0.8200000000000001	-0.0023
0.8200000000000001	-0.0018839999999999998
0.8200000000000001	-0.0015119999999999999
0.8200000000000001	-0.0010119999999999999
0.8200000000000001	-0.0005599999999999997
0.8200000000000001	-0.000496
0.8200000000000001	-0.00035999999999999986
0.8250000000000001	-0.0023
0.8250000000000001	-0.0018759999999999998
0.8250000000000001	-0.0015
0.8250000000000001	-0.000992
0.8250000000000001	-0.0005599999999999997
0.8250000000000001	-0.000496
0.8250000000000001	-0.0003359999999999998
0.8300000000000001	-0.0023
0.8300000000000001	-0.0018679999999999999
0.8300000000000001	-0.0014839999999999999
0.8300000000000001	-0.000972
0.8300000000000001	-0.0005599999999999997
0.8300000000000001	-0.000496
0.8300000000000001	-0.00031199999999999994
0.8350000000000001	-0.0023
0.8350000000000001	-0.00186
0.8350000000000001	-0.001472
0.8350000000000001	-0.0009519999999999999
0.8350000000000001	-0.0005599999999999997
0.8350000000000001	-0.000496
0.8350000000000001	-0.0002879999999999999
0.8400000000000001	-0.0023
0.8400000000000001	-0.001852
0.8400000000000001	-0.00146
0.8400000000000001	-0.0009319999999999999
0.8400000000000001	-0.0005599999999999997
0.8400000000000001	-0.000496
0.8400000000000001	-0.0002599999999999998
0.8450000000000001	-0.0023
0.8450000000000001	-0.0018479999999999998
0.8450000000000001	-0.001444
0.8450000000000001	-0.0009119999999999998
0.8450000000000001	-0.0005639999999999997
0.8450000000000001	-0.000496
0.8450000000000001	-0.00023599999999999975
0.8500000000000001	-0.0023
0.8500000000000001	-0.00184
0.8500000000000001	-0.0014320000000000001
0.8500000000000001	-0.0008919999999999998
0.8500000000000001	-0.0005639999999999997
0.8500000000000001	-0.000496
0.8500000000000001	-0.0002079999999999998
0.8550000000000001	-0.0023
0.8550000000000001	-0.0018319999999999999
0.8550000000000001	-0.0014199999999999998
0.8550000000000001	-0.000872
0.8550000000000001	-0.0005639999999999997
0.8550000000000001	-0.000496
0.8550000000000001	-0.00018399999999999978
0.86	-0.0023
0.86	-0.0018239999999999999
0.86	-0.001404
0.86	-0.000852
0.86	-0.0005639999999999997
0.86	-0.000496
0.86	-0.00015599999999999997
0.865	-0.0023
0.865	-0.001816
0.865	-0.001392
0.865	-0.0008320000000000001
0.865	-0.0005639999999999997
0.865	-0.000496
0.865	-0.0001319999999999999
0.87	-0.0023
0.87	-0.001808
0.87	-0.001376
0.87	-0.0008119999999999999
0.87	-0.0005639999999999997
0.87	-0.000496
0.87	-0.00010399999999999984
0.875	-0.0023
0.875	-0.0018
0.875	-0.001364
0.875	-0.000792
0.875	-0.0005639999999999997
0.875	-0.000496
0.875	-0.00007599999999999976
0.88	-0.0023
0.88	-0.0017919999999999998
0.88	-0.0013479999999999998
0.88	-0.0007679999999999998
0.88	-0.0005639999999999997
0.88	-0.000496
0.88	-0.00004799999999999969
0.885	-0.0023
0.885	-0.001784
0.885	-0.001336
0.885	-0.0007479999999999998
0.885	-0.0005639999999999997
0.885	-0.000496
0.885	-0.000019999999999999836
0.89	-0.0023
0.89	-0.001776
0.89	-0.00132
0.89	-0.0007279999999999997
0.89	-0.0005639999999999997
0.89	-0.000496
0.895	-0.0023
0.895	-0.001768
0.895	-0.001308
0.895	-0.0007039999999999999
0.895	-0.0005639999999999997
0.895	-0.000496
0.9	-0.0023
0.9	-0.0017599999999999998
0.9	-0.001292
0.9	-0.0006839999999999998
0.9	-0.0005639999999999997
0.9	-0.000496
0.905	-0.0023
0.905	-0.001752
0.905	-0.0012799999999999999
0.905	-0.000664
0.905	-0.0005639999999999997
0.905	-0.000496
0.91	-0.0023
0.91	-0.001744
0.91	-0.001264
0.91	-0.0006399999999999999
0.91	-0.0005639999999999997
0.91	-0.000496
0.915	-0.0023
0.915	-0.0017319999999999998
0.915	-0.001248
0.915	-0.0006199999999999999
0.915	-0.0005679999999999997
0.915	-0.000496
0.92	-0.0023
0.92	-0.0017239999999999998
0.92	-0.001232
0.92	-0.0005959999999999999
0.92	-0.000496
0.925	-0.0023
0.925	-0.0017159999999999999
0.925	-0.00122
0.925	-0.0005759999999999998
0.925	-0.000496
0.93	-0.0023
0.93	-0.0017079999999999999
0.93	-0.0012039999999999998
0.93	-0.0005519999999999998
0.93	-0.000496
0.935	-0.0023
0.935	-0.0017
0.935	-0.0011879999999999998
0.935	-0.0005279999999999998
0.9400000000000001	-0.0023
0.9400000000000001	-0.0016919999999999997
0.9400000000000001	-0.0011719999999999999
0.9400000000000001	-0.0005679999999999997
0.9400000000000001	-0.000508
0.9450000000000001	-0.0023
0.9450000000000001	-0.00168
0.9450000000000001	-0.001156
0.9450000000000001	-0.0005679999999999997
0.9450000000000001	-0.00048399999999999995
0.9500000000000001	-0.0023
0.9500000000000001	-0.0016719999999999999
0.9500000000000001	-0.0011439999999999998
0.9500000000000001	-0.0005679999999999997
0.9500000000000001	-0.000496
0.9500000000000001	-0.0004599999999999999
0.9550000000000001	-0.0023
0.9550000000000001	-0.001664
0.9550000000000001	-0.0011279999999999999
0.9550000000000001	-0.0005679999999999997
0.9550000000000001	-0.000496
0.9550000000000001	-0.00043999999999999985
0.9600000000000001	-0.0023
0.9600000000000001	-0.001656
0.9600000000000001	-0.0011119999999999997
0.9600000000000001	-0.0005679999999999997
0.9600000000000001	-0.000496
0.9600000000000001	-0.0004159999999999998
0.9650000000000001	-0.0023
0.9650000000000001	-0.001644
0.9650000000000001	-0.0010959999999999998
0.9650000000000001	-0.0005679999999999997
0.9650000000000001	-0.000496
0.9650000000000001	-0.0003919999999999997
0.9700000000000001	-0.0023
0.9700000000000001	-0.0016359999999999999
0.9700000000000001	-0.0010799999999999998
0.9700000000000001	-0.0005679999999999997
0.9700000000000001	-0.000496
0.9700000000000001	-0.0003679999999999998
0.9750000000000001	-0.0023
0.9750000000000001	-0.0016279999999999999
0.9750000000000001	-0.0010639999999999996
0.9750000000000001	-0.0005679999999999997
0.9750000000000001	-0.000496
0.9750000000000001	-0.0003439999999999998
0.9800000000000001	-0.0023
0.9800000000000001	-0.001616
0.9800000000000001	-0.0010479999999999999
0.9800000000000001	-0.0005679999999999997
0.9800000000000001	-0.000496
0.9800000000000001	-0.00031999999999999997
0.9850000000000001	-0.0023
0.9850000000000001	-0.001608
0.9850000000000001	-0.001032
0.9850000000000001	-0.0005719999999999998
0.9850000000000001	-0.000496
0.9850000000000001	-0.00029599999999999993
0.9900000000000001	-0.0023
0.9900000000000001	-0.0015999999999999999
0.9900000000000001	-0.001016
0.9900000000000001	-0.0005719999999999998
0.9900000000000001	-0.000496
0.9900000000000001	-0.00027199999999999984
0.995	-0.0023
0.995	-0.001588
0.995	-0.001
0.995	-0.0005719999999999998
0.995	-0.000496
0.995	-0.0002479999999999998
1.	-0.0023
1.	-0.0015799999999999998
1.	-0.00098
1.	-0.0005719999999999998
1.	-0.000496
1.	-0.00022399999999999973
1.005	-0.0023
1.005	-0.001568
1.005	-0.0009639999999999999
1.005	-0.0005719999999999998
1.005	-0.000496
1.005	-0.00019999999999999987
1.01	-0.0023
1.01	-0.00156
1.01	-0.0009479999999999998
1.01	-0.0005719999999999998
1.01	-0.000496
1.01	-0.00017599999999999986
1.015	-0.0023
1.015	-0.001548
1.015	-0.0009319999999999999
1.015	-0.0005719999999999998
1.015	-0.000496
1.015	-0.00015199999999999995
1.02	-0.0023
1.02	-0.00154
1.02	-0.0009159999999999998
1.02	-0.0005719999999999998
1.02	-0.000496
1.02	-0.0001279999999999999
1.025	-0.0023
1.025	-0.0015279999999999998
1.025	-0.0008999999999999998
1.025	-0.0005719999999999998
1.025	-0.000496
1.025	-0.00010399999999999984
1.03	-0.0023
1.03	-0.00152
1.03	-0.0008799999999999999
1.03	-0.0005719999999999998
1.03	-0.000496
1.03	-0.00007599999999999976
1.035	-0.0023
1.035	-0.0015079999999999998
1.035	-0.0008639999999999999
1.035	-0.0005719999999999998
1.035	-0.000496
1.035	-0.000051999999999999705
1.0399999999999998	-0.0023
1.0399999999999998	-0.0015
1.0399999999999998	-0.0008480000000000001
1.0399999999999998	-0.0005719999999999998
1.0399999999999998	-0.0005
1.0399999999999998	-0.00002799999999999977
1.0449999999999997	-0.0023
1.0449999999999997	-0.0014880000000000002
1.0449999999999997	-0.000828
1.0449999999999997	-0.0005719999999999998
1.0449999999999997	-0.0005
1.0499999999999998	-0.0023
1.0499999999999998	-0.00148
1.0499999999999998	-0.0008119999999999999
1.0499999999999998	-0.0005719999999999998
1.0499999999999998	-0.0005
1.0549999999999997	-0.0023
1.0549999999999997	-0.001468
1.0549999999999997	-0.0007959999999999998
1.0549999999999997	-0.0005759999999999998
1.0549999999999997	-0.0005
1.0599999999999998	-0.0023
1.0599999999999998	-0.001456
1.0599999999999998	-0.0007759999999999999
1.0599999999999998	-0.0005759999999999998
1.0599999999999998	-0.0005
1.0649999999999997	-0.0023
1.0649999999999997	-0.001448
1.0649999999999997	-0.0007599999999999998
1.0649999999999997	-0.0005759999999999998
1.0649999999999997	-0.0005
1.0699999999999998	-0.0023
1.0699999999999998	-0.001436
1.0699999999999998	-0.0007399999999999998
1.0699999999999998	-0.0005759999999999998
1.0699999999999998	-0.0005
1.0749999999999997	-0.0023
1.0749999999999997	-0.001428
1.0749999999999997	-0.0007239999999999997
1.0749999999999997	-0.0005759999999999998
1.0749999999999997	-0.0005
1.0799999999999998	-0.0023
1.0799999999999998	-0.001416
1.0799999999999998	-0.0007039999999999999
1.0799999999999998	-0.0005759999999999998
1.0799999999999998	-0.0005
1.085	-0.0023
1.085	-0.001404
1.085	-0.0006879999999999997
1.085	-0.0005759999999999998
1.085	-0.0005
1.0899999999999999	-0.0023
1.0899999999999999	-0.001392
1.0899999999999999	-0.000668
1.0899999999999999	-0.0005759999999999998
1.0899999999999999	-0.0005
1.095	-0.0023
1.095	-0.001384
1.095	-0.000652
1.095	-0.0005759999999999998
1.095	-0.0005
1.0999999999999999	-0.0023
1.0999999999999999	-0.001372
1.0999999999999999	-0.000632
1.0999999999999999	-0.0005759999999999998
1.0999999999999999	-0.0005
1.105	-0.0023
1.105	-0.0013599999999999999
1.105	-0.0006159999999999999
1.105	-0.0005759999999999998
1.105	-0.0005
1.1099999999999999	-0.0023
1.1099999999999999	-0.0013479999999999998
1.1099999999999999	-0.0005959999999999999
1.1099999999999999	-0.0005
1.115	-0.0023
1.115	-0.00134
1.115	-0.0005759999999999998
1.115	-0.0005
1.1199999999999999	-0.0023
1.1199999999999999	-0.0013279999999999998
1.1199999999999999	-0.0005599999999999997
1.1199999999999999	-0.0005
1.125	-0.0023
1.125	-0.001316
1.125	-0.0005799999999999998
1.125	-0.0005399999999999999
1.125	-0.0005
1.13	-0.0023
1.13	-0.001304
1.13	-0.0005799999999999998
1.13	-0.0005199999999999998
1.1349999999999998	-0.0023
1.1349999999999998	-0.001292
1.1349999999999998	-0.0005799999999999998
1.1349999999999998	-0.0005
1.14	-0.0023
1.14	-0.0012799999999999999
1.14	-0.0005799999999999998
1.14	-0.00048399999999999995
1.1449999999999998	-0.0023
1.1449999999999998	-0.001268
1.1449999999999998	-0.0005799999999999998
1.1449999999999998	-0.0005
1.1449999999999998	-0.0004639999999999999
1.15	-0.0023
1.15	-0.001256
1.15	-0.0005799999999999998
1.15	-0.0005
1.15	-0.00044399999999999984
1.1549999999999998	-0.0023
1.1549999999999998	-0.001248
1.1549999999999998	-0.0005799999999999998
1.1549999999999998	-0.0005
1.1549999999999998	-0.0004239999999999998
1.16	-0.0023
1.16	-0.001236
1.16	-0.0005799999999999998
1.16	-0.0005
1.16	-0.0004079999999999998
1.1649999999999998	-0.0023
1.1649999999999998	-0.0012239999999999998
1.1649999999999998	-0.0005799999999999998
1.1649999999999998	-0.0005
1.1649999999999998	-0.00038799999999999973
1.17	-0.0023
1.17	-0.001212
1.17	-0.0005799999999999998
1.17	-0.0005
1.17	-0.0003679999999999998
1.1749999999999998	-0.0023
1.1749999999999998	-0.0012
1.1749999999999998	-0.0005799999999999998
1.1749999999999998	-0.0005
1.1749999999999998	-0.00034799999999999973
1.1799999999999997	-0.0023
1.1799999999999997	-0.0011879999999999998
1.1799999999999997	-0.0005799999999999998
1.1799999999999997	-0.0005
1.1799999999999997	-0.000328
1.1849999999999998	-0.0023
1.1849999999999998	-0.001176
1.1849999999999998	-0.0005839999999999998
1.1849999999999998	-0.0005
1.1849999999999998	-0.00030799999999999995
1.1899999999999997	-0.0023
1.1899999999999997	-0.0011639999999999999
1.1899999999999997	-0.0005839999999999998
1.1899999999999997	-0.0005
1.1899999999999997	-0.0002879999999999999
1.1949999999999998	-0.0023
1.1949999999999998	-0.0011480000000000001
1.1949999999999998	-0.0005839999999999998
1.1949999999999998	-0.0005
1.1949999999999998	-0.00026799999999999985
1.1999999999999997	-0.0023
1.1999999999999997	-0.0011359999999999999
1.1999999999999997	-0.0005839999999999998
1.1999999999999997	-0.0005
1.1999999999999997	-0.0002479999999999998
1.2049999999999998	-0.0023
1.2049999999999998	-0.001124
1.2049999999999998	-0.0005839999999999998
1.2049999999999998	-0.0005
1.2049999999999998	-0.00022799999999999974
1.2099999999999997	-0.0023
1.2099999999999997	-0.0011119999999999997
1.2099999999999997	-0.0005839999999999998
1.2099999999999997	-0.0005
1.2099999999999997	-0.0002079999999999998
1.2149999999999999	-0.0023
1.2149999999999999	-0.0010999999999999998
1.2149999999999999	-0.0005839999999999998
1.2149999999999999	-0.0005
1.2149999999999999	-0.00018799999999999975
1.22	-0.0023
1.22	-0.001088
1.22	-0.0005839999999999998
1.22	-0.0005
1.22	-0.00016800000000000002
1.2249999999999999	-0.0023
1.2249999999999999	-0.001076
1.2249999999999999	-0.0005839999999999998
1.2249999999999999	-0.0005
1.2249999999999999	-0.00014799999999999997
1.23	-0.0023
1.23	-0.0010639999999999996
1.23	-0.0005839999999999998
1.23	-0.0005
1.23	-0.0001279999999999999
1.2349999999999999	-0.0023
1.2349999999999999	-0.0010479999999999999
1.2349999999999999	-0.0005839999999999998
1.2349999999999999	-0.0005
1.2349999999999999	-0.00010799999999999985
1.24	-0.0023
1.24	-0.001036
1.24	-0.0005839999999999998
1.24	-0.0005
1.24	-0.0000879999999999998
1.2449999999999999	-0.0023
1.2449999999999999	-0.001024
1.2449999999999999	-0.0005879999999999998
1.2449999999999999	-0.0005
1.2449999999999999	-0.00006399999999999974
1.25	-0.0023
1.25	-0.0010119999999999999
1.25	-0.0005879999999999998
1.25	-0.0005
1.25	-0.00004399999999999968
1.255	-0.0023
1.255	-0.000996
1.255	-0.0005879999999999998
1.255	-0.0005
1.255	-0.000023999999999999804
1.26	-0.0023
1.26	-0.000984
1.26	-0.0005879999999999998
1.26	-0.0005
1.265	-0.0023
1.265	-0.000972
1.265	-0.0005879999999999998
1.265	-0.0005
1.2699999999999998	-0.0023
1.2699999999999998	-0.0009599999999999999
1.2699999999999998	-0.0005879999999999998
1.2699999999999998	-0.0005
1.275	-0.0023
1.275	-0.0009439999999999999
1.275	-0.0005879999999999998
1.275	-0.0005
1.2799999999999998	-0.0023
1.2799999999999998	-0.0009319999999999999
1.2799999999999998	-0.0005879999999999998
1.2799999999999998	-0.0005
1.285	-0.0023
1.285	-0.0009199999999999998
1.285	-0.0005879999999999998
1.285	-0.0005
1.2899999999999998	-0.0023
1.2899999999999998	-0.0009039999999999997
1.2899999999999998	-0.0005879999999999998
1.2899999999999998	-0.0005
1.295	-0.0023
1.295	-0.0008919999999999998
1.295	-0.0005879999999999998
1.295	-0.0005
1.2999999999999998	-0.0023
1.2999999999999998	-0.0008799999999999999
1.2999999999999998	-0.0005879999999999998
1.2999999999999998	-0.0005
1.305	-0.0023
1.305	-0.0008639999999999999
1.305	-0.0005919999999999999
1.305	-0.0005
1.3099999999999998	-0.0023
1.3099999999999998	-0.000852
1.3099999999999998	-0.0005919999999999999
1.3099999999999998	-0.0005
1.3149999999999997	-0.0023
1.3149999999999997	-0.0008359999999999999
1.3149999999999997	-0.0005919999999999999
1.3149999999999997	-0.0005
1.3199999999999998	-0.0023
1.3199999999999998	-0.0008240000000000001
1.3199999999999998	-0.0005919999999999999
1.3199999999999998	-0.0005
1.3249999999999997	-0.0023
1.3249999999999997	-0.000808
1.3249999999999997	-0.0005919999999999999
1.3249999999999997	-0.0005
1.3299999999999998	-0.0023
1.3299999999999998	-0.0007959999999999998
1.3299999999999998	-0.0005919999999999999
1.3299999999999998	-0.0005
1.3349999999999997	-0.0023
1.3349999999999997	-0.0007799999999999999
1.3349999999999997	-0.0005919999999999999
1.3349999999999997	-0.0005
1.3399999999999999	-0.0023
1.3399999999999999	-0.0007679999999999998
1.3399999999999999	-0.0005919999999999999
1.3399999999999999	-0.0005
1.3449999999999998	-0.0023
1.3449999999999998	-0.0007519999999999998
1.3449999999999998	-0.0005919999999999999
1.3449999999999998	-0.0005
1.3499999999999999	-0.0023
1.3499999999999999	-0.0007399999999999998
1.3499999999999999	-0.0005919999999999999
1.3499999999999999	-0.0005
1.355	-0.0023
1.355	-0.0007239999999999997
1.355	-0.0005919999999999999
1.355	-0.0005
1.3599999999999999	-0.0023
1.3599999999999999	-0.0007119999999999997
1.3599999999999999	-0.0005919999999999999
1.3599999999999999	-0.0005
1.365	-0.0023
1.365	-0.0006959999999999999
1.365	-0.0005959999999999999
1.365	-0.0005
1.3699999999999999	-0.0023
1.3699999999999999	-0.0006839999999999998
1.3699999999999999	-0.0005959999999999999
1.3699999999999999	-0.0005
1.375	-0.0023
1.375	-0.000668
1.375	-0.0005959999999999999
1.375	-0.0005
1.38	-0.0023
1.38	-0.000652
1.38	-0.0005959999999999999
1.38	-0.0005
1.385	-0.0023
1.385	-0.0006399999999999999
1.385	-0.0005959999999999999
1.385	-0.0005
1.39	-0.0023
1.39	-0.0006239999999999999
1.39	-0.0005
1.395	-0.0023
1.395	-0.0005959999999999999
1.395	-0.0005
1.4	-0.0023
1.4	-0.0005959999999999999
1.4	-0.0005
1.4049999999999998	-0.0023
1.4049999999999998	-0.0005799999999999998
1.4049999999999998	-0.0005
1.41	-0.0023
1.41	-0.0005679999999999997
1.41	-0.0005
1.4149999999999998	-0.0023
1.4149999999999998	-0.0005959999999999999
1.4149999999999998	-0.0005519999999999998
1.4149999999999998	-0.0005
1.42	-0.0023
1.42	-0.0005959999999999999
1.42	-0.0005359999999999999
1.42	-0.0005
1.4249999999999998	-0.0023
1.4249999999999998	-0.0005999999999999998
1.4249999999999998	-0.0005
1.43	-0.0023
1.43	-0.0005999999999999998
1.43	-0.0005
1.4349999999999998	-0.0023
1.4349999999999998	-0.0005999999999999998
1.4349999999999998	-0.0005
1.44	-0.0023
1.44	-0.0005999999999999998
1.44	-0.0005
1.4449999999999998	-0.0023
1.4449999999999998	-0.0005999999999999998
1.4449999999999998	-0.0005
1.4449999999999998	-0.0004599999999999999
1.4499999999999997	-0.0023
1.4499999999999997	-0.0005999999999999998
1.4499999999999997	-0.0005
1.4499999999999997	-0.0004479999999999999
1.4549999999999998	-0.0023
1.4549999999999998	-0.0005999999999999998
1.4549999999999998	-0.0005
1.4549999999999998	-0.0004319999999999998
1.4599999999999997	-0.0023
1.4599999999999997	-0.0005999999999999998
1.4599999999999997	-0.0005
1.4599999999999997	-0.0004159999999999998
1.4649999999999999	-0.0023
1.4649999999999999	-0.0005999999999999998
1.4649999999999999	-0.0005
1.4649999999999999	-0.00039999999999999975
1.4699999999999998	-0.0023
1.4699999999999998	-0.0005999999999999998
1.4699999999999998	-0.0005
1.4699999999999998	-0.0003839999999999997
1.4749999999999999	-0.0023
1.4749999999999999	-0.0005999999999999998
1.4749999999999999	-0.0005
1.4749999999999999	-0.0003679999999999998
1.4799999999999998	-0.0023
1.4799999999999998	-0.0006039999999999998
1.4799999999999998	-0.0005
1.4799999999999998	-0.00035199999999999994
1.4849999999999999	-0.0023
1.4849999999999999	-0.0006039999999999998
1.4849999999999999	-0.0005
1.4849999999999999	-0.0003399999999999998
1.49	-0.0023
1.49	-0.0006039999999999998
1.49	-0.0005
1.49	-0.00032399999999999996
1.4949999999999999	-0.0023
1.4949999999999999	-0.0006039999999999998
1.4949999999999999	-0.0005
1.4949999999999999	-0.00030799999999999995
1.5	-0.0023
1.5	-0.0006039999999999998
1.5	-0.0005
1.5	-0.0002919999999999999
1.505	-0.0023
1.505	-0.0006039999999999998
1.505	-0.0005
1.505	-0.0002759999999999999
1.51	-0.0023
1.51	-0.0006039999999999998
1.51	-0.0005
1.51	-0.0002599999999999998
1.515	-0.0023
1.515	-0.0006039999999999998
1.515	-0.0005
1.515	-0.00024399999999999978
1.52	-0.0023
1.52	-0.0006039999999999998
1.52	-0.0005
1.52	-0.00022799999999999974
1.525	-0.0023
1.525	-0.0006039999999999998
1.525	-0.0005
1.525	-0.00021199999999999968
1.53	-0.0023
1.53	-0.0006079999999999998
1.53	-0.0005
1.53	-0.0001959999999999999
1.535	-0.0023
1.535	-0.0006079999999999998
1.535	-0.0005
1.535	-0.00017999999999999982
1.5399999999999998	-0.0023
1.5399999999999998	-0.0006079999999999998
1.5399999999999998	-0.0005
1.5399999999999998	-0.000164
1.545	-0.0023
1.545	-0.0006079999999999998
1.545	-0.0005
1.545	-0.00014799999999999997
1.5499999999999998	-0.0023
1.5499999999999998	-0.0006079999999999998
1.5499999999999998	-0.0005
1.5499999999999998	-0.0001319999999999999
1.555	-0.0023
1.555	-0.0006079999999999998
1.555	-0.0005
1.555	-0.00011599999999999987
1.5599999999999998	-0.0023
1.5599999999999998	-0.0006079999999999998
1.5599999999999998	-0.0005
1.5599999999999998	-0.00009999999999999983
1.565	-0.0023
1.565	-0.0006079999999999998
1.565	-0.0005
1.565	-0.00008399999999999979
1.5699999999999998	-0.0023
1.5699999999999998	-0.0006079999999999998
1.5699999999999998	-0.0005
1.5699999999999998	-0.00006799999999999974
1.575	-0.0023
1.575	-0.0006079999999999998
1.575	-0.0005
1.575	-0.00004799999999999969
1.5799999999999998	-0.0023
1.5799999999999998	-0.0006079999999999998
1.5799999999999998	-0.0005
1.5799999999999998	-0.00003199999999999965
1.5849999999999997	-0.0023
1.5849999999999997	-0.0006119999999999999
1.5849999999999997	-0.0005
1.5849999999999997	-0.000015999999999999867
1.5899999999999999	-0.0023
1.5899999999999999	-0.0006119999999999999
1.5899999999999999	-0.0005
1.5949999999999998	-0.0023
1.5949999999999998	-0.0006119999999999999
1.5949999999999998	-0.0005
1.5999999999999999	-0.0023
1.5999999999999999	-0.0006119999999999999
1.5999999999999999	-0.0005
1.6049999999999998	-0.0023
1.6049999999999998	-0.0006119999999999999
1.6049999999999998	-0.0005
1.6099999999999999	-0.0023
1.6099999999999999	-0.0006119999999999999
1.6099999999999999	-0.0005
1.6149999999999998	-0.0023
1.6149999999999998	-0.0006119999999999999
1.6149999999999998	-0.0005
1.6199999999999999	-0.0023
1.6199999999999999	-0.0006119999999999999
1.6199999999999999	-0.0005
1.625	-0.0023
1.625	-0.0006119999999999999
1.625	-0.0005
1.63	-0.0023
1.63	-0.0006119999999999999
1.63	-0.0005
1.635	-0.0023
1.635	-0.0006159999999999999
1.635	-0.0005
1.64	-0.0023
1.64	-0.0006159999999999999
1.64	-0.0005
1.645	-0.0023
1.645	-0.0006159999999999999
1.645	-0.0005
1.65	-0.0023
1.65	-0.0006159999999999999
1.65	-0.0005
1.655	-0.0023
1.655	-0.0006159999999999999
1.655	-0.0005
1.66	-0.0023
1.66	-0.0006159999999999999
1.66	-0.0005
1.665	-0.0023
1.665	-0.0006159999999999999
1.665	-0.0005
1.67	-0.0023
1.67	-0.0006159999999999999
1.67	-0.0005
1.6749999999999998	-0.0023
1.6749999999999998	-0.0006159999999999999
1.6749999999999998	-0.0005
1.68	-0.0023
1.68	-0.0006159999999999999
1.68	-0.0005
1.6849999999999998	-0.0023
1.6849999999999998	-0.0006199999999999999
1.6849999999999998	-0.0005
1.69	-0.0023
1.69	-0.0006199999999999999
1.69	-0.0005
1.6949999999999998	-0.0023
1.6949999999999998	-0.0006199999999999999
1.6949999999999998	-0.0005
1.7	-0.0023
1.7	-0.0006199999999999999
1.7	-0.0005
1.7049999999999998	-0.0023
1.7049999999999998	-0.0006199999999999999
1.7049999999999998	-0.0005
1.71	-0.0023
1.71	-0.0006199999999999999
1.71	-0.0005
1.7149999999999999	-0.0023
1.7149999999999999	-0.0006199999999999999
1.7149999999999999	-0.0005
1.7199999999999998	-0.0023
1.7199999999999998	-0.0006199999999999999
1.7199999999999998	-0.0005
1.7249999999999999	-0.0023
1.7249999999999999	-0.0006199999999999999
1.7249999999999999	-0.0005
1.7299999999999998	-0.0023
1.7299999999999998	-0.0006199999999999999
1.7299999999999998	-0.0005
1.7349999999999999	-0.0023
1.7349999999999999	-0.0006239999999999999
1.7349999999999999	-0.0005
1.7399999999999998	-0.0023
1.7399999999999998	-0.0006239999999999999
1.7399999999999998	-0.0005
1.7449999999999999	-0.0023
1.7449999999999999	-0.0006239999999999999
1.7449999999999999	-0.000496
1.7499999999999998	-0.0023
1.7499999999999998	-0.0006239999999999999
1.7499999999999998	-0.000496
1.755	-0.0023
1.755	-0.0006239999999999999
1.755	-0.000496
1.76	-0.0023
1.76	-0.0006239999999999999
1.76	-0.000496
1.765	-0.0023
1.765	-0.0006239999999999999
1.765	-0.000496
1.77	-0.0023
1.77	-0.0006239999999999999
1.77	-0.000496
1.775	-0.0023
1.775	-0.0006239999999999999
1.775	-0.000496
1.78	-0.0023
1.78	-0.0006279999999999999
1.78	-0.000496
1.785	-0.0023
1.785	-0.0006279999999999999
1.785	-0.000496
1.79	-0.0023
1.79	-0.0006279999999999999
1.79	-0.000496
1.795	-0.0023
1.795	-0.0006279999999999999
1.795	-0.000496
1.8	-0.0023
1.8	-0.0006279999999999999
1.8	-0.000496
1.805	-0.0023
1.805	-0.0006279999999999999
1.805	-0.000496
1.8099999999999998	-0.0023
1.8099999999999998	-0.0006279999999999999
1.8099999999999998	-0.000496
1.815	-0.0023
1.815	-0.0006279999999999999
1.815	-0.000496
1.8199999999999998	-0.0023
1.8199999999999998	-0.0006279999999999999
1.8199999999999998	-0.000496
1.825	-0.0023
1.825	-0.0006279999999999999
1.825	-0.000496
1.8299999999999998	-0.0023
1.8299999999999998	-0.000632
1.8299999999999998	-0.000496
1.835	-0.0023
1.835	-0.000632
1.835	-0.000496
1.8399999999999999	-0.0023
1.8399999999999999	-0.000632
1.8399999999999999	-0.000496
1.845	-0.0023
1.845	-0.000632
1.845	-0.000496
1.8499999999999999	-0.0023
1.8499999999999999	-0.000632
1.8499999999999999	-0.000496
1.8549999999999998	-0.0023
1.8549999999999998	-0.000632
1.8549999999999998	-0.000496
1.8599999999999999	-0.0023
1.8599999999999999	-0.000632
1.8599999999999999	-0.000496
1.8649999999999998	-0.0023
1.8649999999999998	-0.000632
1.8649999999999998	-0.000496
1.8699999999999999	-0.0023
1.8699999999999999	-0.000632
1.8699999999999999	-0.000496
1.8749999999999998	-0.0023
1.8749999999999998	-0.000636
1.8749999999999998	-0.000496
1.88	-0.0023
1.88	-0.000636
1.88	-0.000496
1.8849999999999998	-0.0023
1.8849999999999998	-0.000636
1.8849999999999998	-0.000496
1.89	-0.00234
1.89	-0.0023
1.89	-0.000636
1.89	-0.000496
1.895	-0.0023
1.895	-0.000636
1.895	-0.000496
1.9	-0.0023
1.9	-0.000636
1.9	-0.000496
1.905	-0.0023
1.905	-0.000636
1.905	-0.000496
1.91	-0.0023
1.91	-0.000636
1.91	-0.000496
1.915	-0.0023
1.915	-0.000636
1.915	-0.000496
1.92	-0.0023
1.92	-0.0006399999999999999
1.92	-0.000496
1.925	-0.0023
1.925	-0.0006399999999999999
1.925	-0.000496
1.93	-0.0023
1.93	-0.0006399999999999999
1.93	-0.000496
1.935	-0.0023
1.935	-0.0006399999999999999
1.935	-0.000496
1.94	-0.0023
1.94	-0.0006399999999999999
1.94	-0.000496
1.9449999999999998	-0.0023
1.9449999999999998	-0.0006399999999999999
1.9449999999999998	-0.000496
1.95	-0.0023
1.95	-0.00226
1.95	-0.0006399999999999999
1.95	-0.000496
1.9549999999999998	-0.0023
1.9549999999999998	-0.00226
1.9549999999999998	-0.0006399999999999999
1.9549999999999998	-0.000496
1.96	-0.0023
1.96	-0.0006439999999999999
1.96	-0.000496
1.9649999999999999	-0.0023
1.9649999999999999	-0.0006439999999999999
1.9649999999999999	-0.000496
1.97	-0.0023
1.97	-0.0006439999999999999
1.97	-0.000496
1.9749999999999999	-0.0023
1.9749999999999999	-0.0006439999999999999
1.9749999999999999	-0.000492
1.98	-0.0023
1.98	-0.0006439999999999999
1.98	-0.000492
1.9849999999999999	-0.0023
1.9849999999999999	-0.0006439999999999999
1.9849999999999999	-0.000492
1.9899999999999998	-0.0023
1.9899999999999998	-0.0006439999999999999
1.9899999999999998	-0.000492
1.9949999999999999	-0.0023
1.9949999999999999	-0.0006439999999999999
1.9949999999999999	-0.000492
1.9999999999999998	-0.0023
1.9999999999999998	-0.0006439999999999999
1.9999999999999998	-0.000492
2.005	-0.0023
2.005	-0.0006479999999999999
2.005	-0.000492
2.01	-0.0023
2.01	-0.0006479999999999999
2.01	-0.000492
2.0149999999999997	-0.0023
2.0149999999999997	-0.0006479999999999999
2.0149999999999997	-0.000492
2.02	-0.0023
2.02	-0.0006479999999999999
2.02	-0.000492
2.025	-0.0023
2.025	-0.0006479999999999999
2.025	-0.000492
2.03	-0.0023
2.03	-0.0006479999999999999
2.03	-0.000492
2.0349999999999997	-0.0023
2.0349999999999997	-0.0006479999999999999
2.0349999999999997	-0.000492
2.0399999999999996	-0.0023
2.0399999999999996	-0.0006479999999999999
2.0399999999999996	-0.000492
2.045	-0.0023
2.045	-0.000652
2.045	-0.000492
2.05	-0.0023
2.05	-0.000652
2.05	-0.000492
2.0549999999999997	-0.0023
2.0549999999999997	-0.000652
2.0549999999999997	-0.000492
2.0599999999999996	-0.0023
2.0599999999999996	-0.000652
2.0599999999999996	-0.000492
2.065	-0.0023
2.065	-0.000652
2.065	-0.000492
2.07	-0.0023
2.07	-0.000652
2.07	-0.000492
2.0749999999999997	-0.0023
2.0749999999999997	-0.000652
2.0749999999999997	-0.000492
2.0799999999999996	-0.0023
2.0799999999999996	-0.000652
2.0799999999999996	-0.000492
2.0849999999999995	-0.0023
2.0849999999999995	-0.000656
2.0849999999999995	-0.000492
2.09	-0.0023
2.09	-0.000656
2.09	-0.000492
2.0949999999999998	-0.0023
2.0949999999999998	-0.000656
2.0949999999999998	-0.000492
2.0999999999999996	-0.0023
2.0999999999999996	-0.000656
2.0999999999999996	-0.000492
2.1049999999999995	-0.0023
2.1049999999999995	-0.000656
2.1049999999999995	-0.000492
2.11	-0.0023
2.11	-0.000656
2.11	-0.000492
2.1149999999999998	-0.0023
2.1149999999999998	-0.000656
2.1149999999999998	-0.000492
2.12	-0.0023
2.12	-0.000656
2.12	-0.000492
2.125	-0.0023
2.125	-0.00066
2.125	-0.000492
2.13	-0.0023
2.13	-0.00066
2.13	-0.000492
2.1350000000000002	-0.0023
2.1350000000000002	-0.00066
2.1350000000000002	-0.000488
2.14	-0.0023
2.14	-0.00066
2.14	-0.000488
2.145	-0.0023
2.145	-0.00066
2.145	-0.000488
2.15	-0.0023
2.15	-0.00066
2.15	-0.000488
2.1550000000000002	-0.0023
2.1550000000000002	-0.00066
2.1550000000000002	-0.000488
2.16	-0.0023
2.16	-0.00066
2.16	-0.000488
2.165	-0.00236
2.165	-0.0023
2.165	-0.000664
2.165	-0.000488
2.17	-0.00236
2.17	-0.0023
2.17	-0.000664
2.17	-0.000488
2.175	-0.00236
2.175	-0.0023
2.175	-0.000664
2.175	-0.000488
2.18	-0.00236
2.18	-0.0023
2.18	-0.000664
2.18	-0.000488
2.185	-0.00236
2.185	-0.0023
2.185	-0.000664
2.185	-0.000488
2.19	-0.00236
2.19	-0.0023
2.19	-0.000664
2.19	-0.000488
2.195	-0.0023
2.195	-0.000664
2.195	-0.000488
2.2	-0.0023
2.2	-0.000664
2.2	-0.000488
2.205	-0.0023
2.205	-0.000668
2.205	-0.000488
2.21	-0.0023
2.21	-0.000668
2.21	-0.000488
2.215	-0.0023
2.215	-0.000668
2.215	-0.000488
2.2199999999999998	-0.0023
2.2199999999999998	-0.00224
2.2199999999999998	-0.000668
2.2199999999999998	-0.000488
2.225	-0.0023
2.225	-0.00224
2.225	-0.000668
2.225	-0.000488
2.23	-0.0023
2.23	-0.00224
2.23	-0.000668
2.23	-0.000488
2.235	-0.0023
2.235	-0.00224
2.235	-0.000668
2.235	-0.000488
2.2399999999999998	-0.0023
2.2399999999999998	-0.00224
2.2399999999999998	-0.000668
2.2399999999999998	-0.000488
2.245	-0.0023
2.245	-0.00224
2.245	-0.0006719999999999999
2.245	-0.000488
2.25	-0.0023
2.25	-0.00224
2.25	-0.0006719999999999999
2.25	-0.000488
2.255	-0.0023
2.255	-0.00224
2.255	-0.0006719999999999999
2.255	-0.000488
2.26	-0.0023
2.26	-0.0006719999999999999
2.26	-0.00048399999999999995
2.2649999999999997	-0.0023
2.2649999999999997	-0.0006719999999999999
2.2649999999999997	-0.00048399999999999995
2.27	-0.0023
2.27	-0.0006719999999999999
2.27	-0.00048399999999999995
2.275	-0.0023
2.275	-0.0006719999999999999
2.275	-0.00048399999999999995
2.28	-0.0023
2.28	-0.0006759999999999998
2.28	-0.00048399999999999995
2.2849999999999997	-0.0023
2.2849999999999997	-0.0006759999999999998
2.2849999999999997	-0.00048399999999999995
2.29	-0.0023
2.29	-0.0006759999999999998
2.29	-0.00048399999999999995
2.295	-0.0023
2.295	-0.0006759999999999998
2.295	-0.00048399999999999995
2.3	-0.0023
2.3	-0.0006759999999999998
2.3	-0.00048399999999999995
2.3049999999999997	-0.0023
2.3049999999999997	-0.0006759999999999998
2.3049999999999997	-0.00048399999999999995
2.3099999999999996	-0.0023
2.3099999999999996	-0.0006759999999999998
2.3099999999999996	-0.00048399999999999995
2.315	-0.0023
2.315	-0.0006759999999999998
2.315	-0.00048399999999999995
2.32	-0.0023
2.32	-0.0006799999999999998
2.32	-0.00048399999999999995
2.3249999999999997	-0.0023
2.3249999999999997	-0.0006799999999999998
2.3249999999999997	-0.00048399999999999995
2.3299999999999996	-0.0023
2.3299999999999996	-0.0006799999999999998
2.3299999999999996	-0.00048399999999999995
2.335	-0.0023
2.335	-0.0006799999999999998
2.335	-0.00048399999999999995
2.34	-0.0023
2.34	-0.0006799999999999998
2.34	-0.00048399999999999995
2.3449999999999998	-0.0023
2.3449999999999998	-0.0006799999999999998
2.3449999999999998	-0.00048399999999999995
2.3499999999999996	-0.0023
2.3499999999999996	-0.0006799999999999998
2.3499999999999996	-0.00048399999999999995
2.3549999999999995	-0.0023
2.3549999999999995	-0.0006839999999999998
2.3549999999999995	-0.00048399999999999995
2.36	-0.0023
2.36	-0.0006839999999999998
2.36	-0.00048399999999999995
2.3649999999999998	-0.0023
2.3649999999999998	-0.0006839999999999998
2.3649999999999998	-0.00047999999999999996
2.3699999999999997	-0.0023
2.3699999999999997	-0.0006839999999999998
2.3699999999999997	-0.00047999999999999996
2.3749999999999996	-0.0023
2.3749999999999996	-0.0006839999999999998
2.3749999999999996	-0.00047999999999999996
2.38	-0.0023760000000000005
2.38	-0.0023
2.38	-0.0006839999999999998
2.38	-0.00047999999999999996
2.385	-0.0023760000000000005
2.385	-0.0023
2.385	-0.0006839999999999998
2.385	-0.00047999999999999996
2.3899999999999997	-0.00238
2.3899999999999997	-0.0023
2.3899999999999997	-0.0006879999999999997
2.3899999999999997	-0.00047999999999999996
2.3949999999999996	-0.00238
2.3949999999999996	-0.0023
2.3949999999999996	-0.0006879999999999997
2.3949999999999996	-0.00047999999999999996
2.4	-0.00238
2.4	-0.0023
2.4	-0.0006879999999999997
2.4	-0.00047999999999999996
2.405	-0.00238
2.405	-0.0023
2.405	-0.0006879999999999997
2.405	-0.00047999999999999996
2.4099999999999997	-0.00238
2.4099999999999997	-0.0023
2.4099999999999997	-0.0006879999999999997
2.4099999999999997	-0.00047999999999999996
2.4149999999999996	-0.00238
2.4149999999999996	-0.0023
2.4149999999999996	-0.0006879999999999997
2.4149999999999996	-0.00047999999999999996
2.42	-0.00238
2.42	-0.0023
2.42	-0.0006879999999999997
2.42	-0.00047999999999999996
2.425	-0.00238
2.425	-0.0023
2.425	-0.0006919999999999999
2.425	-0.00047999999999999996
2.4299999999999997	-0.002384
2.4299999999999997	-0.0023
2.4299999999999997	-0.0006919999999999999
2.4299999999999997	-0.00047999999999999996
2.4349999999999996	-0.002384
2.4349999999999996	-0.0023
2.4349999999999996	-0.002224
2.4349999999999996	-0.0006919999999999999
2.4349999999999996	-0.00047999999999999996
2.44	-0.0023
2.44	-0.002224
2.44	-0.0006919999999999999
2.44	-0.00047999999999999996
2.445	-0.0023
2.445	-0.002224
2.445	-0.0006919999999999999
2.445	-0.00047999999999999996
2.4499999999999997	-0.0023
2.4499999999999997	-0.0022199999999999998
2.4499999999999997	-0.0006919999999999999
2.4499999999999997	-0.00047999999999999996
2.4549999999999996	-0.0023
2.4549999999999996	-0.0022199999999999998
2.4549999999999996	-0.0006919999999999999
2.4549999999999996	-0.00047999999999999996
2.46	-0.0023
2.46	-0.0022199999999999998
2.46	-0.0006959999999999999
2.46	-0.00047599999999999997
2.465	-0.0023
2.465	-0.0022199999999999998
2.465	-0.0006959999999999999
2.465	-0.00047599999999999997
2.4699999999999998	-0.0023
2.4699999999999998	-0.0022199999999999998
2.4699999999999998	-0.0006959999999999999
2.4699999999999998	-0.00047599999999999997
2.4749999999999996	-0.0023
2.4749999999999996	-0.0022199999999999998
2.4749999999999996	-0.0006959999999999999
2.4749999999999996	-0.00047599999999999997
2.48	-0.0023
2.48	-0.0022199999999999998
2.48	-0.0006959999999999999
2.48	-0.00047599999999999997
2.485	-0.0023
2.485	-0.0022199999999999998
2.485	-0.0006959999999999999
2.485	-0.00047599999999999997
2.4899999999999998	-0.0023
2.4899999999999998	-0.002216
2.4899999999999998	-0.0006999999999999999
2.4899999999999998	-0.00047599999999999997
2.4949999999999997	-0.0023
2.4949999999999997	-0.002216
2.4949999999999997	-0.0006999999999999999
2.4949999999999997	-0.00047599999999999997
2.5	-0.0023
2.5	-0.002216
2.5	-0.0006999999999999999
2.5	-0.00047599999999999997