0.01	0.015936
0.02	0.015936
0.02	0.02454
0.03	0.015942
0.03	0.024084
0.03	0.02421
0.03	0.02454
0.04	0.015942
0.04	0.02409
0.04	0.02421
0.04	0.024306
0.04	0.024414
0.04	0.02454
0.04	0.024666
0.05	0.015942
0.05	0.02409
0.05	0.02421
0.05	0.024311999999999997
0.05	0.024414
0.05	0.02454
0.05	0.024666
0.05	0.024774
0.060000000000000005	0.015947999999999997
0.060000000000000005	0.02409
0.060000000000000005	0.024215999999999998
0.060000000000000005	0.024311999999999997
0.060000000000000005	0.024414
0.060000000000000005	0.02454
0.060000000000000005	0.024672
0.060000000000000005	0.024774
0.07	0.01566
0.07	0.015947999999999997
0.07	0.024096
0.07	0.024215999999999998
0.07	0.024311999999999997
0.07	0.02442
0.07	0.024546000000000002
0.07	0.024672
0.07	0.02478
0.07	0.024923999999999998
0.08	0.015947999999999997
0.08	0.024096
0.08	0.024144
0.08	0.024215999999999998
0.08	0.024318
0.08	0.02442
0.08	0.024546000000000002
0.08	0.024672
0.08	0.02478
0.08	0.024923999999999998
0.09	0.015942
0.09	0.024096
0.09	0.024144
0.09	0.024222
0.09	0.024318
0.09	0.02442
0.09	0.024546000000000002
0.09	0.024672
0.09	0.02478
0.09	0.024864
0.09	0.024923999999999998
0.1	0.01548
0.1	0.015719999999999998
0.1	0.015912000000000003
0.1	0.024102
0.1	0.024144
0.1	0.024222
0.1	0.024318
0.1	0.024426
0.1	0.024546000000000002
0.1	0.024672
0.1	0.02478
0.1	0.024864
0.1	0.024923999999999998
0.11	0.015954
0.11	0.024102
0.11	0.024149999999999998
0.11	0.024222
0.11	0.024324000000000002
0.11	0.024426
0.11	0.024546000000000002
0.11	0.024672
0.11	0.024786
0.11	0.024864
0.11	0.024923999999999998
0.12	0.015623999999999999
0.12	0.015798
0.12	0.01584
0.12	0.015899999999999997
0.12	0.015960000000000002
0.12	0.024102
0.12	0.024149999999999998
0.12	0.024222
0.12	0.024324000000000002
0.12	0.024426
0.12	0.024546000000000002
0.12	0.024672
0.12	0.024786
0.12	0.02487
0.12	0.024923999999999998
0.13	0.015828000000000002
0.13	0.015954000000000003
0.13	0.024107999999999997
0.13	0.024149999999999998
0.13	0.024228
0.13	0.024324000000000002
0.13	0.024426
0.13	0.024546000000000002
0.13	0.024672
0.13	0.024786
0.13	0.02487
0.13	0.024923999999999998
0.14	0.015408
0.14	0.015761999999999998
0.14	0.015948
0.14	0.024107999999999997
0.14	0.024156
0.14	0.024228
0.14	0.02433
0.14	0.024432000000000002
0.14	0.024546000000000002
0.14	0.024672
0.14	0.024786
0.14	0.02487
0.14	0.024923999999999998
0.15	0.015899999999999997
0.15	0.015966
0.15	0.024156
0.15	0.024228
0.15	0.02433
0.15	0.024432000000000002
0.15	0.024546000000000002
0.15	0.024672
0.15	0.024786
0.15	0.02487
0.15	0.02493
0.16	0.015317999999999998
0.16	0.015648000000000002
0.16	0.015966
0.16	0.024156
0.16	0.024228
0.16	0.02433
0.16	0.024432000000000002
0.16	0.024546000000000002
0.16	0.024672
0.16	0.024786
0.16	0.024876
0.16	0.02493
0.17	0.01584
0.17	0.015954000000000003
0.17	0.024114
0.17	0.024234
0.17	0.02433
0.17	0.024432000000000002
0.17	0.024546000000000002
0.17	0.024672
0.17	0.024786
0.17	0.024876
0.17	0.02493
0.18	0.01515
0.18	0.015359999999999999
0.18	0.015617999999999998
0.18	0.015834
0.18	0.015936
0.18	0.024114
0.18	0.024234
0.18	0.024336000000000003
0.18	0.024437999999999998
0.18	0.024546000000000002
0.18	0.024672
0.18	0.024786
0.18	0.024876
0.18	0.024936
0.19	0.015029999999999998
0.19	0.015449999999999998
0.19	0.015617999999999998
0.19	0.015641999999999996
0.19	0.015738
0.19	0.015954000000000003
0.19	0.02412
0.19	0.024234
0.19	0.024336000000000003
0.19	0.024437999999999998
0.19	0.024546000000000002
0.19	0.024672
0.19	0.024786
0.19	0.024876
0.19	0.024936
0.2	0.015414
0.2	0.01569
0.2	0.015767999999999997
0.2	0.01593
0.2	0.02412
0.2	0.024234
0.2	0.024336000000000003
0.2	0.024437999999999998
0.2	0.024546000000000002
0.2	0.024672
0.2	0.024786
0.2	0.024876
0.2	0.024936
0.21000000000000002	0.01512
0.21000000000000002	0.01566
0.21000000000000002	0.015936
0.21000000000000002	0.02412
0.21000000000000002	0.024168
0.21000000000000002	0.024239999999999998
0.21000000000000002	0.024336000000000003
0.21000000000000002	0.024444
0.21000000000000002	0.024546000000000002
0.21000000000000002	0.024672
0.21000000000000002	0.024786
0.21000000000000002	0.024876
0.21000000000000002	0.024942
0.22000000000000003	0.01548
0.22000000000000003	0.01557
0.22000000000000003	0.015719999999999998
0.22000000000000003	0.015870000000000002
0.22000000000000003	0.015942
0.22000000000000003	0.024125999999999998
0.22000000000000003	0.024168
0.22000000000000003	0.024239999999999998
0.22000000000000003	0.024342
0.22000000000000003	0.024444
0.22000000000000003	0.024552
0.22000000000000003	0.024672
0.22000000000000003	0.024786
0.22000000000000003	0.024876
0.22000000000000003	0.024942
0.23	0.015744
0.23	0.015947999999999997
0.23	0.024125999999999998
0.23	0.024173999999999998
0.23	0.024239999999999998
0.23	0.024342
0.23	0.024444
0.23	0.024552
0.23	0.024672
0.23	0.024786
0.23	0.024876
0.23	0.024966
0.24000000000000002	0.015035999999999999
0.24000000000000002	0.01524
0.24000000000000002	0.015719999999999998
0.24000000000000002	0.015809999999999998
0.24000000000000002	0.015912
0.24000000000000002	0.015984
0.24000000000000002	0.024125999999999998
0.24000000000000002	0.024173999999999998
0.24000000000000002	0.024239999999999998
0.24000000000000002	0.024342
0.24000000000000002	0.02445
0.24000000000000002	0.024552
0.24000000000000002	0.024666
0.24000000000000002	0.02478
0.24000000000000002	0.024876
0.24000000000000002	0.024942
0.25	0.015426
0.25	0.01557
0.25	0.015719999999999998
0.25	0.015978
0.25	0.024131999999999997
0.25	0.024173999999999998
0.25	0.024246
0.25	0.024342
0.25	0.02445
0.25	0.024552
0.25	0.024666
0.25	0.02478
0.25	0.024876
0.25	0.024942
0.26	0.015054
0.26	0.015269999999999999
0.26	0.015449999999999998
0.26	0.0156
0.26	0.01575
0.26	0.015954
0.26	0.015983999999999998
0.26	0.024131999999999997
0.26	0.02418
0.26	0.024246
0.26	0.024342
0.26	0.02445
0.26	0.024552
0.26	0.024666
0.26	0.02478
0.26	0.02487
0.26	0.024942
0.27	0.01509
0.27	0.015306
0.27	0.015359999999999999
0.27	0.0156
0.27	0.015809999999999998
0.27	0.015971999999999997
0.27	0.024131999999999997
0.27	0.02418
0.27	0.024246
0.27	0.024342
0.27	0.024456
0.27	0.024552
0.27	0.024666
0.27	0.02478
0.27	0.02487
0.27	0.024942
0.28	0.015029999999999998
0.28	0.015144
0.28	0.015246
0.28	0.01539
0.28	0.01548
0.28	0.015971999999999997
0.28	0.024131999999999997
0.28	0.02418
0.28	0.024246
0.28	0.024348
0.28	0.024456
0.28	0.024552
0.28	0.024666
0.28	0.024774
0.28	0.02487
0.28	0.024942
0.29000000000000004	0.015095999999999998
0.29000000000000004	0.01521
0.29000000000000004	0.01533
0.29000000000000004	0.015395999999999998
0.29000000000000004	0.01557
0.29000000000000004	0.015834
0.29000000000000004	0.015899999999999997
0.29000000000000004	0.015996
0.29000000000000004	0.024186
0.29000000000000004	0.024252
0.29000000000000004	0.024347999999999998
0.29000000000000004	0.024456
0.29000000000000004	0.024552
0.29000000000000004	0.02466
0.29000000000000004	0.024774
0.29000000000000004	0.024864
0.29000000000000004	0.024936
0.3	0.015054
0.3	0.015174
0.3	0.015323999999999999
0.3	0.01539
0.3	0.01569
0.3	0.015870000000000002
0.3	0.015971999999999997
0.3	0.024186
0.3	0.024252
0.3	0.024347999999999998
0.3	0.024456
0.3	0.024552
0.3	0.02466
0.3	0.024774
0.3	0.024864
0.3	0.024936
0.31	0.015018
0.31	0.01515
0.31	0.01533
0.31	0.015383999999999998
0.31	0.015539999999999998
0.31	0.015629999999999998
0.31	0.015834
0.31	0.015972
0.31	0.024186
0.31	0.024252
0.31	0.024347999999999998
0.31	0.024456
0.31	0.024558000000000003
0.31	0.02466
0.31	0.024768000000000002
0.31	0.024864
0.31	0.024936
0.32	0.015126
0.32	0.015383999999999998
0.32	0.015449999999999998
0.32	0.015593999999999998
0.32	0.015719999999999998
0.32	0.015924
0.32	0.015971999999999997
0.32	0.024186
0.32	0.024258
0.32	0.024347999999999998
0.32	0.024462
0.32	0.024558
0.32	0.02466
0.32	0.024768000000000002
0.32	0.024857999999999998
0.32	0.02493
0.33	0.015113999999999999
0.33	0.015246
0.33	0.01539
0.33	0.01551
0.33	0.01557
0.33	0.01566
0.33	0.015870000000000002
0.33	0.015983999999999998
0.33	0.024144
0.33	0.024258
0.33	0.024347999999999998
0.33	0.024462
0.33	0.024558
0.33	0.024654
0.33	0.024762
0.33	0.024857999999999998
0.33	0.02493
0.33999999999999997	0.015108
0.33999999999999997	0.015246
0.33999999999999997	0.01548
0.33999999999999997	0.015623999999999999
0.33999999999999997	0.015714
0.33999999999999997	0.015983999999999998
0.33999999999999997	0.024144
0.33999999999999997	0.024258
0.33999999999999997	0.024347999999999998
0.33999999999999997	0.024462
0.33999999999999997	0.024558
0.33999999999999997	0.024654
0.33999999999999997	0.024762
0.33999999999999997	0.024852
0.33999999999999997	0.02493
0.35	0.015113999999999999
0.35	0.01542
0.35	0.015539999999999998
0.35	0.015605999999999998
0.35	0.015780000000000002
0.35	0.015954
0.35	0.016008
0.35	0.024149999999999998
0.35	0.024258
0.35	0.024347999999999998
0.35	0.024462
0.35	0.024564
0.35	0.024654
0.35	0.024756
0.35	0.024852
0.35	0.02493
0.36000000000000004	0.015126
0.36000000000000004	0.015269999999999999
0.36000000000000004	0.015383999999999998
0.36000000000000004	0.015515999999999999
0.36000000000000004	0.015564
0.36000000000000004	0.015629999999999998
0.36000000000000004	0.015726
0.36000000000000004	0.01584
0.36000000000000004	0.015899999999999997
0.36000000000000004	0.015983999999999998
0.36000000000000004	0.024149999999999998
0.36000000000000004	0.024198
0.36000000000000004	0.024264
0.36000000000000004	0.024347999999999998
0.36000000000000004	0.024462
0.36000000000000004	0.024564
0.36000000000000004	0.024654
0.36000000000000004	0.024756
0.36000000000000004	0.024846
0.36000000000000004	0.024923999999999998
0.37000000000000005	0.01515
0.37000000000000005	0.015293999999999999
0.37000000000000005	0.015462
0.37000000000000005	0.015539999999999998
0.37000000000000005	0.015695999999999998
0.37000000000000005	0.01575
0.37000000000000005	0.015924
0.37000000000000005	0.015983999999999998
0.37000000000000005	0.024149999999999998
0.37000000000000005	0.024198
0.37000000000000005	0.024264
0.37000000000000005	0.024347999999999998
0.37000000000000005	0.024462
0.37000000000000005	0.024564
0.37000000000000005	0.024654
0.37000000000000005	0.02475
0.37000000000000005	0.024846
0.37000000000000005	0.024923999999999998
0.38000000000000006	0.015012
0.38000000000000006	0.015179999999999999
0.38000000000000006	0.01533
0.38000000000000006	0.015486
0.38000000000000006	0.01557
0.38000000000000006	0.015726
0.38000000000000006	0.015816
0.38000000000000006	0.015983999999999998
0.38000000000000006	0.024156
0.38000000000000006	0.024198
0.38000000000000006	0.024264
0.38000000000000006	0.024347999999999998
0.38000000000000006	0.024462
0.38000000000000006	0.02457
0.38000000000000006	0.024654
0.38000000000000006	0.02475
0.38000000000000006	0.02484
0.38000000000000006	0.024923999999999998
0.39	0.015047999999999999
0.39	0.015215999999999999
0.39	0.015366
0.39	0.0156
0.39	0.015756
0.39	0.015846
0.39	0.015983999999999998
0.39	0.024156
0.39	0.024198
0.39	0.02427
0.39	0.024347999999999998
0.39	0.024462
0.39	0.02457
0.39	0.024654
0.39	0.024744
0.39	0.024834000000000002
0.4	0.015095999999999998
0.4	0.015264
0.4	0.015557999999999999
0.4	0.015629999999999998
0.4	0.015683999999999997
0.4	0.015786
0.4	0.015870000000000002
0.4	0.015984
0.4	0.016002
0.4	0.024156
0.4	0.024203999999999996
0.4	0.02427
0.4	0.024347999999999998
0.4	0.024462
0.4	0.02457
0.4	0.024654
0.4	0.024744
0.4	0.024834000000000002
0.41000000000000003	0.01515
0.41000000000000003	0.015317999999999998
0.41000000000000003	0.015456
0.41000000000000003	0.0156
0.41000000000000003	0.01566
0.41000000000000003	0.015719999999999998
0.41000000000000003	0.015774
0.41000000000000003	0.015899999999999997
0.41000000000000003	0.015984
0.41000000000000003	0.01602
0.41000000000000003	0.024162
0.41000000000000003	0.024203999999999996
0.41000000000000003	0.02427
0.41000000000000003	0.024353999999999997
0.41000000000000003	0.024462
0.41000000000000003	0.024576
0.41000000000000003	0.024654
0.41000000000000003	0.024738
0.41000000000000003	0.024828
0.42000000000000004	0.015018
0.42000000000000004	0.01521
0.42000000000000004	0.015372
0.42000000000000004	0.015557999999999999
0.42000000000000004	0.015695999999999998
0.42000000000000004	0.015804
0.42000000000000004	0.01593
0.42000000000000004	0.016014
0.42000000000000004	0.024162
0.42000000000000004	0.024203999999999996
0.42000000000000004	0.024276
0.42000000000000004	0.024353999999999997
0.42000000000000004	0.024462
0.42000000000000004	0.024576
0.42000000000000004	0.024654
0.42000000000000004	0.024732
0.42000000000000004	0.024828
0.42000000000000004	0.024912
0.43000000000000005	0.01509
0.43000000000000005	0.015276
0.43000000000000005	0.015438
0.43000000000000005	0.015539999999999998
0.43000000000000005	0.015605999999999998
0.43000000000000005	0.015683999999999997
0.43000000000000005	0.01584
0.43000000000000005	0.015984
0.43000000000000005	0.016002
0.43000000000000005	0.024162
0.43000000000000005	0.024203999999999996
0.43000000000000005	0.024276
0.43000000000000005	0.024353999999999997
0.43000000000000005	0.024462
0.43000000000000005	0.024576
0.43000000000000005	0.024654
0.43000000000000005	0.024732
0.43000000000000005	0.024822
0.43000000000000005	0.024912
0.44000000000000006	0.015168000000000001
0.44000000000000006	0.015354
0.44000000000000006	0.015498000000000001
0.44000000000000006	0.015576
0.44000000000000006	0.015653999999999998
0.44000000000000006	0.015719999999999998
0.44000000000000006	0.015780000000000002
0.44000000000000006	0.016002
0.44000000000000006	0.024168000000000002
0.44000000000000006	0.02421
0.44000000000000006	0.024276
0.44000000000000006	0.024353999999999997
0.44000000000000006	0.024462
0.44000000000000006	0.024576
0.44000000000000006	0.024654
0.44000000000000006	0.024726
0.44000000000000006	0.024815999999999998
0.44000000000000006	0.024906
0.45	0.015047999999999999
0.45	0.015252
0.45	0.015426
0.45	0.015617999999999998
0.45	0.015761999999999998
0.45	0.015870000000000002
0.45	0.016002
0.45	0.02421
0.45	0.024276
0.45	0.024353999999999997
0.45	0.024456
0.45	0.024576
0.45	0.02466
0.45	0.024726
0.45	0.024815999999999998
0.45	0.024906
0.46	0.015144
0.46	0.015342
0.46	0.015503999999999999
0.46	0.0156
0.46	0.01575
0.46	0.015804
0.46	0.015905999999999997
0.46	0.016002
0.46	0.02421
0.46	0.024282
0.46	0.024353999999999997
0.46	0.024456
0.46	0.024576
0.46	0.02466
0.46	0.02472
0.46	0.02481
0.46	0.024906
0.47000000000000003	0.015029999999999998
0.47000000000000003	0.015246
0.47000000000000003	0.015432
0.47000000000000003	0.015576
0.47000000000000003	0.015648
0.47000000000000003	0.015899999999999997
0.47000000000000003	0.016002
0.47000000000000003	0.02421
0.47000000000000003	0.024282
0.47000000000000003	0.024353999999999997
0.47000000000000003	0.024456
0.47000000000000003	0.02457
0.47000000000000003	0.024666
0.47000000000000003	0.02472
0.47000000000000003	0.02481
0.47000000000000003	0.0249
0.48000000000000004	0.015137999999999999
0.48000000000000004	0.015348
0.48000000000000004	0.015522
0.48000000000000004	0.015636
0.48000000000000004	0.015702
0.48000000000000004	0.015786
0.48000000000000004	0.01584
0.48000000000000004	0.015899999999999997
0.48000000000000004	0.016002
0.48000000000000004	0.02421
0.48000000000000004	0.024282
0.48000000000000004	0.02436
0.48000000000000004	0.024456
0.48000000000000004	0.02457
0.48000000000000004	0.024666
0.48000000000000004	0.024714
0.48000000000000004	0.024804
0.48000000000000004	0.0249
0.49	0.015024
0.49	0.015258
0.49	0.015449999999999998
0.49	0.015605999999999998
0.49	0.015683999999999997
0.49	0.015936
0.49	0.016002
0.49	0.024215999999999998
0.49	0.024287999999999997
0.49	0.02436
0.49	0.02445
0.49	0.02457
0.49	0.024672
0.49	0.024714
0.49	0.0249
0.5	0.015156
0.5	0.015372
0.5	0.015552
0.5	0.015738
0.5	0.015876
0.5	0.01593
0.5	0.016002
0.5	0.02418
0.5	0.024287999999999997
0.5	0.02436
0.5	0.02445
0.5	0.024564
0.5	0.024714
0.5	0.024894
0.51	0.015042
0.51	0.015281999999999999
0.51	0.015486
0.51	0.015719999999999998
0.51	0.015804
0.51	0.015870000000000002
0.51	0.015966
0.51	0.016002
0.51	0.02418
0.51	0.024287999999999997
0.51	0.02436
0.51	0.02445
0.51	0.024564
0.51	0.024714
0.51	0.024792
0.51	0.024894
0.52	0.015186
0.52	0.015414
0.52	0.0156
0.52	0.015714
0.52	0.015780000000000002
0.52	0.015864
0.52	0.015966
0.52	0.016026
0.52	0.02418
0.52	0.024287999999999997
0.52	0.024366
0.52	0.02445
0.52	0.024558
0.52	0.02472
0.52	0.024786
0.52	0.024894
0.53	0.015084
0.53	0.01533
0.53	0.015539999999999998
0.53	0.01569
0.53	0.015768
0.53	0.015912
0.53	0.015960000000000002
0.53	0.016026
0.53	0.024186
0.53	0.024287999999999997
0.53	0.024366
0.53	0.024444
0.53	0.024558
0.53	0.024672
0.53	0.024726
0.53	0.024786
0.54	0.01524
0.54	0.015467999999999999
0.54	0.015653999999999998
0.54	0.015761999999999998
0.54	0.015834
0.54	0.015905999999999997
0.54	0.015954000000000003
0.54	0.016026
0.54	0.024186
0.54	0.024287999999999997
0.54	0.024366
0.54	0.024444
0.54	0.024552
0.54	0.024666
0.54	0.024732
0.54	0.02478
0.55	0.015144
0.55	0.015395999999999998
0.55	0.0156
0.55	0.015743999999999998
0.55	0.015816
0.55	0.015899999999999997
0.55	0.016026
0.55	0.024186
0.55	0.024287999999999997
0.55	0.024371999999999998
0.55	0.024444
0.55	0.024552
0.55	0.024666
0.55	0.024774
0.56	0.015035999999999999
0.56	0.015312
0.56	0.015539999999999998
0.56	0.015719999999999998
0.56	0.015809999999999998
0.56	0.015996
0.56	0.016026
0.56	0.024222
0.56	0.024287999999999997
0.56	0.024371999999999998
0.56	0.024444
0.56	0.024546000000000002
0.56	0.02466
0.56	0.024773999999999997
0.5700000000000001	0.015227999999999998
0.5700000000000001	0.015474
0.5700000000000001	0.015678
0.5700000000000001	0.015804
0.5700000000000001	0.015870000000000002
0.5700000000000001	0.015989999999999997
0.5700000000000001	0.016050000000000002
0.5700000000000001	0.024228
0.5700000000000001	0.024287999999999997
0.5700000000000001	0.024371999999999998
0.5700000000000001	0.024444
0.5700000000000001	0.02454
0.5700000000000001	0.024654
0.5700000000000001	0.024756
0.5700000000000001	0.024881999999999998
0.5800000000000001	0.015132000000000001
0.5800000000000001	0.015401999999999999
0.5800000000000001	0.015623999999999999
0.5800000000000001	0.015786
0.5800000000000001	0.015864
0.5800000000000001	0.015942
0.5800000000000001	0.015989999999999997
0.5800000000000001	0.016050000000000002
0.5800000000000001	0.024191999999999998
0.5800000000000001	0.024228
0.5800000000000001	0.024287999999999997
0.5800000000000001	0.024378
0.5800000000000001	0.024444
0.5800000000000001	0.02454
0.5800000000000001	0.024648
0.5800000000000001	0.024768000000000002
0.5800000000000001	0.024881999999999998
0.5900000000000001	0.015024
0.5900000000000001	0.015323999999999999
0.5900000000000001	0.01557
0.5900000000000001	0.015756
0.5900000000000001	0.015858
0.5900000000000001	0.01593
0.5900000000000001	0.015989999999999997
0.5900000000000001	0.016026
0.5900000000000001	0.024191999999999998
0.5900000000000001	0.024228
0.5900000000000001	0.024287999999999997
0.5900000000000001	0.024378
0.5900000000000001	0.024444
0.5900000000000001	0.024534
0.5900000000000001	0.024648
0.5900000000000001	0.024774
0.5900000000000001	0.024876
0.6000000000000001	0.01524
0.6000000000000001	0.01551
0.6000000000000001	0.015719999999999998
0.6000000000000001	0.015917999999999998
0.6000000000000001	0.015989999999999997
0.6000000000000001	0.016056
0.6000000000000001	0.024234
0.6000000000000001	0.024287999999999997
0.6000000000000001	0.024378
0.6000000000000001	0.024444
0.6000000000000001	0.024528
0.6000000000000001	0.024642
0.6000000000000001	0.024756
0.6000000000000001	0.024876
0.61	0.01515
0.61	0.015444
0.61	0.015672
0.61	0.015834
0.61	0.015912000000000003
0.61	0.015983999999999998
0.61	0.016056
0.61	0.024234
0.61	0.024287999999999997
0.61	0.024378
0.61	0.024444
0.61	0.024522
0.61	0.024636
0.61	0.024756
0.61	0.024876
0.62	0.015047999999999999
0.62	0.015366
0.62	0.015623999999999999
0.62	0.015809999999999998
0.62	0.015912
0.62	0.016056
0.62	0.024234
0.62	0.024287999999999997
0.62	0.024378
0.62	0.02445
0.62	0.024522
0.62	0.02463
0.62	0.02475
0.62	0.024804
0.62	0.02487
0.63	0.015288
0.63	0.01557
0.63	0.015780000000000002
0.63	0.015905999999999997
0.63	0.015972
0.63	0.016031999999999998
0.63	0.024239999999999998
0.63	0.024287999999999997
0.63	0.024378
0.63	0.02445
0.63	0.024516
0.63	0.024624
0.63	0.024744
0.63	0.024815999999999998
0.63	0.02487
0.64	0.015204
0.64	0.01551
0.64	0.015743999999999998
0.64	0.015894
0.64	0.015966
0.64	0.016026
0.64	0.024239999999999998
0.64	0.024287999999999997
0.64	0.024378
0.64	0.024456
0.64	0.02451
0.64	0.024624
0.64	0.024744
0.64	0.02487
0.65	0.015108
0.65	0.015438
0.65	0.015702
0.65	0.015882
0.65	0.015966
0.65	0.016026
0.65	0.024239999999999998
0.65	0.024287999999999997
0.65	0.024378
0.65	0.024456
0.65	0.02451
0.65	0.024618
0.65	0.024738
0.65	0.02484
0.66	0.015372
0.66	0.015653999999999998
0.66	0.015858
0.66	0.015966
0.66	0.016026
0.66	0.024246
0.66	0.024287999999999997
0.66	0.024371999999999998
0.66	0.024504
0.66	0.024612000000000002
0.66	0.024732
0.66	0.024864
0.67	0.015293999999999999
0.67	0.0156
0.67	0.015828000000000002
0.67	0.015960000000000002
0.67	0.01602
0.67	0.016068
0.67	0.02421
0.67	0.024294
0.67	0.024371999999999998
0.67	0.024504
0.67	0.024606
0.67	0.024732
0.67	0.024864
0.68	0.01521
0.68	0.015545999999999999
0.68	0.015792
0.68	0.015954000000000003
0.68	0.01602
0.68	0.016068
0.68	0.02421
0.68	0.024294
0.68	0.024371999999999998
0.68	0.024468
0.68	0.0246
0.68	0.024726
0.68	0.024864
0.6900000000000001	0.01512
0.6900000000000001	0.01548
0.6900000000000001	0.015756
0.6900000000000001	0.015942
0.6900000000000001	0.01602
0.6900000000000001	0.016068
0.6900000000000001	0.02421
0.6900000000000001	0.024294
0.6900000000000001	0.024366
0.6900000000000001	0.024504
0.6900000000000001	0.024593999999999998
0.6900000000000001	0.024726
0.6900000000000001	0.024857999999999998
0.7000000000000001	0.015029999999999998
0.7000000000000001	0.015414
0.7000000000000001	0.015714
0.7000000000000001	0.015924
0.7000000000000001	0.01602
0.7000000000000001	0.016068
0.7000000000000001	0.02421
0.7000000000000001	0.024294
0.7000000000000001	0.024366
0.7000000000000001	0.02451
0.7000000000000001	0.024593999999999998
0.7000000000000001	0.02472
0.7000000000000001	0.024857999999999998
0.7100000000000001	0.015341999999999998
0.7100000000000001	0.015672
0.7100000000000001	0.015899999999999997
0.7100000000000001	0.01602
0.7100000000000001	0.016068
0.7100000000000001	0.024215999999999998
0.7100000000000001	0.0243
0.7100000000000001	0.02436
0.7100000000000001	0.024516
0.7100000000000001	0.024714
0.7100000000000001	0.024852
0.7200000000000001	0.015269999999999999
0.7200000000000001	0.015623999999999999
0.7200000000000001	0.015876
0.7200000000000001	0.016014
0.7200000000000001	0.016068
0.7200000000000001	0.024215999999999998
0.7200000000000001	0.0243
0.7200000000000001	0.02436
0.7200000000000001	0.024462
0.7200000000000001	0.024522
0.7200000000000001	0.024714
0.7200000000000001	0.024852
0.7200000000000001	0.024936
0.7300000000000001	0.015186
0.7300000000000001	0.01557
0.7300000000000001	0.015846
0.7300000000000001	0.016008
0.7300000000000001	0.016073999999999998
0.7300000000000001	0.024215999999999998
0.7300000000000001	0.0243
0.7300000000000001	0.024353999999999997
0.7300000000000001	0.024456
0.7300000000000001	0.024576
0.7300000000000001	0.024708
0.7300000000000001	0.024852
0.7300000000000001	0.024948
0.7400000000000001	0.015101999999999999
0.7400000000000001	0.01551
0.7400000000000001	0.015816
0.7400000000000001	0.016002
0.7400000000000001	0.016073999999999998
0.7400000000000001	0.024222
0.7400000000000001	0.024306
0.7400000000000001	0.024353999999999997
0.7400000000000001	0.02445
0.7400000000000001	0.02457
0.7400000000000001	0.024701999999999998
0.7400000000000001	0.024846
0.7400000000000001	0.024966
0.7500000000000001	0.015444
0.7500000000000001	0.015780000000000002
0.7500000000000001	0.015989999999999997
0.7500000000000001	0.016073999999999998
0.7500000000000001	0.024222
0.7500000000000001	0.024306
0.7500000000000001	0.024347999999999998
0.7500000000000001	0.024444
0.7500000000000001	0.024546
0.7500000000000001	0.024701999999999998
0.7500000000000001	0.024846
0.76	0.015378
0.76	0.015738
0.76	0.015972
0.76	0.016073999999999998
0.76	0.024252
0.76	0.024348
0.76	0.024444
0.76	0.024564
0.76	0.024696000000000003
0.76	0.024846
0.77	0.015306
0.77	0.015695999999999998
0.77	0.015954000000000003
0.77	0.016073999999999998
0.77	0.024252
0.77	0.024348
0.77	0.024437999999999998
0.77	0.024558
0.77	0.024696000000000003
0.77	0.024846
0.78	0.015234
0.78	0.015648
0.78	0.015936
0.78	0.016073999999999998
0.78	0.024228
0.78	0.024348
0.78	0.024432000000000002
0.78	0.024551999999999997
0.78	0.02469
0.78	0.02484
0.79	0.01515
0.79	0.0156
0.79	0.015912
0.79	0.016068
0.79	0.024228
0.79	0.024348
0.79	0.024426
0.79	0.024546000000000002
0.79	0.024684
0.79	0.02484
0.8	0.015066
0.8	0.015545999999999999
0.8	0.015882
0.8	0.016068
0.8	0.024258
0.8	0.024318
0.8	0.024426
0.8	0.024546000000000002
0.8	0.024593999999999998
0.8	0.024684
0.8	0.02484
0.81	0.015486
0.81	0.015858
0.81	0.016062
0.81	0.01611
0.81	0.024234
0.81	0.024353999999999997
0.81	0.02442
0.81	0.02454
0.81	0.024606
0.81	0.024834000000000002
0.8200000000000001	0.015426
0.8200000000000001	0.015822
0.8200000000000001	0.016056
0.8200000000000001	0.01611
0.8200000000000001	0.024258
0.8200000000000001	0.02436
0.8200000000000001	0.024414
0.8200000000000001	0.024534
0.8200000000000001	0.024618
0.8200000000000001	0.024834000000000002
0.8300000000000001	0.015359999999999999
0.8300000000000001	0.015792
0.8300000000000001	0.016044
0.8300000000000001	0.01611
0.8300000000000001	0.024258
0.8300000000000001	0.024311999999999997
0.8300000000000001	0.024366
0.8300000000000001	0.024528
0.8300000000000001	0.02463
0.8300000000000001	0.024834000000000002
0.8400000000000001	0.015288
0.8400000000000001	0.01575
0.8400000000000001	0.016038
0.8400000000000001	0.016116
0.8400000000000001	0.024228
0.8400000000000001	0.024306
0.8400000000000001	0.024371999999999998
0.8400000000000001	0.024528
0.8400000000000001	0.024642
0.8400000000000001	0.024828
0.8500000000000001	0.01521
0.8500000000000001	0.015708
0.8500000000000001	0.016026
0.8500000000000001	0.016116
0.8500000000000001	0.024239999999999998
0.8500000000000001	0.024306
0.8500000000000001	0.024378
0.8500000000000001	0.024522
0.8500000000000001	0.024666
0.8500000000000001	0.024828
0.86	0.015132000000000001
0.86	0.015666
0.86	0.016008
0.86	0.016121999999999997
0.86	0.024264
0.86	0.024306
0.86	0.024384
0.86	0.024516
0.86	0.024672
0.86	0.024828
0.87	0.015047999999999999
0.87	0.015617999999999998
0.87	0.015996
0.87	0.016121999999999997
0.87	0.0243
0.87	0.02439
0.87	0.024516
0.87	0.024684
0.87	0.024822
0.88	0.015564
0.88	0.015972
0.88	0.016121999999999997
0.88	0.02427
0.88	0.024402
0.88	0.02451
0.88	0.024654
0.88	0.024822
0.89	0.01551
0.89	0.015954000000000003
0.89	0.016127999999999997
0.89	0.024245999999999997
0.89	0.024384
0.89	0.024504
0.89	0.024654
0.89	0.024714
0.89	0.024822
0.9	0.015449999999999998
0.9	0.01593
0.9	0.016128
0.9	0.024276
0.9	0.02442
0.9	0.024498
0.9	0.024648
0.9	0.024726
0.9	0.024815999999999998
0.91	0.01539
0.91	0.015905999999999997
0.91	0.016128
0.91	0.024294
0.91	0.024426
0.91	0.024648
0.91	0.024744
0.91	0.024815999999999998
0.92	0.015323999999999999
0.92	0.015876
0.92	0.016134
0.92	0.024281999999999998
0.92	0.024371999999999998
0.92	0.024437999999999998
0.92	0.024642
0.92	0.024756
0.92	0.024815999999999998
0.93	0.015251999999999998
0.93	0.015846
0.93	0.016134
0.93	0.024281999999999998
0.93	0.024366
0.93	0.02445
0.93	0.024642
0.93	0.02481
0.9400000000000001	0.015179999999999999
0.9400000000000001	0.015816
0.9400000000000001	0.01614
0.9400000000000001	0.024281999999999998
0.9400000000000001	0.024366
0.9400000000000001	0.024486
0.9400000000000001	0.024636
0.9400000000000001	0.024792
0.9500000000000001	0.015095999999999998
0.9500000000000001	0.015780000000000002
0.9500000000000001	0.01614
0.9500000000000001	0.024281999999999998
0.9500000000000001	0.02436
0.9500000000000001	0.024480000000000002
0.9500000000000001	0.02463
0.9500000000000001	0.02481
0.9600000000000001	0.015018
0.9600000000000001	0.015738
0.9600000000000001	0.01614
0.9600000000000001	0.024281999999999998
0.9600000000000001	0.02436
0.9600000000000001	0.024480000000000002
0.9600000000000001	0.02463
0.9600000000000001	0.024828
0.9700000000000001	0.015695999999999998
0.9700000000000001	0.016146
0.9700000000000001	0.024258
0.9700000000000001	0.024353999999999997
0.9700000000000001	0.024492
0.9700000000000001	0.024624
0.9700000000000001	0.024804
0.9800000000000001	0.015653999999999998
0.9800000000000001	0.016146
0.9800000000000001	0.024258
0.9800000000000001	0.024324000000000002
0.9800000000000001	0.024504
0.9800000000000001	0.024624
0.9800000000000001	0.024804
0.9800000000000001	0.024864
0.9900000000000001	0.015605999999999998
0.9900000000000001	0.016146
0.9900000000000001	0.024276
0.9900000000000001	0.024348
0.9900000000000001	0.024516
0.9900000000000001	0.024618
0.9900000000000001	0.024804
0.9900000000000001	0.024881999999999998
1.	0.015552
1.	0.016152
1.	0.024264
1.	0.024336000000000003
1.	0.024462
1.	0.024528
1.	0.024618
1.	0.024798
1.	0.0249
1.01	0.015498000000000001
1.01	0.016152
1.01	0.024276
1.01	0.024342
1.01	0.024456
1.01	0.02454
1.01	0.024798
1.01	0.024923999999999998
1.02	0.015444
1.02	0.016158
1.02	0.02427
1.02	0.024342
1.02	0.024456
1.02	0.024558
1.02	0.024797999999999997
1.02	0.024942
1.03	0.015378
1.03	0.016158
1.03	0.024276
1.03	0.02436
1.03	0.02445
1.03	0.02457
1.03	0.024792
1.03	0.024966
1.04	0.015317999999999998
1.04	0.016158
1.04	0.024276
1.04	0.024336000000000003
1.04	0.02445
1.04	0.024606
1.04	0.024792
1.05	0.015246
1.05	0.016163999999999998
1.05	0.024282
1.05	0.02433
1.05	0.024444
1.05	0.0246
1.05	0.024792
1.06	0.015174
1.06	0.016163999999999998
1.06	0.024276
1.06	0.02433
1.06	0.024384
1.06	0.024444
1.06	0.0246
1.06	0.024786
1.07	0.015095999999999998
1.07	0.016163999999999998
1.07	0.024276
1.07	0.02433
1.07	0.024395999999999998
1.07	0.02463
1.07	0.024786
1.08	0.015018
1.08	0.016169999999999997
1.08	0.024276
1.08	0.024408000000000003
1.08	0.024593999999999998
1.08	0.024786
1.09	0.016169999999999997
1.09	0.024276
1.09	0.024432000000000002
1.09	0.024588000000000002
1.09	0.024666
1.09	0.024786
1.1	0.016176
1.1	0.024306
1.1	0.024432000000000002
1.1	0.024588000000000002
1.1	0.024684
1.1	0.02478
1.11	0.016176
1.11	0.024311999999999997
1.11	0.024426
1.11	0.024582
1.11	0.024701999999999998
1.11	0.02478
1.12	0.016176
1.12	0.024318
1.12	0.024425999999999996
1.12	0.024582
1.12	0.02472
1.12	0.02478
1.1300000000000001	0.016182
1.1300000000000001	0.024324000000000002
1.1300000000000001	0.02442
1.1300000000000001	0.024576
1.1300000000000001	0.024744
1.1400000000000001	0.016182
1.1400000000000001	0.024318
1.1400000000000001	0.02442
1.1400000000000001	0.024480000000000002
1.1400000000000001	0.024576
1.1400000000000001	0.024762
1.1500000000000001	0.016182
1.1500000000000001	0.024318
1.1500000000000001	0.024414
1.1500000000000001	0.024492
1.1500000000000001	0.02457
1.1500000000000001	0.024774
1.1600000000000001	0.016188
1.1600000000000001	0.024287999999999997
1.1600000000000001	0.024414
1.1600000000000001	0.024504
1.1600000000000001	0.02457
1.1600000000000001	0.024804
1.1700000000000002	0.016188
1.1700000000000002	0.024287999999999997
1.1700000000000002	0.024353999999999997
1.1700000000000002	0.024408000000000003
1.1700000000000002	0.024522
1.1700000000000002	0.02457
1.1700000000000002	0.024768000000000002
1.1800000000000002	0.016194
1.1800000000000002	0.024294
1.1800000000000002	0.02436
1.1800000000000002	0.024564000000000002
1.1800000000000002	0.024768000000000002
1.1800000000000002	0.024846
1.1900000000000002	0.016194
1.1900000000000002	0.024311999999999997
1.1900000000000002	0.024371999999999998
1.1900000000000002	0.024551999999999997
1.1900000000000002	0.024768000000000002
1.1900000000000002	0.02487
1.2000000000000002	0.016194
1.2000000000000002	0.0243
1.2000000000000002	0.024378
1.2000000000000002	0.024558
1.2000000000000002	0.024762
1.2000000000000002	0.024894
1.21	0.0162
1.21	0.024311999999999997
1.21	0.024402
1.21	0.024558
1.21	0.024762
1.21	0.024923999999999998
1.22	0.0162
1.22	0.024311999999999997
1.22	0.024395999999999998
1.22	0.0246
1.22	0.024762
1.22	0.024947999999999998
1.23	0.016205999999999998
1.23	0.024311999999999997
1.23	0.024407999999999996
1.23	0.024552
1.23	0.024756
1.23	0.024972
1.24	0.016205999999999998
1.24	0.024311999999999997
1.24	0.024396
1.24	0.024552
1.24	0.024636
1.24	0.024756
1.25	0.016205999999999998
1.25	0.024312
1.25	0.024395999999999998
1.25	0.024546000000000002
1.25	0.024654
1.25	0.024756
1.26	0.016211999999999997
1.26	0.024324000000000002
1.26	0.02439
1.26	0.024546000000000002
1.26	0.024678
1.26	0.024756
1.27	0.016211999999999997
1.27	0.024312
1.27	0.02439
1.27	0.02445
1.27	0.02454
1.27	0.024696000000000003
1.27	0.02475
1.28	0.016211999999999997
1.28	0.024312
1.28	0.02439
1.28	0.024462
1.28	0.02454
1.28	0.02475
1.29	0.016218
1.29	0.024312
1.29	0.024384
1.29	0.024474000000000003
1.29	0.024534
1.29	0.02475
1.3	0.016218
1.3	0.024312
1.3	0.024384
1.3	0.024486
1.3	0.024534
1.3	0.024756
1.31	0.016224
1.31	0.024384
1.31	0.024498
1.31	0.02478
1.32	0.016224
1.32	0.024353999999999997
1.32	0.024528
1.32	0.024744
1.32	0.024804
1.33	0.016224
1.33	0.024378
1.33	0.024528
1.33	0.024744
1.33	0.024822
1.34	0.01623
1.34	0.024378
1.34	0.02454
1.34	0.024738
1.34	0.024846
1.35	0.01623
1.35	0.024378
1.35	0.024522
1.35	0.024738
1.35	0.02487
1.36	0.016236
1.36	0.024324000000000002
1.36	0.024378
1.36	0.024522
1.36	0.02457
1.36	0.024738000000000003
1.36	0.024894
1.37	0.016236
1.37	0.024324000000000002
1.37	0.02439
1.37	0.024516
1.37	0.024582
1.37	0.024738000000000003
1.37	0.024923999999999998
1.3800000000000001	0.016236
1.3800000000000001	0.02433
1.3800000000000001	0.024395999999999998
1.3800000000000001	0.024516
1.3800000000000001	0.0246
1.3800000000000001	0.024732
1.3800000000000001	0.024947999999999998
1.3900000000000001	0.016242
1.3900000000000001	0.02433
1.3900000000000001	0.024371999999999998
1.3900000000000001	0.024516
1.3900000000000001	0.024618
1.3900000000000001	0.024732
1.3900000000000001	0.024972
1.4000000000000001	0.016242
1.4000000000000001	0.02433
1.4000000000000001	0.024414
1.4000000000000001	0.02451
1.4000000000000001	0.02463
1.4000000000000001	0.024732
1.4100000000000001	0.016242
1.4100000000000001	0.024336000000000003
1.4100000000000001	0.02442
1.4100000000000001	0.02451
1.4100000000000001	0.024648
1.4100000000000001	0.024732
1.4200000000000002	0.016248
1.4200000000000002	0.024336000000000003
1.4200000000000002	0.024432000000000002
1.4200000000000002	0.02451
1.4200000000000002	0.024666
1.4200000000000002	0.024726
1.4300000000000002	0.016248
1.4300000000000002	0.024335999999999997
1.4300000000000002	0.024437999999999998
1.4300000000000002	0.024504
1.4300000000000002	0.024684
1.4400000000000002	0.016253999999999998
1.4400000000000002	0.024341999999999996
1.4400000000000002	0.024444
1.4400000000000002	0.024504
1.4400000000000002	0.024726
1.4500000000000002	0.016253999999999998
1.4500000000000002	0.024366
1.4500000000000002	0.024456
1.4500000000000002	0.024504
1.4500000000000002	0.02472
1.46	0.016253999999999998
1.46	0.024347999999999998
1.46	0.024468
1.46	0.02472
1.47	0.016259999999999997
1.47	0.024366
1.47	0.024474000000000003
1.47	0.02472
1.48	0.016259999999999997
1.48	0.024366
1.48	0.024498
1.48	0.02472
1.48	0.024774
1.49	0.016265999999999996
1.49	0.02436
1.49	0.024498
1.49	0.024714
1.49	0.024792
1.5	0.016265999999999996
1.5	0.024366
1.5	0.024504
1.5	0.024714
1.5	0.02481
1.51	0.016265999999999996
1.51	0.024366
1.51	0.024516
1.51	0.024714
1.51	0.024834000000000002
1.52	0.016272
1.52	0.024371999999999998
1.52	0.024528
1.52	0.024714
1.52	0.024852
1.53	0.016272
1.53	0.024366
1.53	0.024486
1.53	0.02454
1.53	0.024708
1.53	0.02487
1.54	0.016272000000000002
1.54	0.024366
1.54	0.024486
1.54	0.024552
1.54	0.024708
1.54	0.024894
1.55	0.016278
1.55	0.024384
1.55	0.024486
1.55	0.024564
1.55	0.024708
1.55	0.024918000000000003
1.56	0.016278
1.56	0.02439
1.56	0.024486
1.56	0.024576
1.56	0.024708
1.56	0.024936
1.57	0.016284
1.57	0.02436
1.57	0.024480000000000002
1.57	0.024588
1.57	0.024708
1.57	0.02496
1.58	0.016284
1.58	0.024366
1.58	0.024480000000000002
1.58	0.0246
1.58	0.024701999999999998
1.59	0.016284
1.59	0.024371999999999998
1.59	0.024480000000000002
1.59	0.024612000000000002
1.59	0.024701999999999998
1.6	0.01629
1.6	0.024408000000000003
1.6	0.024480000000000002
1.6	0.024624
1.6	0.024701999999999998
1.61	0.01629
1.61	0.024414
1.61	0.024474000000000003
1.61	0.024636
1.61	0.024701999999999998
1.62	0.016295999999999998
1.62	0.02442
1.62	0.024474000000000003
1.62	0.024648
1.6300000000000001	0.016295999999999998
1.6300000000000001	0.024426
1.6300000000000001	0.024474000000000003
1.6300000000000001	0.024666
1.6400000000000001	0.016295999999999998
1.6400000000000001	0.024474000000000003
1.6400000000000001	0.024678
1.6500000000000001	0.016302
1.6500000000000001	0.024437999999999998
1.6500000000000001	0.024696000000000003
1.6600000000000001	0.016302
1.6600000000000001	0.024378
1.6600000000000001	0.024444
1.6600000000000001	0.024708
1.6700000000000002	0.016308
1.6700000000000002	0.024378
1.6700000000000002	0.024468
1.6700000000000002	0.02469
1.6800000000000002	0.016308
1.6800000000000002	0.024378
1.6800000000000002	0.024468
1.6800000000000002	0.02469
1.69	0.016308
1.69	0.024384
1.69	0.024468
1.69	0.02469
1.69	0.02475
1.7	0.016314000000000002
1.7	0.024384
1.7	0.024474000000000003
1.7	0.02469
1.7	0.024768000000000002
1.71	0.016314000000000002
1.71	0.024384
1.71	0.024480000000000002
1.71	0.024684
1.71	0.024786
1.72	0.01632
1.72	0.024384
1.72	0.024486
1.72	0.024684
1.72	0.024798
1.73	0.01632
1.73	0.02439
1.73	0.024462
1.73	0.024684
1.73	0.024815999999999998
1.74	0.01632
1.74	0.02439
1.74	0.024504
1.74	0.024684
1.74	0.024834000000000002
1.75	0.016326
1.75	0.02439
1.75	0.024462
1.75	0.02451
1.75	0.024678
1.75	0.024852
1.76	0.016326
1.76	0.024395999999999998
1.76	0.024462
1.76	0.024522
1.76	0.024678
1.76	0.02487
1.77	0.016332
1.77	0.024395999999999998
1.77	0.024462
1.77	0.024678
1.77	0.024888
1.78	0.016332
1.78	0.024395999999999998
1.78	0.024462
1.78	0.024534
1.78	0.024678
1.78	0.0249
1.79	0.016332
1.79	0.024462
1.79	0.024546000000000002
1.79	0.024678
1.79	0.024923999999999998
1.8	0.016338
1.8	0.024456
1.8	0.024552
1.8	0.024672
1.8	0.024942
1.81	0.016338
1.81	0.024456
1.81	0.024564
1.81	0.024672
1.81	0.02496
1.82	0.016344
1.82	0.024456
1.82	0.02457
1.82	0.024672
1.83	0.016344
1.83	0.024456
1.83	0.024582
1.83	0.024672
1.84	0.016344
1.84	0.024414
1.84	0.024588000000000002
1.84	0.024672
1.85	0.01635
1.85	0.024408000000000003
1.85	0.0246
1.85	0.024666
1.86	0.01635
1.86	0.02442
1.86	0.024612000000000002
1.86	0.024666
1.87	0.016356
1.87	0.024426
1.87	0.024666
1.8800000000000001	0.016356
1.8800000000000001	0.024456
1.8800000000000001	0.02463
1.8900000000000001	0.016356
1.8900000000000001	0.024432
1.8900000000000001	0.024642
1.9000000000000001	0.016361999999999998
1.9000000000000001	0.024456
1.9000000000000001	0.024654
1.9100000000000001	0.016361999999999998
1.9100000000000001	0.024437999999999998
1.9100000000000001	0.02466
1.9200000000000002	0.016368
1.9200000000000002	0.024444
1.9200000000000002	0.02466
1.93	0.016368
1.93	0.024444
1.93	0.024684
1.94	0.016368
1.94	0.02445
1.94	0.02466
1.95	0.016374
1.95	0.024456
1.95	0.02466
1.96	0.016374
1.96	0.024456
1.96	0.024654
1.96	0.02472
1.97	0.01638
1.97	0.024462
1.97	0.024654
1.97	0.024732
1.98	0.01638
1.98	0.024456
1.98	0.024654
1.98	0.024744
1.99	0.01638
1.99	0.024456
1.99	0.024654
1.99	0.024756
2.	0.016386
2.	0.024474000000000003
2.	0.024654
2.	0.024768000000000002