0.01	-0.00297
0.01	-0.00292
0.01	-0.002732
0.01	-0.002692
0.01	-0.0023
0.01	-0.00228
0.01	-0.00213
0.01	-0.0004739999999999999
0.02	-0.002978
0.02	-0.002928
0.02	-0.002878
0.02	-0.00283
0.02	-0.00278
0.02	-0.002748
0.02	-0.0027
0.02	-0.0026680000000000002
0.02	-0.00262
0.02	-0.00259
0.02	-0.0025580000000000004
0.02	-0.0023
0.02	-0.0022580000000000005
0.02	-0.0022299999999999998
0.02	-0.00213
0.02	-0.00202
0.02	-0.00198
0.02	-0.0019399999999999999
0.02	-0.0019
0.02	-0.00157
0.02	-0.00148
0.02	-0.0010919999999999999
0.02	-0.0010419999999999997
0.02	-0.0008999999999999998
0.02	-0.0008599999999999999
0.02	-0.0008039999999999998
0.02	-0.00047599999999999997
0.03	-0.002988
0.03	-0.0029620000000000002
0.03	-0.002938
0.03	-0.002912
0.03	-0.0028880000000000004
0.03	-0.002862
0.03	-0.0028380000000000002
0.03	-0.0028139999999999997
0.03	-0.00279
0.03	-0.0027400000000000002
0.03	-0.002692
0.03	-0.0026680000000000002
0.03	-0.002622
0.03	-0.002598
0.03	-0.002552
0.03	-0.002528
0.03	-0.0024820000000000003
0.03	-0.00246
0.03	-0.0023920000000000005
0.03	-0.002368
0.03	-0.0023
0.03	-0.00228
0.03	-0.0022580000000000005
0.03	-0.0022380000000000004
0.03	-0.002172
0.03	-0.0021520000000000003
0.03	-0.00213
0.03	-0.00211
0.03	-0.0020880000000000004
0.03	-0.0020680000000000004
0.03	-0.0020480000000000003
0.03	-0.0018880000000000001
0.03	-0.0018679999999999999
0.03	-0.00185
0.03	-0.00183
0.03	-0.00181
0.03	-0.0017180000000000001
0.03	-0.0017
0.03	-0.001682
0.03	-0.0016279999999999999
0.03	-0.0016099999999999999
0.03	-0.001558
0.03	-0.0014579999999999999
0.03	-0.00141
0.03	-0.00138
0.03	-0.0012599999999999998
0.03	-0.00123
0.03	-0.0006920000000000001
0.03	-0.00047599999999999997
0.04	-0.002996
0.04	-0.0029620000000000002
0.04	-0.00293
0.04	-0.002896
0.04	-0.0028640000000000002
0.04	-0.00283
0.04	-0.0027979999999999997
0.04	-0.002766
0.04	-0.0027320000000000005
0.04	-0.0027
0.04	-0.00267
0.04	-0.002638
0.04	-0.002574
0.04	-0.0025440000000000003
0.04	-0.002512
0.04	-0.0024820000000000003
0.04	-0.002452
0.04	-0.0024219999999999997
0.04	-0.0023920000000000005
0.04	-0.0023620000000000004
0.04	-0.002332
0.04	-0.0023
0.04	-0.002274
0.04	-0.0022440000000000003
0.04	-0.002188
0.04	-0.00216
0.04	-0.00213
0.04	-0.002104
0.04	-0.0020480000000000003
0.04	-0.00202
0.04	-0.001994
0.04	-0.001968
0.04	-0.0019399999999999999
0.04	-0.0019140000000000001
0.04	-0.0018880000000000001
0.04	-0.0018619999999999997
0.04	-0.001812
0.04	-0.0017620000000000001
0.04	-0.001712
0.04	-0.0016879999999999998
0.04	-0.00164
0.04	-0.00157
0.04	-0.001548
0.04	-0.0015019999999999999
0.04	-0.00148
0.04	-0.0014579999999999999
0.04	-0.0014379999999999998
0.04	-0.0011979999999999998
0.04	-0.0011799999999999998
0.04	-0.0011099999999999999
0.04	-0.001058
0.04	-0.00101
0.04	-0.00098
0.04	-0.0009499999999999999
0.04	-0.0008799999999999997
0.04	-0.00047599999999999997
0.05	-0.002972
0.05	-0.00293
0.05	-0.0028880000000000004
0.05	-0.002846
0.05	-0.0028060000000000003
0.05	-0.002766
0.05	-0.002726
0.05	-0.002686
0.05	-0.002646
0.05	-0.002606
0.05	-0.002568
0.05	-0.002528
0.05	-0.00249
0.05	-0.002452
0.05	-0.0024140000000000003
0.05	-0.002376
0.05	-0.00234
0.05	-0.0023
0.05	-0.002266
0.05	-0.0022299999999999998
0.05	-0.002194
0.05	-0.00216
0.05	-0.002124
0.05	-0.00209
0.05	-0.002056
0.05	-0.0020220000000000004
0.05	-0.001988
0.05	-0.001954
0.05	-0.001922
0.05	-0.0018880000000000001
0.05	-0.0018239999999999999
0.05	-0.0017919999999999998
0.05	-0.0017620000000000001
0.05	-0.00173
0.05	-0.0017
0.05	-0.00167
0.05	-0.00164
0.05	-0.001612
0.05	-0.001582
0.05	-0.001554
0.05	-0.001498
0.05	-0.00147
0.05	-0.0014439999999999998
0.05	-0.00139
0.05	-0.001338
0.05	-0.0013139999999999998
0.05	-0.0012879999999999999
0.05	-0.00124
0.05	-0.0011719999999999999
0.05	-0.0011480000000000001
0.05	-0.0009279999999999998
0.05	-0.0009119999999999998
0.05	-0.0008599999999999999
0.05	-0.00083
0.05	-0.0007979999999999999
0.05	-0.0007699999999999999
0.05	-0.00047599999999999997
0.060000000000000005	-0.002964
0.060000000000000005	-0.002914
0.060000000000000005	-0.0028640000000000002
0.060000000000000005	-0.0028139999999999997
0.060000000000000005	-0.002766
0.060000000000000005	-0.0027180000000000004
0.060000000000000005	-0.00267
0.060000000000000005	-0.002622
0.060000000000000005	-0.0025759999999999997
0.060000000000000005	-0.002528
0.060000000000000005	-0.0024820000000000003
0.060000000000000005	-0.002438
0.060000000000000005	-0.0023920000000000005
0.060000000000000005	-0.0023480000000000003
0.060000000000000005	-0.0023
0.060000000000000005	-0.00226
0.060000000000000005	-0.002216
0.060000000000000005	-0.002174
0.060000000000000005	-0.0021319999999999998
0.060000000000000005	-0.00209
0.060000000000000005	-0.0020480000000000003
0.060000000000000005	-0.0020080000000000002
0.060000000000000005	-0.001968
0.060000000000000005	-0.0019279999999999998
0.060000000000000005	-0.0018880000000000001
0.060000000000000005	-0.00185
0.060000000000000005	-0.001812
0.060000000000000005	-0.001774
0.060000000000000005	-0.001738
0.060000000000000005	-0.0017
0.060000000000000005	-0.0016640000000000001
0.060000000000000005	-0.00163
0.060000000000000005	-0.001594
0.060000000000000005	-0.00156
0.060000000000000005	-0.001526
0.060000000000000005	-0.0014919999999999998
0.060000000000000005	-0.00146
0.060000000000000005	-0.001428
0.060000000000000005	-0.001396
0.060000000000000005	-0.001364
0.060000000000000005	-0.001334
0.060000000000000005	-0.001304
0.060000000000000005	-0.0012739999999999997
0.060000000000000005	-0.001218
0.060000000000000005	-0.0011899999999999999
0.060000000000000005	-0.0011619999999999998
0.060000000000000005	-0.0011099999999999999
0.060000000000000005	-0.00106
0.060000000000000005	-0.001012
0.060000000000000005	-0.000988
0.060000000000000005	-0.0009219999999999999
0.060000000000000005	-0.0009019999999999997
0.060000000000000005	-0.0008799999999999997
0.060000000000000005	-0.0008619999999999999
0.060000000000000005	-0.0007699999999999999
0.060000000000000005	-0.00068
0.060000000000000005	-0.00047599999999999997
0.07	-0.002946
0.07	-0.0028880000000000004
0.07	-0.0028320000000000003
0.07	-0.002774
0.07	-0.0027180000000000004
0.07	-0.0026620000000000003
0.07	-0.002608
0.07	-0.002552
0.07	-0.0024980000000000002
0.07	-0.002446
0.07	-0.0023920000000000005
0.07	-0.00234
0.07	-0.0023
0.07	-0.0022380000000000004
0.07	-0.002188
0.07	-0.002138
0.07	-0.00209
0.07	-0.002042
0.07	-0.001994
0.07	-0.0019479999999999996
0.07	-0.0019019999999999998
0.07	-0.001856
0.07	-0.001812
0.07	-0.001768
0.07	-0.001726
0.07	-0.001682
0.07	-0.001642
0.07	-0.0015999999999999999
0.07	-0.00156
0.07	-0.0015199999999999999
0.07	-0.001482
0.07	-0.0014439999999999998
0.07	-0.001406
0.07	-0.00137
0.07	-0.001334
0.07	-0.0013
0.07	-0.001266
0.07	-0.001232
0.07	-0.0012
0.07	-0.001168
0.07	-0.0010479999999999999
0.07	-0.00102
0.07	-0.000992
0.07	-0.0009399999999999999
0.07	-0.0008919999999999998
0.07	-0.0008680000000000001
0.07	-0.0007079999999999996
0.07	-0.00047599999999999997
0.08	-0.002964
0.08	-0.0028980000000000004
0.08	-0.0028320000000000003
0.08	-0.002766
0.08	-0.0027020000000000004
0.08	-0.002638
0.08	-0.002576
0.08	-0.002514
0.08	-0.002454
0.08	-0.0023920000000000005
0.08	-0.002334
0.08	-0.0023
0.08	-0.002274
0.08	-0.0022180000000000004
0.08	-0.00216
0.08	-0.002104
0.08	-0.00205
0.08	-0.001996
0.08	-0.001942
0.08	-0.00189
0.08	-0.001838
0.08	-0.001788
0.08	-0.001738
0.08	-0.0016899999999999999
0.08	-0.001642
0.08	-0.001594
0.08	-0.001548
0.08	-0.001504
0.08	-0.00146
0.08	-0.001418
0.08	-0.001376
0.08	-0.001334
0.08	-0.001294
0.08	-0.0012559999999999997
0.08	-0.001218
0.08	-0.0011819999999999999
0.08	-0.0011459999999999999
0.08	-0.0011099999999999999
0.08	-0.001076
0.08	-0.001044
0.08	-0.001012
0.08	-0.0009819999999999998
0.08	-0.0009519999999999999
0.08	-0.0009219999999999999
0.08	-0.0008680000000000001
0.08	-0.0008420000000000001
0.08	-0.0008179999999999999
0.08	-0.0007719999999999999
0.08	-0.0007499999999999998
0.08	-0.0007279999999999997
0.08	-0.0007079999999999996
0.08	-0.0006899999999999999
0.08	-0.00047799999999999996
0.09	-0.00299
0.09	-0.002914
0.09	-0.00284
0.09	-0.002766
0.09	-0.002694
0.09	-0.002624
0.09	-0.002554
0.09	-0.002484
0.09	-0.002416
0.09	-0.0023480000000000003
0.09	-0.0023
0.09	-0.002282
0.09	-0.0022180000000000004
0.09	-0.002154
0.09	-0.00209
0.09	-0.00203
0.09	-0.001968
0.09	-0.00191
0.09	-0.001852
0.09	-0.0017939999999999998
0.09	-0.001738
0.09	-0.0016840000000000002
0.09	-0.00163
0.09	-0.001578
0.09	-0.001526
0.09	-0.0014759999999999999
0.09	-0.001428
0.09	-0.00138
0.09	-0.001334
0.09	-0.00129
0.09	-0.001246
0.09	-0.0012039999999999998
0.09	-0.0011639999999999999
0.09	-0.001124
0.09	-0.0010859999999999997
0.09	-0.0010479999999999999
0.09	-0.001012
0.09	-0.0009780000000000001
0.09	-0.0009439999999999999
0.09	-0.0009119999999999998
0.09	-0.0008819999999999998
0.09	-0.000852
0.09	-0.0007979999999999999
0.09	-0.0007719999999999999
0.09	-0.0007019999999999998
0.09	-0.0006820000000000001
0.09	-0.000662
0.09	-0.0006099999999999999
0.09	-0.0005799999999999998
0.09	-0.00047799999999999996
0.1	-0.0029319999999999997
0.1	-0.0028480000000000003
0.1	-0.002768
0.1	-0.002686
0.1	-0.002608
0.1	-0.00253
0.1	-0.002454
0.1	-0.002378
0.1	-0.0023
0.1	-0.002232
0.1	-0.00216
0.1	-0.002092
0.1	-0.0020220000000000004
0.1	-0.0019560000000000003
0.1	-0.00189
0.1	-0.001826
0.1	-0.001764
0.1	-0.001702
0.1	-0.001642
0.1	-0.001584
0.1	-0.001526
0.1	-0.001472
0.1	-0.001418
0.1	-0.0013659999999999998
0.1	-0.001316
0.1	-0.0012659999999999998
0.1	-0.001218
0.1	-0.0011719999999999999
0.1	-0.0011279999999999999
0.1	-0.0010859999999999997
0.1	-0.001044
0.1	-0.0010040000000000001
0.1	-0.0009659999999999998
0.1	-0.0009299999999999998
0.1	-0.0008959999999999998
0.1	-0.0008619999999999999
0.1	-0.00083
0.1	-0.0007999999999999999
0.1	-0.0007719999999999999
0.1	-0.0007199999999999997
0.1	-0.000652
0.1	-0.000632
0.1	-0.0005799999999999998
0.1	-0.00047999999999999996
0.11	-0.002906
0.11	-0.002816
0.11	-0.0027280000000000004
0.11	-0.00264
0.11	-0.002554
0.11	-0.00247
0.11	-0.002386
0.11	-0.0023
0.11	-0.0022259999999999997
0.11	-0.0021479999999999997
0.11	-0.0020700000000000002
0.11	-0.001996
0.11	-0.001922
0.11	-0.001852
0.11	-0.001782
0.11	-0.0017139999999999998
0.11	-0.0016480000000000002
0.11	-0.001584
0.11	-0.001522
0.11	-0.001462
0.11	-0.001402
0.11	-0.001346
0.11	-0.00129
0.11	-0.001238
0.11	-0.001186
0.11	-0.001138
0.11	-0.0010899999999999998
0.11	-0.001044
0.11	-0.001002
0.11	-0.0009599999999999999
0.11	-0.0009199999999999998
0.11	-0.0008819999999999998
0.11	-0.0008460000000000001
0.11	-0.0008119999999999999
0.11	-0.0007799999999999999
0.11	-0.0007499999999999998
0.11	-0.0007219999999999998
0.11	-0.00067
0.11	-0.00047799999999999996
0.12	-0.002966
0.12	-0.002866
0.12	-0.002768
0.12	-0.002672
0.12	-0.002578
0.12	-0.002484
0.12	-0.0023940000000000003
0.12	-0.0023
0.12	-0.0022180000000000004
0.12	-0.0021339999999999996
0.12	-0.00205
0.12	-0.00197
0.12	-0.00189
0.12	-0.001814
0.12	-0.001738
0.12	-0.0016660000000000002
0.12	-0.0015959999999999998
0.12	-0.0015279999999999998
0.12	-0.001462
0.12	-0.001398
0.12	-0.001336
0.12	-0.0012759999999999998
0.12	-0.00122
0.12	-0.0011639999999999999
0.12	-0.0011119999999999997
0.12	-0.001062
0.12	-0.001014
0.12	-0.0009679999999999999
0.12	-0.0009239999999999998
0.12	-0.0008819999999999998
0.12	-0.0008439999999999999
0.12	-0.000808
0.12	-0.0007719999999999999
0.12	-0.0007399999999999998
0.12	-0.0007099999999999997
0.12	-0.0006820000000000001
0.12	-0.000632
0.12	-0.0006099999999999999
0.12	-0.0005899999999999998
0.12	-0.00047999999999999996
0.13	-0.00294
0.13	-0.0028320000000000003
0.13	-0.0027280000000000004
0.13	-0.002624
0.13	-0.002524
0.13	-0.002424
0.13	-0.002328
0.13	-0.0023
0.13	-0.002234
0.13	-0.00214
0.13	-0.00205
0.13	-0.0019639999999999996
0.13	-0.001878
0.13	-0.001796
0.13	-0.0017139999999999998
0.13	-0.0016359999999999999
0.13	-0.001562
0.13	-0.0014880000000000002
0.13	-0.001418
0.13	-0.001352
0.13	-0.001286
0.13	-0.0012239999999999998
0.13	-0.0011639999999999999
0.13	-0.001108
0.13	-0.0010539999999999998
0.13	-0.001002
0.13	-0.000954
0.13	-0.0009059999999999999
0.13	-0.0008639999999999999
0.13	-0.000822
0.13	-0.000784
0.13	-0.0007479999999999998
0.13	-0.0006299999999999999
0.13	-0.0005499999999999997
0.13	-0.00047799999999999996
0.14	-0.002948
0.14	-0.002834
0.14	-0.00272
0.14	-0.00261
0.14	-0.0025
0.14	-0.0023940000000000003
0.14	-0.0023
0.14	-0.00219
0.14	-0.002092
0.14	-0.001996
0.14	-0.001904
0.14	-0.001814
0.14	-0.001728
0.14	-0.001644
0.14	-0.001562
0.14	-0.0014839999999999999
0.14	-0.001408
0.14	-0.001336
0.14	-0.0012679999999999998
0.14	-0.001202
0.14	-0.001138
0.14	-0.001078
0.14	-0.001022
0.14	-0.0009679999999999999
0.14	-0.0009179999999999998
0.14	-0.0008699999999999999
0.14	-0.000826
0.14	-0.000784
0.14	-0.0007459999999999998
0.14	-0.0007099999999999997
0.14	-0.000678
0.14	-0.0006479999999999999
0.14	-0.0006219999999999999
0.14	-0.00047999999999999996
0.15	-0.002892
0.15	-0.002768
0.15	-0.002648
0.15	-0.0025320000000000004
0.15	-0.002418
0.15	-0.0023
0.15	-0.002198
0.15	-0.002092
0.15	-0.00199
0.15	-0.001892
0.15	-0.001796
0.15	-0.001704
0.15	-0.0016139999999999998
0.15	-0.0015279999999999998
0.15	-0.0014459999999999998
0.15	-0.0013679999999999999
0.15	-0.001292
0.15	-0.00122
0.15	-0.0011519999999999998
0.15	-0.0010879999999999998
0.15	-0.001026
0.15	-0.0009679999999999999
0.15	-0.0009139999999999999
0.15	-0.0008639999999999999
0.15	-0.0008160000000000001
0.15	-0.0007739999999999998
0.15	-0.0007339999999999997
0.15	-0.0006959999999999999
0.15	-0.000664
0.15	-0.000632
0.15	-0.0005819999999999998
0.15	-0.0005599999999999997
0.15	-0.00047999999999999996
0.16	-0.0029000000000000002
0.16	-0.002768
0.16	-0.00264
0.16	-0.002516
0.16	-0.002396
0.16	-0.0023
0.16	-0.0022779999999999996
0.16	-0.002162
0.16	-0.0020520000000000004
0.16	-0.001944
0.16	-0.00184
0.16	-0.00174
0.16	-0.001644
0.16	-0.001552
0.16	-0.001462
0.16	-0.0013779999999999999
0.16	-0.0012959999999999998
0.16	-0.00122
0.16	-0.0011480000000000001
0.16	-0.001078
0.16	-0.001014
0.16	-0.000954
0.16	-0.0008979999999999998
0.16	-0.0008439999999999999
0.16	-0.0007959999999999998
0.16	-0.0007519999999999998
0.16	-0.0007119999999999997
0.16	-0.000674
0.16	-0.0006399999999999999
0.16	-0.0006119999999999999
0.16	-0.00048199999999999995
0.17	-0.0028580000000000003
0.17	-0.00272
0.17	-0.0025859999999999998
0.17	-0.002456
0.17	-0.002328
0.17	-0.0023
0.17	-0.002206
0.17	-0.002086
0.17	-0.00197
0.17	-0.0018599999999999999
0.17	-0.001752
0.17	-0.00165
0.17	-0.001552
0.17	-0.0014579999999999999
0.17	-0.0013679999999999999
0.17	-0.0012819999999999997
0.17	-0.001202
0.17	-0.0011259999999999998
0.17	-0.0010539999999999998
0.17	-0.000988
0.17	-0.0009259999999999997
0.17	-0.0008680000000000001
0.17	-0.0008139999999999999
0.17	-0.0007659999999999999
0.17	-0.0007219999999999998
0.17	-0.0006820000000000001
0.17	-0.000646
0.17	-0.0006139999999999999
0.17	-0.0005599999999999997
0.17	-0.0005399999999999997
0.17	-0.00048399999999999995
0.18	-0.002916
0.18	-0.00277
0.18	-0.002626
0.18	-0.002486
0.18	-0.00235
0.18	-0.0023
0.18	-0.00222
0.18	-0.002094
0.18	-0.00197
0.18	-0.0018540000000000002
0.18	-0.00174
0.18	-0.0016320000000000002
0.18	-0.00153
0.18	-0.0014299999999999998
0.18	-0.001338
0.18	-0.0012499999999999998
0.18	-0.001166
0.18	-0.0010879999999999998
0.18	-0.001014
0.18	-0.0009479999999999998
0.18	-0.0008839999999999997
0.18	-0.000826
0.18	-0.0007739999999999998
0.18	-0.0007259999999999998
0.18	-0.000684
0.18	-0.000646
0.18	-0.0006119999999999999
0.18	-0.0005819999999999998
0.18	-0.00048199999999999995
0.19	-0.0029419999999999997
0.19	-0.002786
0.19	-0.002634
0.19	-0.002486
0.19	-0.002344
0.19	-0.0023
0.19	-0.002206
0.19	-0.002072
0.19	-0.001944
0.19	-0.001822
0.19	-0.001704
0.19	-0.001592
0.19	-0.0014839999999999999
0.19	-0.001384
0.19	-0.0012879999999999999
0.19	-0.0011979999999999998
0.19	-0.001114
0.19	-0.0010339999999999998
0.19	-0.000962
0.19	-0.0008939999999999996
0.19	-0.000834
0.19	-0.0007779999999999998
0.19	-0.0007259999999999998
0.19	-0.0006820000000000001
0.19	-0.000642
0.19	-0.0005299999999999999
0.19	-0.00048399999999999995
0.2	-0.002934
0.2	-0.00277
0.2	-0.00261
0.2	-0.002456
0.2	-0.0023
0.2	-0.002164
0.2	-0.002026
0.2	-0.001892
0.2	-0.0017659999999999998
0.2	-0.001644
0.2	-0.00153
0.2	-0.0014199999999999998
0.2	-0.0013180000000000002
0.2	-0.001222
0.2	-0.00113
0.2	-0.0010479999999999999
0.2	-0.0009699999999999999
0.2	-0.0008979999999999998
0.2	-0.000834
0.2	-0.0007739999999999998
0.2	-0.0007219999999999998
0.2	-0.0006760000000000001
0.2	-0.0006339999999999999
0.2	-0.0005979999999999998
0.2	-0.0005679999999999997
0.2	-0.00047999999999999996
0.21000000000000002	-0.002892
0.21000000000000002	-0.002722
0.21000000000000002	-0.002556
0.21000000000000002	-0.0023959999999999997
0.21000000000000002	-0.0023
0.21000000000000002	-0.002242
0.21000000000000002	-0.002094
0.21000000000000002	-0.001952
0.21000000000000002	-0.001816
0.21000000000000002	-0.001686
0.21000000000000002	-0.001564
0.21000000000000002	-0.001448
0.21000000000000002	-0.001338
0.21000000000000002	-0.001236
0.21000000000000002	-0.00114
0.21000000000000002	-0.0010519999999999998
0.21000000000000002	-0.0009699999999999999
0.21000000000000002	-0.0008959999999999998
0.21000000000000002	-0.000828
0.21000000000000002	-0.0007659999999999999
0.21000000000000002	-0.0007119999999999997
0.21000000000000002	-0.000664
0.21000000000000002	-0.0006239999999999999
0.21000000000000002	-0.0005879999999999998
0.21000000000000002	-0.0005579999999999997
0.21000000000000002	-0.00048399999999999995
0.22000000000000003	-0.002818
0.22000000000000003	-0.002642
0.22000000000000003	-0.002472
0.22000000000000003	-0.0023
0.22000000000000003	-0.00215
0.22000000000000003	-0.001998
0.22000000000000003	-0.0018540000000000002
0.22000000000000003	-0.0017159999999999999
0.22000000000000003	-0.001586
0.22000000000000003	-0.001464
0.22000000000000003	-0.0013479999999999998
0.22000000000000003	-0.00124
0.22000000000000003	-0.00114
0.22000000000000003	-0.0010479999999999999
0.22000000000000003	-0.000962
0.22000000000000003	-0.0008859999999999996
0.22000000000000003	-0.0008160000000000001
0.22000000000000003	-0.0007539999999999998
0.22000000000000003	-0.0006979999999999999
0.22000000000000003	-0.00065
0.22000000000000003	-0.0006099999999999999
0.22000000000000003	-0.00048199999999999995
0.23	-0.0029020000000000005
0.23	-0.0027140000000000003
0.23	-0.0025340000000000002
0.23	-0.00236
0.23	-0.0023
0.23	-0.0021920000000000004
0.23	-0.002032
0.23	-0.00188
0.23	-0.0017360000000000001
0.23	-0.001598
0.23	-0.00147
0.23	-0.0013479999999999998
0.23	-0.001236
0.23	-0.001132
0.23	-0.001036
0.23	-0.0009479999999999998
0.23	-0.0008699999999999999
0.23	-0.0007979999999999999
0.23	-0.0007359999999999998
0.23	-0.00068
0.23	-0.0006339999999999999
0.23	-0.0005939999999999998
0.23	-0.0005599999999999997
0.23	-0.00048199999999999995
0.24000000000000002	-0.0029679999999999997
0.24000000000000002	-0.00277
0.24000000000000002	-0.00258
0.24000000000000002	-0.0023959999999999997
0.24000000000000002	-0.0023
0.24000000000000002	-0.0022220000000000005
0.24000000000000002	-0.0020540000000000003
0.24000000000000002	-0.0018939999999999999
0.24000000000000002	-0.001742
0.24000000000000002	-0.001598
0.24000000000000002	-0.001464
0.24000000000000002	-0.001338
0.24000000000000002	-0.001222
0.24000000000000002	-0.001114
0.24000000000000002	-0.001016
0.24000000000000002	-0.0009259999999999997
0.24000000000000002	-0.0008460000000000001
0.24000000000000002	-0.0007759999999999999
0.24000000000000002	-0.0007139999999999997
0.24000000000000002	-0.00066
0.24000000000000002	-0.0006139999999999999
0.24000000000000002	-0.0005199999999999998
0.24000000000000002	-0.00048399999999999995
0.25	-0.002812
0.25	-0.0026119999999999997
0.25	-0.00242
0.25	-0.0023
0.25	-0.002236
0.25	-0.0020599999999999998
0.25	-0.0018939999999999999
0.25	-0.0017360000000000001
0.25	-0.0015879999999999998
0.25	-0.001448
0.25	-0.0013180000000000002
0.25	-0.0012
0.25	-0.0010899999999999998
0.25	-0.00099
0.25	-0.0008999999999999998
0.25	-0.00082
0.25	-0.0007479999999999998
0.25	-0.0006879999999999999
0.25	-0.000636
0.25	-0.0005919999999999999
0.25	-0.0005299999999999999
0.25	-0.000486
0.26	-0.002836
0.26	-0.0026279999999999997
0.26	-0.0024280000000000005
0.26	-0.0023
0.26	-0.002236
0.26	-0.0020540000000000003
0.26	-0.00188
0.26	-0.0017180000000000001
0.26	-0.001564
0.26	-0.001422
0.26	-0.00129
0.26	-0.001168
0.26	-0.001056
0.26	-0.0009559999999999999
0.26	-0.0008659999999999999
0.26	-0.0007879999999999999
0.26	-0.0007179999999999997
0.26	-0.00066
0.26	-0.0006099999999999999
0.26	-0.0005699999999999998
0.26	-0.0005379999999999996
0.26	-0.00048199999999999995
0.27	-0.002844
0.27	-0.0026279999999999997
0.27	-0.00242
0.27	-0.0023
0.27	-0.0022220000000000005
0.27	-0.0020340000000000002
0.27	-0.001856
0.27	-0.0016879999999999998
0.27	-0.00153
0.27	-0.0013859999999999999
0.27	-0.0012499999999999998
0.27	-0.0011279999999999999
0.27	-0.001016
0.27	-0.0009179999999999998
0.27	-0.000828
0.27	-0.0007519999999999998
0.27	-0.0006860000000000001
0.27	-0.0006299999999999999
0.27	-0.0005839999999999998
0.27	-0.0005479999999999997
0.27	-0.0005219999999999998
0.27	-0.00048199999999999995
0.28	-0.002836
0.28	-0.0026119999999999997
0.28	-0.002398
0.28	-0.0023
0.28	-0.002194
0.28	-0.002
0.28	-0.0018180000000000002
0.28	-0.001646
0.28	-0.001486
0.28	-0.00134
0.28	-0.0012039999999999998
0.28	-0.001082
0.28	-0.000972
0.28	-0.0008739999999999998
0.28	-0.0007879999999999999
0.28	-0.0007139999999999997
0.28	-0.000652
0.28	-0.0005999999999999998
0.28	-0.0005599999999999997
0.28	-0.0005279999999999999
0.28	-0.000492
0.29000000000000004	-0.002812
0.29000000000000004	-0.00258
0.29000000000000004	-0.00236
0.29000000000000004	-0.0023
0.29000000000000004	-0.00215
0.29000000000000004	-0.001954
0.29000000000000004	-0.001768
0.29000000000000004	-0.001594
0.29000000000000004	-0.001432
0.29000000000000004	-0.001284
0.29000000000000004	-0.00115
0.29000000000000004	-0.0010279999999999998
0.29000000000000004	-0.0009199999999999998
0.29000000000000004	-0.000826
0.29000000000000004	-0.0007439999999999998
0.29000000000000004	-0.0006760000000000001
0.29000000000000004	-0.0006179999999999998
0.29000000000000004	-0.0005719999999999998
0.29000000000000004	-0.0005359999999999997
0.29000000000000004	-0.000486
0.3	-0.0027719999999999997
0.3	-0.0025340000000000002
0.3	-0.0023
0.3	-0.0020959999999999998
0.3	-0.0018939999999999999
0.3	-0.0017059999999999998
0.3	-0.001532
0.3	-0.00137
0.3	-0.001222
0.3	-0.0010899999999999998
0.3	-0.000972
0.3	-0.0008680000000000001
0.3	-0.0007759999999999999
0.3	-0.0006999999999999999
0.3	-0.000636
0.3	-0.0005859999999999998
0.3	-0.0005459999999999997
0.3	-0.00048399999999999995
0.31	-0.0029679999999999997
0.31	-0.0027160000000000005
0.31	-0.0024739999999999996
0.31	-0.0023
0.31	-0.0022440000000000003
0.31	-0.002026
0.31	-0.0018239999999999999
0.31	-0.001634
0.31	-0.00146
0.31	-0.0013
0.31	-0.001154
0.31	-0.0010260000000000002
0.31	-0.0009099999999999998
0.31	-0.0008119999999999999
0.31	-0.0007259999999999998
0.31	-0.000656
0.31	-0.0005999999999999998
0.31	-0.00048399999999999995
0.32	-0.0029020000000000005
0.32	-0.0026439999999999996
0.32	-0.002398
0.32	-0.0023
0.32	-0.002166
0.32	-0.0019459999999999998
0.32	-0.001742
0.32	-0.001554
0.32	-0.00138
0.32	-0.0012239999999999998
0.32	-0.001082
0.32	-0.0009579999999999999
0.32	-0.0008480000000000001
0.32	-0.0007559999999999998
0.32	-0.000678
0.32	-0.0006139999999999999
0.32	-0.0005299999999999999
0.32	-0.00048399999999999995
0.33	-0.00282
0.33	-0.0025580000000000004
0.33	-0.0023
0.33	-0.0020740000000000003
0.33	-0.001856
0.33	-0.001652
0.33	-0.0014659999999999999
0.33	-0.0012959999999999998
0.33	-0.001142
0.33	-0.001006
0.33	-0.0008879999999999997
0.33	-0.0007859999999999999
0.33	-0.0006999999999999999
0.33	-0.000632
0.33	-0.0005779999999999997
0.33	-0.0005379999999999996
0.33	-0.000508
0.33	-0.00048399999999999995
0.33999999999999997	-0.002724
0.33999999999999997	-0.0024579999999999997
0.33999999999999997	-0.0023
0.33999999999999997	-0.002208
0.33999999999999997	-0.001974
0.33999999999999997	-0.001756
0.33999999999999997	-0.001554
0.33999999999999997	-0.00137
0.33999999999999997	-0.0012039999999999998
0.33999999999999997	-0.001058
0.33999999999999997	-0.0009279999999999998
0.33999999999999997	-0.0008179999999999999
0.33999999999999997	-0.0007239999999999997
0.33999999999999997	-0.0006479999999999999
0.33999999999999997	-0.0005899999999999998
0.33999999999999997	-0.0005439999999999997
0.33999999999999997	-0.00048399999999999995
0.35	-0.002894
0.35	-0.0026119999999999997
0.35	-0.002346
0.35	-0.0023
0.35	-0.0020959999999999998
0.35	-0.0018619999999999997
0.35	-0.001646
0.35	-0.00145
0.35	-0.001272
0.35	-0.0011119999999999997
0.35	-0.000972
0.35	-0.000852
0.35	-0.0007499999999999998
0.35	-0.000668
0.35	-0.0006019999999999999
0.35	-0.0005379999999999996
0.35	-0.0005179999999999999
0.35	-0.000486
0.36000000000000004	-0.0027719999999999997
0.36000000000000004	-0.0024879999999999998
0.36000000000000004	-0.0023
0.36000000000000004	-0.0022220000000000005
0.36000000000000004	-0.001974
0.36000000000000004	-0.001744
0.36000000000000004	-0.001532
0.36000000000000004	-0.00134
0.36000000000000004	-0.001168
0.36000000000000004	-0.0010180000000000002
0.36000000000000004	-0.0008879999999999997
0.36000000000000004	-0.0007779999999999998
0.36000000000000004	-0.0006879999999999999
0.36000000000000004	-0.0006159999999999999
0.36000000000000004	-0.0005619999999999998
0.36000000000000004	-0.0005239999999999998
0.36000000000000004	-0.00049
0.37000000000000005	-0.002936
0.37000000000000005	-0.0026360000000000003
0.37000000000000005	-0.002354
0.37000000000000005	-0.0023
0.37000000000000005	-0.00209
0.37000000000000005	-0.0018439999999999997
0.37000000000000005	-0.001618
0.37000000000000005	-0.001412
0.37000000000000005	-0.001228
0.37000000000000005	-0.0010659999999999999
0.37000000000000005	-0.0009259999999999997
0.37000000000000005	-0.000806
0.37000000000000005	-0.0007079999999999996
0.37000000000000005	-0.0006299999999999999
0.37000000000000005	-0.0005699999999999998
0.37000000000000005	-0.0005279999999999999
0.37000000000000005	-0.000488
0.38000000000000006	-0.0027879999999999997
0.38000000000000006	-0.00249
0.38000000000000006	-0.0023
0.38000000000000006	-0.002208
0.38000000000000006	-0.0019479999999999996
0.38000000000000006	-0.0017059999999999998
0.38000000000000006	-0.0014880000000000002
0.38000000000000006	-0.00129
0.38000000000000006	-0.001116
0.38000000000000006	-0.0009659999999999998
0.38000000000000006	-0.0008359999999999999
0.38000000000000006	-0.0007299999999999997
0.38000000000000006	-0.000646
0.38000000000000006	-0.0005819999999999998
0.38000000000000006	-0.0005399999999999997
0.38000000000000006	-0.00049
0.39	-0.002944
0.39	-0.0026279999999999997
0.39	-0.002332
0.39	-0.0023
0.39	-0.0020540000000000003
0.39	-0.0018
0.39	-0.0015660000000000001
0.39	-0.001356
0.39	-0.00117
0.39	-0.001006
0.39	-0.0008680000000000001
0.39	-0.0007539999999999998
0.39	-0.000662
0.39	-0.0005919999999999999
0.39	-0.0005399999999999997
0.39	-0.000508
0.39	-0.00049
0.4	-0.0027719999999999997
0.4	-0.0024579999999999997
0.4	-0.0023
0.4	-0.002166
0.4	-0.0018960000000000001
0.4	-0.0016480000000000002
0.4	-0.001424
0.4	-0.0012239999999999998
0.4	-0.0010499999999999997
0.4	-0.0009019999999999997
0.4	-0.0007779999999999998
0.4	-0.00068
0.4	-0.0006019999999999999
0.4	-0.0005479999999999997
0.4	-0.0005120000000000001
0.4	-0.000486
0.41000000000000003	-0.00292
0.41000000000000003	-0.00259
0.41000000000000003	-0.0023
0.41000000000000003	-0.00228
0.41000000000000003	-0.001994
0.41000000000000003	-0.0017319999999999998
0.41000000000000003	-0.001494
0.41000000000000003	-0.0012819999999999997
0.41000000000000003	-0.0010959999999999998
0.41000000000000003	-0.0009359999999999999
0.41000000000000003	-0.0008039999999999998
0.41000000000000003	-0.0006979999999999999
0.41000000000000003	-0.0006139999999999999
0.41000000000000003	-0.0005419999999999997
0.41000000000000003	-0.000486
0.42000000000000004	-0.002724
0.42000000000000004	-0.002398
0.42000000000000004	-0.0023
0.42000000000000004	-0.0020959999999999998
0.42000000000000004	-0.0018180000000000002
0.42000000000000004	-0.0015660000000000001
0.42000000000000004	-0.00134
0.42000000000000004	-0.001142
0.42000000000000004	-0.000972
0.42000000000000004	-0.00083
0.42000000000000004	-0.0007159999999999997
0.42000000000000004	-0.0006279999999999999
0.42000000000000004	-0.0005619999999999998
0.42000000000000004	-0.0005419999999999997
0.42000000000000004	-0.0005199999999999998
0.42000000000000004	-0.000486
0.43000000000000005	-0.002862
0.43000000000000005	-0.00252
0.43000000000000005	-0.0023
0.43000000000000005	-0.002202
0.43000000000000005	-0.001908
0.43000000000000005	-0.001642
0.43000000000000005	-0.001402
0.43000000000000005	-0.001192
0.43000000000000005	-0.00101
0.43000000000000005	-0.0008599999999999999
0.43000000000000005	-0.0007359999999999998
0.43000000000000005	-0.0006399999999999999
0.43000000000000005	-0.0005699999999999998
0.43000000000000005	-0.0005239999999999998
0.43000000000000005	-0.000488
0.44000000000000006	-0.0026439999999999996
0.44000000000000006	-0.00231
0.44000000000000006	-0.002
0.44000000000000006	-0.00172
0.44000000000000006	-0.0014659999999999999
0.44000000000000006	-0.0012439999999999999
0.44000000000000006	-0.0010499999999999997
0.44000000000000006	-0.0008879999999999997
0.44000000000000006	-0.0007559999999999998
0.44000000000000006	-0.000654
0.44000000000000006	-0.0005799999999999998
0.44000000000000006	-0.0005279999999999999
0.44000000000000006	-0.000488
0.45	-0.0027719999999999997
0.45	-0.0024219999999999997
0.45	-0.0023
0.45	-0.0020959999999999998
0.45	-0.0018
0.45	-0.001532
0.45	-0.0012959999999999998
0.45	-0.0010919999999999999
0.45	-0.0009199999999999998
0.45	-0.0007779999999999998
0.45	-0.000668
0.45	-0.0005879999999999998
0.45	-0.0005339999999999998
0.45	-0.000488
0.46	-0.0029040000000000003
0.46	-0.002536
0.46	-0.0023
0.46	-0.002194
0.46	-0.001882
0.46	-0.0015999999999999999
0.46	-0.0013499999999999999
0.46	-0.001134
0.46	-0.0009519999999999999
0.46	-0.000802
0.46	-0.000684
0.46	-0.0005979999999999998
0.46	-0.0005379999999999996
0.46	-0.000488
0.47000000000000003	-0.0026520000000000003
0.47000000000000003	-0.0022960000000000003
0.47000000000000003	-0.001968
0.47000000000000003	-0.0016719999999999999
0.47000000000000003	-0.001408
0.47000000000000003	-0.0011779999999999998
0.47000000000000003	-0.000984
0.47000000000000003	-0.000826
0.47000000000000003	-0.0006999999999999999
0.47000000000000003	-0.0006079999999999998
0.47000000000000003	-0.0005439999999999997
0.47000000000000003	-0.00049
0.48000000000000004	-0.0027719999999999997
0.48000000000000004	-0.002398
0.48000000000000004	-0.0023
0.48000000000000004	-0.0020559999999999997
0.48000000000000004	-0.001744
0.48000000000000004	-0.0014659999999999999
0.48000000000000004	-0.0012239999999999998
0.48000000000000004	-0.0010180000000000002
0.48000000000000004	-0.0008500000000000001
0.48000000000000004	-0.0007159999999999997
0.48000000000000004	-0.0006179999999999998
0.48000000000000004	-0.0005499999999999997
0.48000000000000004	-0.000508
0.48000000000000004	-0.00049
0.49	-0.002894
0.49	-0.002504
0.49	-0.0023
0.49	-0.002146
0.49	-0.0018180000000000002
0.49	-0.001526
0.49	-0.001272
0.49	-0.0010539999999999998
0.49	-0.0008759999999999997
0.49	-0.0007339999999999997
0.49	-0.0006279999999999999
0.49	-0.0005559999999999997
0.49	-0.00051
0.49	-0.000488
0.5	-0.002614
0.5	-0.0023
0.5	-0.0022380000000000004
0.5	-0.0018960000000000001
0.5	-0.0015899999999999998
0.5	-0.00132
0.5	-0.0010919999999999999
0.5	-0.0009019999999999997
0.5	-0.0007519999999999998
0.5	-0.0006399999999999999
0.5	-0.0005619999999999998
0.5	-0.000514
0.5	-0.000492
0.51	-0.002724
0.51	-0.002332
0.51	-0.0023
0.51	-0.001974
0.51	-0.0016539999999999999
0.51	-0.001372
0.51	-0.00113
0.51	-0.0009299999999999998
0.51	-0.0007699999999999999
0.51	-0.000652
0.51	-0.0005679999999999997
0.51	-0.000516
0.51	-0.00049
0.52	-0.0028380000000000002
0.52	-0.0024280000000000005
0.52	-0.0023
0.52	-0.0020559999999999997
0.52	-0.00172
0.52	-0.001424
0.52	-0.00117
0.52	-0.0009579999999999999
0.52	-0.0007899999999999999
0.52	-0.000664
0.52	-0.0005739999999999997
0.52	-0.0005199999999999998
0.52	-0.00049
0.53	-0.0029519999999999998
0.53	-0.002528
0.53	-0.002302
0.53	-0.002138
0.53	-0.001786
0.53	-0.001478
0.53	-0.00121
0.53	-0.000988
0.53	-0.00081
0.53	-0.0006760000000000001
0.53	-0.0005819999999999998
0.53	-0.0005239999999999998
0.53	-0.00049
0.54	-0.0026279999999999997
0.54	-0.002302
0.54	-0.0022220000000000005
0.54	-0.001856
0.54	-0.001532
0.54	-0.001252
0.54	-0.00102
0.54	-0.0008320000000000001
0.54	-0.0006899999999999999
0.54	-0.0005899999999999998
0.54	-0.0005259999999999999
0.54	-0.000496
0.55	-0.0027320000000000005
0.55	-0.00231
0.55	-0.0019279999999999998
0.55	-0.0015879999999999998
0.55	-0.0012959999999999998
0.55	-0.0010499999999999997
0.55	-0.000854
0.55	-0.0007039999999999998
0.55	-0.0005959999999999999
0.55	-0.0005299999999999999
0.55	-0.00049
0.56	-0.002836
0.56	-0.002398
0.56	-0.002302
0.56	-0.002
0.56	-0.0016480000000000002
0.56	-0.00134
0.56	-0.001084
0.56	-0.0008759999999999997
0.56	-0.0007179999999999997
0.56	-0.0006039999999999998
0.56	-0.0005339999999999998
0.56	-0.00049
0.5700000000000001	-0.002944
0.5700000000000001	-0.0024879999999999998
0.5700000000000001	-0.002302
0.5700000000000001	-0.0020759999999999997
0.5700000000000001	-0.0017059999999999998
0.5700000000000001	-0.0013859999999999999
0.5700000000000001	-0.0011179999999999999
0.5700000000000001	-0.0008999999999999998
0.5700000000000001	-0.0007319999999999998
0.5700000000000001	-0.0006139999999999999
0.5700000000000001	-0.0005379999999999996
0.5700000000000001	-0.00049
0.5800000000000001	-0.002582
0.5800000000000001	-0.002302
0.5800000000000001	-0.0021520000000000003
0.5800000000000001	-0.001768
0.5800000000000001	-0.001434
0.5800000000000001	-0.0011519999999999998
0.5800000000000001	-0.0009239999999999998
0.5800000000000001	-0.0007479999999999998
0.5800000000000001	-0.0006219999999999999
0.5800000000000001	-0.0005419999999999997
0.5800000000000001	-0.00049
0.5900000000000001	-0.002676
0.5900000000000001	-0.002302
0.5900000000000001	-0.0022299999999999998
0.5900000000000001	-0.00183
0.5900000000000001	-0.001482
0.5900000000000001	-0.0011879999999999998
0.5900000000000001	-0.0009479999999999998
0.5900000000000001	-0.0007639999999999998
0.5900000000000001	-0.0006299999999999999
0.5900000000000001	-0.0005459999999999997
0.5900000000000001	-0.00049
0.6000000000000001	-0.0027719999999999997
0.6000000000000001	-0.002302
0.6000000000000001	-0.0018939999999999999
0.6000000000000001	-0.001532
0.6000000000000001	-0.0012239999999999998
0.6000000000000001	-0.0009739999999999998
0.6000000000000001	-0.0007799999999999999
0.6000000000000001	-0.0006399999999999999
0.6000000000000001	-0.0005499999999999997
0.6000000000000001	-0.00049
0.61	-0.00287
0.61	-0.00239
0.61	-0.002302
0.61	-0.00196
0.61	-0.001582
0.61	-0.0012619999999999999
0.61	-0.001
0.61	-0.0007959999999999998
0.61	-0.00065
0.61	-0.0005559999999999997
0.61	-0.00049
0.62	-0.0029679999999999997
0.62	-0.0024739999999999996
0.62	-0.002302
0.62	-0.002028
0.62	-0.001634
0.62	-0.0013
0.62	-0.001026
0.62	-0.0008139999999999999
0.62	-0.00066
0.62	-0.0005599999999999997
0.62	-0.000508
0.62	-0.000492
0.63	-0.0025580000000000004
0.63	-0.002302
0.63	-0.0020959999999999998
0.63	-0.0016879999999999998
0.63	-0.00134
0.63	-0.0010539999999999998
0.63	-0.0008320000000000001
0.63	-0.00067
0.63	-0.0005519999999999998
0.63	-0.00051
0.63	-0.000492
0.64	-0.0026439999999999996
0.64	-0.002302
0.64	-0.002164
0.64	-0.001742
0.64	-0.00138
0.64	-0.001082
0.64	-0.0008500000000000001
0.64	-0.00068
0.64	-0.0005699999999999998
0.64	-0.0005519999999999998
0.64	-0.00051
0.64	-0.000492
0.65	-0.0027300000000000002
0.65	-0.002302
0.65	-0.002236
0.65	-0.001798
0.65	-0.001422
0.65	-0.0011119999999999997
0.65	-0.0008699999999999999
0.65	-0.0006919999999999998
0.65	-0.0005759999999999998
0.65	-0.0005519999999999998
0.65	-0.0005120000000000001
0.65	-0.000492
0.66	-0.00282
0.66	-0.002308
0.66	-0.001856
0.66	-0.0014659999999999999
0.66	-0.001142
0.66	-0.0008879999999999997
0.66	-0.0007039999999999998
0.66	-0.0005819999999999998
0.66	-0.0005519999999999998
0.66	-0.000514
0.66	-0.000492
0.67	-0.0029100000000000003
0.67	-0.002382
0.67	-0.002302
0.67	-0.0019140000000000001
0.67	-0.001508
0.67	-0.001174
0.67	-0.0009079999999999997
0.67	-0.0007139999999999997
0.67	-0.0005879999999999998
0.67	-0.0005539999999999997
0.67	-0.000516
0.67	-0.000492
0.68	-0.0024579999999999997
0.68	-0.002298
0.68	-0.0019720000000000002
0.68	-0.001554
0.68	-0.0012039999999999998
0.68	-0.0009299999999999998
0.68	-0.0007279999999999997
0.68	-0.0005939999999999998
0.68	-0.0005539999999999997
0.68	-0.0005199999999999998
0.68	-0.000492
0.6900000000000001	-0.0025340000000000002
0.6900000000000001	-0.002298
0.6900000000000001	-0.002032
0.6900000000000001	-0.0015999999999999999
0.6900000000000001	-0.001238
0.6900000000000001	-0.0009499999999999999
0.6900000000000001	-0.0007399999999999998
0.6900000000000001	-0.0005999999999999998
0.6900000000000001	-0.0005539999999999997
0.6900000000000001	-0.0005219999999999998
0.6900000000000001	-0.000494
0.7000000000000001	-0.00261
0.7000000000000001	-0.002298
0.7000000000000001	-0.002094
0.7000000000000001	-0.001646
0.7000000000000001	-0.0012699999999999999
0.7000000000000001	-0.000972
0.7000000000000001	-0.0007519999999999998
0.7000000000000001	-0.0006059999999999999
0.7000000000000001	-0.0005539999999999997
0.7000000000000001	-0.0005239999999999998
0.7000000000000001	-0.000494
0.7100000000000001	-0.00269
0.7100000000000001	-0.002298
0.7100000000000001	-0.002156
0.7100000000000001	-0.001694
0.7100000000000001	-0.001304
0.7100000000000001	-0.000994
0.7100000000000001	-0.0007659999999999999
0.7100000000000001	-0.0006119999999999999
0.7100000000000001	-0.0005259999999999999
0.7100000000000001	-0.000494
0.7200000000000001	-0.00277
0.7200000000000001	-0.002298
0.7200000000000001	-0.00222
0.7200000000000001	-0.001742
0.7200000000000001	-0.00134
0.7200000000000001	-0.0010180000000000002
0.7200000000000001	-0.0007799999999999999
0.7200000000000001	-0.0006179999999999998
0.7200000000000001	-0.0005279999999999999
0.7200000000000001	-0.000494
0.7300000000000001	-0.00285
0.7300000000000001	-0.002298
0.7300000000000001	-0.00179
0.7300000000000001	-0.0013739999999999998
0.7300000000000001	-0.001042
0.7300000000000001	-0.000792
0.7300000000000001	-0.0006259999999999999
0.7300000000000001	-0.0005319999999999998
0.7300000000000001	-0.000494
0.7400000000000001	-0.002934
0.7400000000000001	-0.00235
0.7400000000000001	-0.002298
0.7400000000000001	-0.0018419999999999999
0.7400000000000001	-0.00141
0.7400000000000001	-0.0010659999999999999
0.7400000000000001	-0.000808
0.7400000000000001	-0.000632
0.7400000000000001	-0.0005339999999999998
0.7400000000000001	-0.000496
0.7500000000000001	-0.002418
0.7500000000000001	-0.002298
0.7500000000000001	-0.001892
0.7500000000000001	-0.001448
0.7500000000000001	-0.0010899999999999998
0.7500000000000001	-0.000822
0.7500000000000001	-0.0006399999999999999
0.7500000000000001	-0.0005359999999999997
0.7500000000000001	-0.000496
0.76	-0.002486
0.76	-0.002298
0.76	-0.001944
0.76	-0.001486
0.76	-0.001116
0.76	-0.0008359999999999999
0.76	-0.0006479999999999999
0.76	-0.0005399999999999997
0.76	-0.000496
0.77	-0.002554
0.77	-0.002298
0.77	-0.001998
0.77	-0.0015239999999999997
0.77	-0.00114
0.77	-0.000852
0.77	-0.000656
0.77	-0.0005419999999999997
0.77	-0.000494
0.78	-0.002624
0.78	-0.0023039999999999996
0.78	-0.0020520000000000004
0.78	-0.001562
0.78	-0.001168
0.78	-0.0008680000000000001
0.78	-0.000664
0.78	-0.0005459999999999997
0.78	-0.000498
0.79	-0.002696
0.79	-0.0023039999999999996
0.79	-0.002106
0.79	-0.001602
0.79	-0.001194
0.79	-0.0008839999999999997
0.79	-0.0006720000000000001
0.79	-0.0005479999999999997
0.79	-0.000498
0.8	-0.002768
0.8	-0.0023039999999999996
0.8	-0.002162
0.8	-0.001644
0.8	-0.001222
0.8	-0.0008999999999999998
0.8	-0.00068
0.8	-0.0005519999999999998
0.8	-0.0005
0.81	-0.00284
0.81	-0.0023039999999999996
0.81	-0.0022180000000000004
0.81	-0.0016840000000000002
0.81	-0.0012499999999999998
0.81	-0.0009179999999999998
0.81	-0.0006879999999999999
0.81	-0.0005559999999999997
0.81	-0.0005
0.8200000000000001	-0.002914
0.8200000000000001	-0.0023039999999999996
0.8200000000000001	-0.002276
0.8200000000000001	-0.001726
0.8200000000000001	-0.001278
0.8200000000000001	-0.0009339999999999997
0.8200000000000001	-0.0006979999999999999
0.8200000000000001	-0.0005599999999999997
0.8200000000000001	-0.0005
0.8300000000000001	-0.00299
0.8300000000000001	-0.002334
0.8300000000000001	-0.0023039999999999996
0.8300000000000001	-0.0017699999999999999
0.8300000000000001	-0.0013059999999999999
0.8300000000000001	-0.0009519999999999999
0.8300000000000001	-0.0007059999999999997
0.8300000000000001	-0.0005619999999999998
0.8300000000000001	-0.0005020000000000001
0.8400000000000001	-0.0023920000000000005
0.8400000000000001	-0.0023039999999999996
0.8400000000000001	-0.001814
0.8400000000000001	-0.001336
0.8400000000000001	-0.0009699999999999999
0.8400000000000001	-0.0007159999999999997
0.8400000000000001	-0.0005659999999999998
0.8400000000000001	-0.0005020000000000001
0.8500000000000001	-0.002452
0.8500000000000001	-0.0023039999999999996
0.8500000000000001	-0.0018579999999999998
0.8500000000000001	-0.0013659999999999998
0.8500000000000001	-0.000988
0.8500000000000001	-0.0007259999999999998
0.8500000000000001	-0.0005699999999999998
0.8500000000000001	-0.0005020000000000001
0.86	-0.002514
0.86	-0.0023039999999999996
0.86	-0.0019019999999999998
0.86	-0.001398
0.86	-0.001008
0.86	-0.0007359999999999998
0.86	-0.0005739999999999997
0.86	-0.000504
0.87	-0.002576
0.87	-0.0022960000000000003
0.87	-0.0019479999999999996
0.87	-0.001428
0.87	-0.001026
0.87	-0.0007459999999999998
0.87	-0.0005779999999999997
0.87	-0.000504
0.88	-0.002638
0.88	-0.0022960000000000003
0.88	-0.001994
0.88	-0.00146
0.88	-0.0010459999999999996
0.88	-0.0007559999999999998
0.88	-0.0005819999999999998
0.88	-0.000506
0.89	-0.0027
0.89	-0.0022960000000000003
0.89	-0.002042
0.89	-0.0014919999999999998
0.89	-0.0010659999999999999
0.89	-0.0007659999999999999
0.89	-0.0005859999999999998
0.89	-0.000506
0.9	-0.002764
0.9	-0.0022960000000000003
0.9	-0.0020880000000000004
0.9	-0.001526
0.9	-0.0010859999999999997
0.9	-0.0007759999999999999
0.9	-0.0005899999999999998
0.9	-0.000508
0.91	-0.00283
0.91	-0.0022960000000000003
0.91	-0.002138
0.91	-0.00156
0.91	-0.001108
0.91	-0.0007879999999999999
0.91	-0.0005939999999999998
0.91	-0.0005659999999999998
0.91	-0.000508
0.92	-0.002894
0.92	-0.0022960000000000003
0.92	-0.002186
0.92	-0.001594
0.92	-0.0011279999999999999
0.92	-0.0007979999999999999
0.92	-0.0005979999999999998
0.92	-0.0005659999999999998
0.92	-0.00051
0.93	-0.00296
0.93	-0.002306
0.93	-0.002236
0.93	-0.0016279999999999999
0.93	-0.00115
0.93	-0.00081
0.93	-0.0006039999999999998
0.93	-0.0005659999999999998
0.93	-0.00051
0.9400000000000001	-0.002286
0.9400000000000001	-0.0016619999999999998
0.9400000000000001	-0.0011719999999999999
0.9400000000000001	-0.000822
0.9400000000000001	-0.0006079999999999998
0.9400000000000001	-0.0005679999999999997
0.9400000000000001	-0.0005120000000000001
0.9500000000000001	-0.0023380000000000002
0.9500000000000001	-0.002306
0.9500000000000001	-0.0016979999999999999
0.9500000000000001	-0.001194
0.9500000000000001	-0.000834
0.9500000000000001	-0.0006119999999999999
0.9500000000000001	-0.0005679999999999997
0.9500000000000001	-0.0005120000000000001
0.9600000000000001	-0.0023880000000000004
0.9600000000000001	-0.002306
0.9600000000000001	-0.001734
0.9600000000000001	-0.001218
0.9600000000000001	-0.0008460000000000001
0.9600000000000001	-0.0006179999999999998
0.9600000000000001	-0.0005679999999999997
0.9600000000000001	-0.000514
0.9700000000000001	-0.00244
0.9700000000000001	-0.002306
0.9700000000000001	-0.001772
0.9700000000000001	-0.00124
0.9700000000000001	-0.0008579999999999999
0.9700000000000001	-0.0006219999999999999
0.9700000000000001	-0.0005699999999999998
0.9700000000000001	-0.000514
0.9800000000000001	-0.002494
0.9800000000000001	-0.002306
0.9800000000000001	-0.001808
0.9800000000000001	-0.001264
0.9800000000000001	-0.0008699999999999999
0.9800000000000001	-0.0006279999999999999
0.9800000000000001	-0.0005699999999999998
0.9800000000000001	-0.000516
0.9900000000000001	-0.0025480000000000004
0.9900000000000001	-0.002306
0.9900000000000001	-0.001846
0.9900000000000001	-0.0012879999999999999
0.9900000000000001	-0.0008839999999999997
0.9900000000000001	-0.000632
0.9900000000000001	-0.0005699999999999998
0.9900000000000001	-0.000516
1.	-0.0026019999999999997
1.	-0.002294
1.	-0.0018839999999999998
1.	-0.001312
1.	-0.0008959999999999998
1.	-0.0006379999999999999
1.	-0.0005699999999999998
1.	-0.0005179999999999999
1.01	-0.002656
1.01	-0.002294
1.01	-0.001924
1.01	-0.001336
1.01	-0.0009099999999999998
1.01	-0.0006439999999999999
1.01	-0.0005719999999999998
1.01	-0.0005199999999999998
1.02	-0.002712
1.02	-0.002308
1.02	-0.0019619999999999998
1.02	-0.001362
1.02	-0.0009239999999999998
1.02	-0.0006479999999999999
1.02	-0.0005719999999999998
1.02	-0.0005199999999999998
1.03	-0.002768
1.03	-0.002308
1.03	-0.002002
1.03	-0.0013859999999999999
1.03	-0.0009359999999999999
1.03	-0.000654
1.03	-0.0005719999999999998
1.03	-0.0005219999999999998
1.03	-0.000498
1.04	-0.002824
1.04	-0.002308
1.04	-0.002042
1.04	-0.001412
1.04	-0.0009499999999999999
1.04	-0.00066
1.04	-0.0005739999999999997
1.04	-0.0005239999999999998
1.04	-0.000498
1.05	-0.00288
1.05	-0.002308
1.05	-0.0020819999999999996
1.05	-0.0014379999999999998
1.05	-0.0009639999999999999
1.05	-0.000666
1.05	-0.0005739999999999997
1.05	-0.0005239999999999998
1.05	-0.000498
1.06	-0.002938
1.06	-0.002308
1.06	-0.002124
1.06	-0.001464
1.06	-0.00098
1.06	-0.0006720000000000001
1.06	-0.0005739999999999997
1.06	-0.0005259999999999999
1.06	-0.000498
1.07	-0.002308
1.07	-0.002166
1.07	-0.0014919999999999998
1.07	-0.000994
1.07	-0.000678
1.07	-0.0005759999999999998
1.07	-0.0005279999999999999
1.07	-0.000498
1.08	-0.002308
1.08	-0.002294
1.08	-0.002208
1.08	-0.0015179999999999998
1.08	-0.00101
1.08	-0.000684
1.08	-0.0005759999999999998
1.08	-0.0005279999999999999
1.08	-0.000498
1.09	-0.002308
1.09	-0.002294
1.09	-0.00225
1.09	-0.001546
1.09	-0.0010240000000000002
1.09	-0.0006899999999999999
1.09	-0.0005759999999999998
1.09	-0.0005299999999999999
1.09	-0.000498
1.1	-0.002294
1.1	-0.001574
1.1	-0.0010400000000000001
1.1	-0.0006979999999999999
1.1	-0.0005759999999999998
1.1	-0.0005319999999999998
1.1	-0.000498
1.11	-0.0023380000000000002
1.11	-0.00231
1.11	-0.001602
1.11	-0.001056
1.11	-0.0007039999999999998
1.11	-0.0005779999999999997
1.11	-0.0005339999999999998
1.11	-0.000498
1.12	-0.002382
1.12	-0.00231
1.12	-0.0022919999999999998
1.12	-0.0016320000000000002
1.12	-0.0010719999999999998
1.12	-0.0007099999999999997
1.12	-0.0005779999999999997
1.12	-0.0005359999999999997
1.12	-0.000498
1.1300000000000001	-0.002426
1.1300000000000001	-0.00231
1.1300000000000001	-0.0022919999999999998
1.1300000000000001	-0.00166
1.1300000000000001	-0.0010879999999999998
1.1300000000000001	-0.0007179999999999997
1.1300000000000001	-0.0005779999999999997
1.1300000000000001	-0.0005359999999999997
1.1300000000000001	-0.000498
1.1400000000000001	-0.00247
1.1400000000000001	-0.00231
1.1400000000000001	-0.0022919999999999998
1.1400000000000001	-0.0016899999999999999
1.1400000000000001	-0.0011039999999999997
1.1400000000000001	-0.0007239999999999997
1.1400000000000001	-0.0005799999999999998
1.1400000000000001	-0.0005379999999999996
1.1400000000000001	-0.000498
1.1500000000000001	-0.002516
1.1500000000000001	-0.00231
1.1500000000000001	-0.0022919999999999998
1.1500000000000001	-0.00172
1.1500000000000001	-0.00112
1.1500000000000001	-0.0007319999999999998
1.1500000000000001	-0.0005799999999999998
1.1500000000000001	-0.0005399999999999997
1.1500000000000001	-0.0005
1.1600000000000001	-0.0025620000000000005
1.1600000000000001	-0.00231
1.1600000000000001	-0.0022919999999999998
1.1600000000000001	-0.00175
1.1600000000000001	-0.001138
1.1600000000000001	-0.0007379999999999997
1.1600000000000001	-0.0005799999999999998
1.1600000000000001	-0.0005419999999999997
1.1600000000000001	-0.0005
1.1700000000000002	-0.002608
1.1700000000000002	-0.00231
1.1700000000000002	-0.0022919999999999998
1.1700000000000002	-0.00178
1.1700000000000002	-0.001154
1.1700000000000002	-0.0007459999999999998
1.1700000000000002	-0.0005819999999999998
1.1700000000000002	-0.0005439999999999997
1.1700000000000002	-0.0005
1.1800000000000002	-0.002656
1.1800000000000002	-0.00231
1.1800000000000002	-0.0022919999999999998
1.1800000000000002	-0.001812
1.1800000000000002	-0.0011719999999999999
1.1800000000000002	-0.0007539999999999998
1.1800000000000002	-0.0005819999999999998
1.1800000000000002	-0.0005459999999999997
1.1800000000000002	-0.0005
1.1900000000000002	-0.0027020000000000004
1.1900000000000002	-0.0023120000000000003
1.1900000000000002	-0.0022919999999999998
1.1900000000000002	-0.0018419999999999999
1.1900000000000002	-0.0011899999999999999
1.1900000000000002	-0.0007619999999999999
1.1900000000000002	-0.0005819999999999998
1.1900000000000002	-0.0005479999999999997
1.1900000000000002	-0.0005
1.2000000000000002	-0.00275
1.2000000000000002	-0.0023120000000000003
1.2000000000000002	-0.00229
1.2000000000000002	-0.001874
1.2000000000000002	-0.0012079999999999999
1.2000000000000002	-0.0007679999999999998
1.2000000000000002	-0.0005839999999999998
1.2000000000000002	-0.0005499999999999997
1.2000000000000002	-0.0005
1.21	-0.0027979999999999997
1.21	-0.0023120000000000003
1.21	-0.00229
1.21	-0.0019060000000000001
1.21	-0.001226
1.21	-0.0007759999999999999
1.21	-0.0005839999999999998
1.21	-0.0005519999999999998
1.21	-0.0005
1.22	-0.002846
1.22	-0.0023120000000000003
1.22	-0.00229
1.22	-0.001938
1.22	-0.0012439999999999999
1.22	-0.000784
1.22	-0.0005839999999999998
1.22	-0.0005539999999999997
1.22	-0.0005
1.23	-0.002896
1.23	-0.0023120000000000003
1.23	-0.00229
1.23	-0.0019720000000000002
1.23	-0.0012619999999999999
1.23	-0.000792
1.23	-0.0005859999999999998
1.23	-0.0005559999999999997
1.23	-0.0005
1.24	-0.002946
1.24	-0.0023120000000000003
1.24	-0.00229
1.24	-0.002004
1.24	-0.0012819999999999997
1.24	-0.0007999999999999999
1.24	-0.0005579999999999997
1.24	-0.0005
1.25	-0.002996
1.25	-0.0023120000000000003
1.25	-0.00229
1.25	-0.002038
1.25	-0.0013
1.25	-0.00081
1.25	-0.0005599999999999997
1.25	-0.0005
1.26	-0.002314
1.26	-0.00229
1.26	-0.002072
1.26	-0.00132
1.26	-0.0008179999999999999
1.26	-0.0005859999999999998
1.26	-0.0005619999999999998
1.26	-0.0005
1.27	-0.002314
1.27	-0.00229
1.27	-0.002106
1.27	-0.00134
1.27	-0.000826
1.27	-0.0005879999999999998
1.27	-0.0005639999999999997
1.27	-0.0005
1.28	-0.002314
1.28	-0.0022879999999999997
1.28	-0.00214
1.28	-0.0013579999999999998
1.28	-0.000834
1.28	-0.0005879999999999998
1.28	-0.0005659999999999998
1.28	-0.0005
1.29	-0.002314
1.29	-0.0022879999999999997
1.29	-0.002174
1.29	-0.0013779999999999999
1.29	-0.0008439999999999999
1.29	-0.0005879999999999998
1.29	-0.0005679999999999997
1.29	-0.0005
1.3	-0.002314
1.3	-0.0022879999999999997
1.3	-0.00221
1.3	-0.0014
1.3	-0.000852
1.3	-0.0005899999999999998
1.3	-0.0005699999999999998
1.3	-0.0005
1.31	-0.002314
1.31	-0.0022879999999999997
1.31	-0.002244
1.31	-0.0014199999999999998
1.31	-0.0008619999999999999
1.31	-0.0005899999999999998
1.31	-0.0005719999999999998
1.31	-0.0005
1.32	-0.00228
1.32	-0.0014399999999999999
1.32	-0.0008699999999999999
1.32	-0.0005899999999999998
1.32	-0.0005
1.33	-0.002316
1.33	-0.0022879999999999997
1.33	-0.001462
1.33	-0.0008799999999999997
1.33	-0.0005779999999999997
1.33	-0.0005
1.34	-0.002352
1.34	-0.002316
1.34	-0.0022879999999999997
1.34	-0.001482
1.34	-0.0008899999999999997
1.34	-0.0005799999999999998
1.34	-0.0005
1.35	-0.00239
1.35	-0.002316
1.35	-0.002286
1.35	-0.001504
1.35	-0.0008999999999999998
1.35	-0.0005819999999999998
1.35	-0.0005
1.36	-0.002426
1.36	-0.002316
1.36	-0.002286
1.36	-0.001526
1.36	-0.0009079999999999997
1.36	-0.0005839999999999998
1.36	-0.0005
1.37	-0.002464
1.37	-0.002316
1.37	-0.002286
1.37	-0.001548
1.37	-0.0009179999999999998
1.37	-0.0005879999999999998
1.37	-0.0005
1.3800000000000001	-0.002502
1.3800000000000001	-0.002316
1.3800000000000001	-0.002286
1.3800000000000001	-0.00157
1.3800000000000001	-0.0009279999999999998
1.3800000000000001	-0.0005899999999999998
1.3800000000000001	-0.0005
1.3900000000000001	-0.00254
1.3900000000000001	-0.0023179999999999997
1.3900000000000001	-0.002286
1.3900000000000001	-0.001592
1.3900000000000001	-0.0009379999999999999
1.3900000000000001	-0.0005919999999999999
1.3900000000000001	-0.0005
1.4000000000000001	-0.002578
1.4000000000000001	-0.0023179999999999997
1.4000000000000001	-0.002286
1.4000000000000001	-0.0016139999999999998
1.4000000000000001	-0.0009499999999999999
1.4000000000000001	-0.0005959999999999999
1.4000000000000001	-0.0005
1.4100000000000001	-0.002616
1.4100000000000001	-0.0023179999999999997
1.4100000000000001	-0.002286
1.4100000000000001	-0.001638
1.4100000000000001	-0.0009599999999999999
1.4100000000000001	-0.0005979999999999998
1.4100000000000001	-0.0005
1.4200000000000002	-0.002654
1.4200000000000002	-0.0023179999999999997
1.4200000000000002	-0.002284
1.4200000000000002	-0.00166
1.4200000000000002	-0.0009699999999999999
1.4200000000000002	-0.0005979999999999998
1.4200000000000002	-0.0005
1.4300000000000002	-0.002694
1.4300000000000002	-0.0023179999999999997
1.4300000000000002	-0.002284
1.4300000000000002	-0.0016840000000000002
1.4300000000000002	-0.00098
1.4300000000000002	-0.0006019999999999999
1.4300000000000002	-0.0005
1.4400000000000002	-0.0027340000000000003
1.4400000000000002	-0.0023179999999999997
1.4400000000000002	-0.002284
1.4400000000000002	-0.0017079999999999999
1.4400000000000002	-0.000992
1.4400000000000002	-0.0006059999999999999
1.4400000000000002	-0.0005
1.4500000000000002	-0.002774
1.4500000000000002	-0.00232
1.4500000000000002	-0.002284
1.4500000000000002	-0.0017319999999999998
1.4500000000000002	-0.001002
1.4500000000000002	-0.0006079999999999998
1.4500000000000002	-0.0005
1.46	-0.0028139999999999997
1.46	-0.00232
1.46	-0.002284
1.46	-0.001756
1.46	-0.001014
1.46	-0.0006119999999999999
1.46	-0.0005
1.47	-0.002854
1.47	-0.00232
1.47	-0.002284
1.47	-0.00178
1.47	-0.0010240000000000002
1.47	-0.0006139999999999999
1.47	-0.0005
1.48	-0.002894
1.48	-0.00232
1.48	-0.002282
1.48	-0.001804
1.48	-0.001036
1.48	-0.0006179999999999998
1.48	-0.0005
1.49	-0.002936
1.49	-0.00232
1.49	-0.002282
1.49	-0.0018280000000000002
1.49	-0.0010479999999999999
1.49	-0.0006199999999999999
1.49	-0.0005
1.5	-0.0029760000000000003
1.5	-0.00232
1.5	-0.002282
1.5	-0.0018540000000000002
1.5	-0.001058
1.5	-0.0006239999999999999
1.5	-0.0005
1.51	-0.0023220000000000003
1.51	-0.002282
1.51	-0.001878
1.51	-0.0010699999999999998
1.51	-0.0006259999999999999
1.51	-0.0005
1.52	-0.0023220000000000003
1.52	-0.002282
1.52	-0.001904
1.52	-0.001082
1.52	-0.0006299999999999999
1.52	-0.0005
1.53	-0.0023220000000000003
1.53	-0.00228
1.53	-0.0019299999999999999
1.53	-0.001094
1.53	-0.0006339999999999999
1.53	-0.0006059999999999999
1.53	-0.0005
1.54	-0.0023220000000000003
1.54	-0.00228
1.54	-0.0019560000000000003
1.54	-0.0011059999999999998
1.54	-0.000636
1.54	-0.0006059999999999999
1.54	-0.0005
1.55	-0.0023220000000000003
1.55	-0.00228
1.55	-0.0019820000000000003
1.55	-0.0011179999999999999
1.55	-0.0006399999999999999
1.55	-0.0006079999999999998
1.55	-0.0005
1.56	-0.002324
1.56	-0.00228
1.56	-0.0020080000000000002
1.56	-0.00113
1.56	-0.000642
1.56	-0.0006079999999999998
1.56	-0.0005
1.57	-0.002324
1.57	-0.00228
1.57	-0.0020340000000000002
1.57	-0.0011439999999999998
1.57	-0.000646
1.57	-0.0006099999999999999
1.57	-0.0005
1.58	-0.002324
1.58	-0.0022779999999999996
1.58	-0.0020599999999999998
1.58	-0.001156
1.58	-0.00065
1.58	-0.0006099999999999999
1.58	-0.0005
1.59	-0.002324
1.59	-0.0022779999999999996
1.59	-0.0020880000000000004
1.59	-0.001168
1.59	-0.000654
1.59	-0.0006099999999999999
1.59	-0.0005
1.6	-0.002326
1.6	-0.0022779999999999996
1.6	-0.002114
1.6	-0.0011819999999999999
1.6	-0.000656
1.6	-0.0006119999999999999
1.6	-0.0005
1.61	-0.002326
1.61	-0.0022779999999999996
1.61	-0.0021420000000000002
1.61	-0.001194
1.61	-0.00066
1.61	-0.0006119999999999999
1.61	-0.0005
1.62	-0.002326
1.62	-0.0022779999999999996
1.62	-0.00217
1.62	-0.0012079999999999999
1.62	-0.000664
1.62	-0.0006139999999999999
1.62	-0.0005
1.6300000000000001	-0.002326
1.6300000000000001	-0.002276
1.6300000000000001	-0.002198
1.6300000000000001	-0.00122
1.6300000000000001	-0.000668
1.6300000000000001	-0.0006139999999999999
1.6300000000000001	-0.0005
1.6400000000000001	-0.002326
1.6400000000000001	-0.002276
1.6400000000000001	-0.0022259999999999997
1.6400000000000001	-0.001234
1.6400000000000001	-0.0006720000000000001
1.6400000000000001	-0.0006139999999999999
1.6400000000000001	-0.0005
1.6500000000000001	-0.002328
1.6500000000000001	-0.002254
1.6500000000000001	-0.001248
1.6500000000000001	-0.000674
1.6500000000000001	-0.0006159999999999999
1.6500000000000001	-0.000498
1.6600000000000001	-0.002328
1.6600000000000001	-0.002282
1.6600000000000001	-0.0012619999999999999
1.6600000000000001	-0.000678
1.6600000000000001	-0.0006159999999999999
1.6600000000000001	-0.000498
1.6700000000000002	-0.00231
1.6700000000000002	-0.002276
1.6700000000000002	-0.0012759999999999998
1.6700000000000002	-0.0006820000000000001
1.6700000000000002	-0.0006179999999999998
1.6700000000000002	-0.000498
1.6800000000000002	-0.0023380000000000002
1.6800000000000002	-0.002274
1.6800000000000002	-0.00129
1.6800000000000002	-0.000686
1.6800000000000002	-0.0006179999999999998
1.6800000000000002	-0.000498
1.6900000000000002	-0.002368
1.6900000000000002	-0.00233
1.6900000000000002	-0.002274
1.6900000000000002	-0.001304
1.6900000000000002	-0.0006899999999999999
1.6900000000000002	-0.0006179999999999998
1.6900000000000002	-0.000498
1.7000000000000002	-0.002398
1.7000000000000002	-0.00233
1.7000000000000002	-0.002274
1.7000000000000002	-0.0013180000000000002
1.7000000000000002	-0.0006939999999999998
1.7000000000000002	-0.0006199999999999999
1.7000000000000002	-0.000498
1.71	-0.002426
1.71	-0.00233
1.71	-0.002274
1.71	-0.0013319999999999999
1.71	-0.0006979999999999999
1.71	-0.0006199999999999999
1.71	-0.000498
1.72	-0.002456
1.72	-0.00233
1.72	-0.0022719999999999997
1.72	-0.0013459999999999998
1.72	-0.0007019999999999998
1.72	-0.0006219999999999999
1.72	-0.000498
1.73	-0.002486
1.73	-0.002332
1.73	-0.0022719999999999997
1.73	-0.0013599999999999999
1.73	-0.0007059999999999997
1.73	-0.0006219999999999999
1.73	-0.000498
1.74	-0.002516
1.74	-0.002332
1.74	-0.0022719999999999997
1.74	-0.001376
1.74	-0.0007099999999999997
1.74	-0.0006219999999999999
1.74	-0.000498
1.75	-0.0025460000000000005
1.75	-0.002332
1.75	-0.0022719999999999997
1.75	-0.00139
1.75	-0.0007139999999999997
1.75	-0.0006239999999999999
1.75	-0.000498
1.76	-0.002576
1.76	-0.002332
1.76	-0.00227
1.76	-0.001406
1.76	-0.0007199999999999997
1.76	-0.0006239999999999999
1.76	-0.000498
1.77	-0.002606
1.77	-0.002334
1.77	-0.00227
1.77	-0.0014199999999999998
1.77	-0.0007239999999999997
1.77	-0.0006259999999999999
1.77	-0.000498
1.78	-0.002638
1.78	-0.002334
1.78	-0.00227
1.78	-0.0014359999999999998
1.78	-0.0007279999999999997
1.78	-0.0006259999999999999
1.78	-0.000498
1.79	-0.0026680000000000002
1.79	-0.002334
1.79	-0.00227
1.79	-0.00145
1.79	-0.0007319999999999998
1.79	-0.0006259999999999999
1.79	-0.000498
1.8	-0.0027
1.8	-0.002334
1.8	-0.002268
1.8	-0.0014659999999999999
1.8	-0.0007359999999999998
1.8	-0.0006279999999999999
1.8	-0.000498
1.81	-0.0027300000000000002
1.81	-0.002336
1.81	-0.002268
1.81	-0.001482
1.81	-0.0007399999999999998
1.81	-0.0006279999999999999
1.81	-0.000498
1.82	-0.0027619999999999997
1.82	-0.002336
1.82	-0.002268
1.82	-0.001498
1.82	-0.0007459999999999998
1.82	-0.0006299999999999999
1.82	-0.000496
1.83	-0.002794
1.83	-0.002336
1.83	-0.002268
1.83	-0.001514
1.83	-0.0007499999999999998
1.83	-0.0006299999999999999
1.83	-0.000496
1.84	-0.002826
1.84	-0.0023380000000000002
1.84	-0.002266
1.84	-0.00153
1.84	-0.0007539999999999998
1.84	-0.000632
1.84	-0.000496
1.85	-0.0028580000000000003
1.85	-0.0023380000000000002
1.85	-0.002266
1.85	-0.001546
1.85	-0.0007599999999999998
1.85	-0.000632
1.85	-0.000496
1.86	-0.00289
1.86	-0.0023380000000000002
1.86	-0.002266
1.86	-0.001562
1.86	-0.0007639999999999998
1.86	-0.0006339999999999999
1.86	-0.000496
1.87	-0.002922
1.87	-0.0023380000000000002
1.87	-0.002264
1.87	-0.001578
1.87	-0.0007679999999999998
1.87	-0.0006339999999999999
1.87	-0.000496
1.8800000000000001	-0.002956
1.8800000000000001	-0.00234
1.8800000000000001	-0.002264
1.8800000000000001	-0.001594
1.8800000000000001	-0.0007739999999999998
1.8800000000000001	-0.0006339999999999999
1.8800000000000001	-0.000496
1.8900000000000001	-0.002988
1.8900000000000001	-0.00234
1.8900000000000001	-0.002264
1.8900000000000001	-0.001612
1.8900000000000001	-0.0007779999999999998
1.8900000000000001	-0.000636
1.8900000000000001	-0.000496
1.9000000000000001	-0.00234
1.9000000000000001	-0.002264
1.9000000000000001	-0.0016279999999999999
1.9000000000000001	-0.000784
1.9000000000000001	-0.000636
1.9000000000000001	-0.000496
1.9100000000000001	-0.002342
1.9100000000000001	-0.002262
1.9100000000000001	-0.001646
1.9100000000000001	-0.0007879999999999999
1.9100000000000001	-0.0006379999999999999
1.9100000000000001	-0.000496
1.9200000000000002	-0.002342
1.9200000000000002	-0.002262
1.9200000000000002	-0.0016619999999999998
1.9200000000000002	-0.0007939999999999999
1.9200000000000002	-0.0006379999999999999
1.9200000000000002	-0.000496
1.9300000000000002	-0.002342
1.9300000000000002	-0.002262
1.9300000000000002	-0.00168
1.9300000000000002	-0.0007979999999999999
1.9300000000000002	-0.0006399999999999999
1.9300000000000002	-0.000494
1.9400000000000002	-0.002344
1.9400000000000002	-0.00226
1.9400000000000002	-0.001696
1.9400000000000002	-0.0008039999999999998
1.9400000000000002	-0.0006399999999999999
1.9400000000000002	-0.000494
1.9500000000000002	-0.002344
1.9500000000000002	-0.00226
1.9500000000000002	-0.0017139999999999998
1.9500000000000002	-0.000808
1.9500000000000002	-0.000642
1.9500000000000002	-0.000494
1.96	-0.002344
1.96	-0.00226
1.96	-0.0017319999999999998
1.96	-0.0008139999999999999
1.96	-0.000642
1.96	-0.000494
1.97	-0.002346
1.97	-0.0022580000000000005
1.97	-0.00175
1.97	-0.00082
1.97	-0.0006439999999999999
1.97	-0.000494
1.98	-0.002346
1.98	-0.0022580000000000005
1.98	-0.0017659999999999998
1.98	-0.0008240000000000001
1.98	-0.0006439999999999999
1.98	-0.000494
1.99	-0.002346
1.99	-0.0022580000000000005
1.99	-0.0017839999999999998
1.99	-0.00083
1.99	-0.0006439999999999999
1.99	-0.000494
2.	-0.0023480000000000003
2.	-0.0022580000000000005
2.	-0.0018020000000000002
2.	-0.0008359999999999999
2.	-0.000646
2.	-0.000494
2.01	-0.0023480000000000003
2.01	-0.002256
2.01	-0.00182
2.01	-0.00084
2.01	-0.000646
2.01	-0.000494
2.0199999999999996	-0.0023480000000000003
2.0199999999999996	-0.002256
2.0199999999999996	-0.00184
2.0199999999999996	-0.0008460000000000001
2.0199999999999996	-0.0006479999999999999
2.0199999999999996	-0.000492
2.03	-0.00235
2.03	-0.002256
2.03	-0.0018579999999999998
2.03	-0.000852
2.03	-0.0006479999999999999
2.03	-0.000492
2.0399999999999996	-0.00235
2.0399999999999996	-0.002254
2.0399999999999996	-0.0018759999999999998
2.0399999999999996	-0.0008579999999999999
2.0399999999999996	-0.00065
2.0399999999999996	-0.000492
2.05	-0.00235
2.05	-0.002254
2.05	-0.0018939999999999999
2.05	-0.0008639999999999999
2.05	-0.00065
2.05	-0.000492
2.0599999999999996	-0.002352
2.0599999999999996	-0.002254
2.0599999999999996	-0.0019140000000000001
2.0599999999999996	-0.0008680000000000001
2.0599999999999996	-0.000652
2.0599999999999996	-0.000492
2.0699999999999994	-0.002352
2.0699999999999994	-0.0022519999999999997
2.0699999999999994	-0.0019320000000000001
2.0699999999999994	-0.0008739999999999998
2.0699999999999994	-0.000652
2.0699999999999994	-0.000492
2.0799999999999996	-0.002352
2.0799999999999996	-0.0022519999999999997
2.0799999999999996	-0.00195
2.0799999999999996	-0.0008799999999999997
2.0799999999999996	-0.000654
2.0799999999999996	-0.000492
2.0899999999999994	-0.002354
2.0899999999999994	-0.00225
2.0899999999999994	-0.00197
2.0899999999999994	-0.0008859999999999996
2.0899999999999994	-0.000654
2.0899999999999994	-0.000492
2.0999999999999996	-0.002354
2.0999999999999996	-0.00225
2.0999999999999996	-0.00199
2.0999999999999996	-0.0008919999999999998
2.0999999999999996	-0.000656
2.0999999999999996	-0.00049
2.11	-0.002354
2.11	-0.00225
2.11	-0.0020080000000000002
2.11	-0.0008979999999999998
2.11	-0.000656
2.11	-0.00049
2.1199999999999997	-0.002356
2.1199999999999997	-0.002248
2.1199999999999997	-0.002028
2.1199999999999997	-0.0009039999999999997
2.1199999999999997	-0.000658
2.1199999999999997	-0.00049
2.13	-0.002356
2.13	-0.002248
2.13	-0.0020480000000000003
2.13	-0.0009099999999999998
2.13	-0.000658
2.13	-0.00049
2.1399999999999997	-0.002358
2.1399999999999997	-0.002248
2.1399999999999997	-0.0020680000000000004
2.1399999999999997	-0.0009159999999999998
2.1399999999999997	-0.00066
2.1399999999999997	-0.00049
2.15	-0.002358
2.15	-0.0022459999999999997
2.15	-0.0020880000000000004
2.15	-0.0009219999999999999
2.15	-0.00066
2.15	-0.00049
2.1599999999999997	-0.002358
2.1599999999999997	-0.0022459999999999997
2.1599999999999997	-0.002106
2.1599999999999997	-0.0009279999999999998
2.1599999999999997	-0.000662
2.1599999999999997	-0.00049
2.1699999999999995	-0.00236
2.1699999999999995	-0.002246
2.1699999999999995	-0.0021260000000000003
2.1699999999999995	-0.0009359999999999999
2.1699999999999995	-0.000662
2.1699999999999995	-0.000488
2.1799999999999997	-0.00236
2.1799999999999997	-0.0022440000000000003
2.1799999999999997	-0.0021479999999999997
2.1799999999999997	-0.0009419999999999998
2.1799999999999997	-0.000664
2.1799999999999997	-0.000488
2.1899999999999995	-0.0023620000000000004
2.1899999999999995	-0.0022440000000000003
2.1899999999999995	-0.0021680000000000002
2.1899999999999995	-0.0009479999999999998
2.1899999999999995	-0.000664
2.1899999999999995	-0.000488
2.1999999999999997	-0.0023620000000000004
2.1999999999999997	-0.002242
2.1999999999999997	-0.002188
2.1999999999999997	-0.000954
2.1999999999999997	-0.000666
2.1999999999999997	-0.000488
2.21	-0.0023620000000000004
2.21	-0.002242
2.21	-0.002208
2.21	-0.0009599999999999999
2.21	-0.000666
2.21	-0.000488
2.2199999999999998	-0.002364
2.2199999999999998	-0.002228
2.2199999999999998	-0.0009679999999999999
2.2199999999999998	-0.000668
2.2199999999999998	-0.000488
2.23	-0.002364
2.23	-0.00225
2.23	-0.0009739999999999998
2.23	-0.000668
2.23	-0.000486
2.2399999999999998	-0.002366
2.2399999999999998	-0.00227
2.2399999999999998	-0.0022400000000000002
2.2399999999999998	-0.00098
2.2399999999999998	-0.00067
2.2399999999999998	-0.000486
2.25	-0.002366
2.25	-0.0022919999999999998
2.25	-0.0022380000000000004
2.25	-0.000988
2.25	-0.00067
2.25	-0.000486
2.26	-0.002366
2.26	-0.0023120000000000003
2.26	-0.0022380000000000004
2.26	-0.000994
2.26	-0.0006720000000000001
2.26	-0.000486
2.2699999999999996	-0.002368
2.2699999999999996	-0.002334
2.2699999999999996	-0.0022380000000000004
2.2699999999999996	-0.001
2.2699999999999996	-0.000674
2.2699999999999996	-0.000486
2.28	-0.002354
2.28	-0.002236
2.28	-0.001008
2.28	-0.000674
2.28	-0.000486
2.2899999999999996	-0.0023760000000000005
2.2899999999999996	-0.002236
2.2899999999999996	-0.001014
2.2899999999999996	-0.0006760000000000001
2.2899999999999996	-0.00048399999999999995
2.3	-0.002398
2.3	-0.00237
2.3	-0.0022340000000000003
2.3	-0.001022
2.3	-0.0006760000000000001
2.3	-0.00048399999999999995
2.31	-0.00242
2.31	-0.002372
2.31	-0.002234
2.31	-0.0010279999999999998
2.31	-0.000678
2.31	-0.00048399999999999995
2.32	-0.00244
2.32	-0.002372
2.32	-0.002234
2.32	-0.001036
2.32	-0.000678
2.32	-0.00048399999999999995
2.33	-0.0024619999999999998
2.33	-0.0023740000000000002
2.33	-0.002232
2.33	-0.001042
2.33	-0.00068
2.33	-0.00048399999999999995
2.34	-0.002484
2.34	-0.0023740000000000002
2.34	-0.002232
2.34	-0.0010499999999999997
2.34	-0.00068
2.34	-0.00048199999999999995
2.35	-0.002506
2.35	-0.0023740000000000002
2.35	-0.0022299999999999998
2.35	-0.001058
2.35	-0.0006820000000000001
2.35	-0.00048199999999999995
2.36	-0.002528
2.36	-0.002376
2.36	-0.0022299999999999998
2.36	-0.001064
2.36	-0.0006820000000000001
2.36	-0.00048199999999999995
2.3699999999999997	-0.00255
2.3699999999999997	-0.002376
2.3699999999999997	-0.002228
2.3699999999999997	-0.0010719999999999998
2.3699999999999997	-0.000684
2.3699999999999997	-0.00048199999999999995
2.38	-0.002574
2.38	-0.002378
2.38	-0.002228
2.38	-0.001078
2.38	-0.000686
2.38	-0.00048199999999999995
2.3899999999999997	-0.002596
2.3899999999999997	-0.002378
2.3899999999999997	-0.0022259999999999997
2.3899999999999997	-0.0010859999999999997
2.3899999999999997	-0.000686
2.3899999999999997	-0.00047999999999999996
2.4	-0.0026179999999999997
2.4	-0.00238
2.4	-0.0022259999999999997
2.4	-0.001094
2.4	-0.0006879999999999999
2.4	-0.00047999999999999996
2.4099999999999997	-0.00264
2.4099999999999997	-0.00238
2.4099999999999997	-0.0022259999999999997
2.4099999999999997	-0.001102
2.4099999999999997	-0.0006879999999999999
2.4099999999999997	-0.00047999999999999996
2.4199999999999995	-0.002664
2.4199999999999995	-0.002382
2.4199999999999995	-0.0022240000000000003
2.4199999999999995	-0.001108
2.4199999999999995	-0.0006899999999999999
2.4199999999999995	-0.00047999999999999996
2.4299999999999997	-0.002686
2.4299999999999997	-0.002382
2.4299999999999997	-0.0022240000000000003
2.4299999999999997	-0.001116
2.4299999999999997	-0.0006899999999999999
2.4299999999999997	-0.00047999999999999996
2.4399999999999995	-0.00271
2.4399999999999995	-0.002384
2.4399999999999995	-0.0022220000000000005
2.4399999999999995	-0.001124
2.4399999999999995	-0.0006919999999999998
2.4399999999999995	-0.00047799999999999996
2.4499999999999997	-0.0027320000000000005
2.4499999999999997	-0.002384
2.4499999999999997	-0.0022220000000000005
2.4499999999999997	-0.001132
2.4499999999999997	-0.0006939999999999998
2.4499999999999997	-0.00047799999999999996
2.46	-0.0027559999999999998
2.46	-0.002386
2.46	-0.00222
2.46	-0.00114
2.46	-0.0006939999999999998
2.46	-0.00047799999999999996
2.4699999999999998	-0.00278
2.4699999999999998	-0.002386
2.4699999999999998	-0.00222
2.4699999999999998	-0.0011480000000000001
2.4699999999999998	-0.0006959999999999999
2.4699999999999998	-0.00047799999999999996
2.48	-0.002802
2.48	-0.0023880000000000004
2.48	-0.0022180000000000004
2.48	-0.001156
2.48	-0.0006959999999999999
2.48	-0.00047599999999999997
2.4899999999999998	-0.002826
2.4899999999999998	-0.0023880000000000004
2.4899999999999998	-0.0022180000000000004
2.4899999999999998	-0.0011639999999999999
2.4899999999999998	-0.0006979999999999999
2.4899999999999998	-0.00047599999999999997
2.5	-0.00285
2.5	-0.00239
2.5	-0.002216
2.5	-0.0011719999999999999
2.5	-0.0006999999999999999
2.5	-0.00047599999999999997
2.51	-0.0028740000000000003
2.51	-0.00239
2.51	-0.002216
2.51	-0.0011799999999999998
2.51	-0.0006999999999999999
2.51	-0.00047599999999999997
2.5199999999999996	-0.002896
2.5199999999999996	-0.0023920000000000005
2.5199999999999996	-0.002214
2.5199999999999996	-0.0011879999999999998
2.5199999999999996	-0.0007019999999999998
2.5199999999999996	-0.0004739999999999999
2.53	-0.00292
2.53	-0.0023920000000000005
2.53	-0.002214
2.53	-0.0011959999999999998
2.53	-0.0007019999999999998
2.53	-0.0004739999999999999
2.5399999999999996	-0.002944
2.5399999999999996	-0.0023940000000000003
2.5399999999999996	-0.002212
2.5399999999999996	-0.0012039999999999998
2.5399999999999996	-0.0007039999999999998
2.5399999999999996	-0.0004739999999999999
2.55	-0.0029679999999999997
2.55	-0.0023940000000000003
2.55	-0.002212
2.55	-0.001212
2.55	-0.0007059999999999997
2.55	-0.0004739999999999999
2.56	-0.002994
2.56	-0.0023959999999999997
2.56	-0.00221
2.56	-0.00122
2.56	-0.0007059999999999997
2.56	-0.0004719999999999999
2.57	-0.002398
2.57	-0.00221
2.57	-0.001228
2.57	-0.0007079999999999996
2.57	-0.0004719999999999999
2.58	-0.002398
2.58	-0.002208
2.58	-0.001238
2.58	-0.0007079999999999996
2.58	-0.0004719999999999999
2.59	-0.0024
2.59	-0.002208
2.59	-0.001246
2.59	-0.0007099999999999997
2.59	-0.0004719999999999999
2.6	-0.0024
2.6	-0.002206
2.6	-0.001254
2.6	-0.0007119999999999997
2.6	-0.00046999999999999993
2.61	-0.002402
2.61	-0.0022040000000000002
2.61	-0.0012619999999999999
2.61	-0.0007119999999999997
2.61	-0.00046999999999999993
2.6199999999999997	-0.002402
2.6199999999999997	-0.0022040000000000002
2.6199999999999997	-0.001272
2.6199999999999997	-0.0007139999999999997
2.6199999999999997	-0.00046999999999999993
2.63	-0.002404
2.63	-0.002202
2.63	-0.0012799999999999999
2.63	-0.0007159999999999997
2.63	-0.00046999999999999993
2.6399999999999997	-0.0024059999999999997
2.6399999999999997	-0.002202
2.6399999999999997	-0.0012879999999999999
2.6399999999999997	-0.0007159999999999997
2.6399999999999997	-0.00046799999999999994
2.65	-0.002406
2.65	-0.0022
2.65	-0.001298
2.65	-0.0007179999999999997
2.65	-0.00046799999999999994
2.6599999999999997	-0.0024080000000000004
2.6599999999999997	-0.0022
2.6599999999999997	-0.0013059999999999999
2.6599999999999997	-0.0007199999999999997
2.6599999999999997	-0.00046799999999999994
2.6699999999999995	-0.0024080000000000004
2.6699999999999995	-0.002198
2.6699999999999995	-0.001316
2.6699999999999995	-0.0007199999999999997
2.6699999999999995	-0.00046599999999999994
2.6799999999999997	-0.0024100000000000002
2.6799999999999997	-0.002198
2.6799999999999997	-0.001324
2.6799999999999997	-0.0007219999999999998
2.6799999999999997	-0.00046599999999999994
2.6899999999999995	-0.0024100000000000002
2.6899999999999995	-0.002196
2.6899999999999995	-0.001334
2.6899999999999995	-0.0007219999999999998
2.6899999999999995	-0.00046599999999999994
2.6999999999999997	-0.002412
2.6999999999999997	-0.002194
2.6999999999999997	-0.0013419999999999999
2.6999999999999997	-0.0007239999999999997
2.6999999999999997	-0.00046599999999999994
2.71	-0.0024140000000000003
2.71	-0.002194
2.71	-0.001352
2.71	-0.0007259999999999998
2.71	-0.0004639999999999999
2.7199999999999998	-0.0024140000000000003
2.7199999999999998	-0.0021920000000000004
2.7199999999999998	-0.0013599999999999999
2.7199999999999998	-0.0007259999999999998
2.7199999999999998	-0.0004639999999999999
2.73	-0.0024159999999999997
2.73	-0.0021920000000000004
2.73	-0.00137
2.73	-0.0007279999999999997
2.73	-0.0004639999999999999
2.7399999999999998	-0.002418
2.7399999999999998	-0.00219
2.7399999999999998	-0.0013779999999999999
2.7399999999999998	-0.0007299999999999997
2.7399999999999998	-0.0004619999999999999
2.75	-0.002418
2.75	-0.00219
2.75	-0.001388
2.75	-0.0007299999999999997
2.75	-0.0004619999999999999
2.76	-0.00242
2.76	-0.002188
2.76	-0.001398
2.76	-0.0007319999999999998
2.76	-0.0004619999999999999
2.7699999999999996	-0.00242
2.7699999999999996	-0.002186
2.7699999999999996	-0.001406
2.7699999999999996	-0.0007339999999999997
2.7699999999999996	-0.0004599999999999999
2.78	-0.0024219999999999997
2.78	-0.002186
2.78	-0.001416
2.78	-0.0007339999999999997
2.78	-0.0004599999999999999
2.7899999999999996	-0.002424
2.7899999999999996	-0.002184
2.7899999999999996	-0.001426
2.7899999999999996	-0.0007359999999999998
2.7899999999999996	-0.0004599999999999999
2.8	-0.002424
2.8	-0.002184
2.8	-0.0014359999999999998
2.8	-0.0007379999999999997
2.8	-0.0004599999999999999
2.81	-0.002426
2.81	-0.002182
2.81	-0.0014439999999999998
2.81	-0.0007379999999999997
2.81	-0.0004579999999999999
2.82	-0.0024280000000000005
2.82	-0.00218
2.82	-0.001454
2.82	-0.0007399999999999998
2.82	-0.0004579999999999999
2.83	-0.0024280000000000005
2.83	-0.00218
2.83	-0.001464
2.83	-0.0007419999999999998
2.83	-0.0004579999999999999
2.84	-0.00243
2.84	-0.0021780000000000002
2.84	-0.001474
2.84	-0.0007439999999999998
2.84	-0.0004559999999999999
2.85	-0.002432
2.85	-0.002176
2.85	-0.0014839999999999999
2.85	-0.0007439999999999998
2.85	-0.0004559999999999999
2.86	-0.002432
2.86	-0.002176
2.86	-0.001494
2.86	-0.0007459999999999998
2.86	-0.0004559999999999999
2.8699999999999997	-0.002434
2.8699999999999997	-0.002174
2.8699999999999997	-0.001504
2.8699999999999997	-0.0007479999999999998
2.8699999999999997	-0.00045399999999999987
2.88	-0.002436
2.88	-0.002172
2.88	-0.001514
2.88	-0.0007479999999999998
2.88	-0.00045399999999999987
2.8899999999999997	-0.002436
2.8899999999999997	-0.002172
2.8899999999999997	-0.0015239999999999997
2.8899999999999997	-0.0007499999999999998
2.8899999999999997	-0.0004519999999999999
2.9	-0.002438
2.9	-0.00217
2.9	-0.001534
2.9	-0.0007519999999999998
2.9	-0.0004519999999999999
2.9099999999999997	-0.00244
2.9099999999999997	-0.00217
2.9099999999999997	-0.0015439999999999998
2.9099999999999997	-0.0007539999999999998
2.9099999999999997	-0.0004519999999999999
2.9199999999999995	-0.0024419999999999997
2.9199999999999995	-0.0021680000000000002
2.9199999999999995	-0.001554
2.9199999999999995	-0.0007539999999999998
2.9199999999999995	-0.0004499999999999999
2.9299999999999997	-0.0024419999999999997
2.9299999999999997	-0.002166
2.9299999999999997	-0.001564
2.9299999999999997	-0.0007559999999999998
2.9299999999999997	-0.0004499999999999999
2.9399999999999995	-0.002444
2.9399999999999995	-0.002164
2.9399999999999995	-0.001574
2.9399999999999995	-0.0007579999999999998
2.9399999999999995	-0.0004499999999999999
2.9499999999999997	-0.002446
2.9499999999999997	-0.002164
2.9499999999999997	-0.001584
2.9499999999999997	-0.0007579999999999998
2.9499999999999997	-0.0004479999999999999
2.96	-0.002446
2.96	-0.002162
2.96	-0.001594
2.96	-0.0007599999999999998
2.96	-0.0004479999999999999
2.9699999999999998	-0.0024479999999999997
2.9699999999999998	-0.00216
2.9699999999999998	-0.0016059999999999998
2.9699999999999998	-0.0007619999999999999
2.9699999999999998	-0.0004479999999999999
2.98	-0.00245
2.98	-0.00216
2.98	-0.001616
2.98	-0.0007639999999999998
2.98	-0.0004459999999999999
2.9899999999999998	-0.002452
2.9899999999999998	-0.002158
2.9899999999999998	-0.001626
2.9899999999999998	-0.0007639999999999998
2.9899999999999998	-0.0004459999999999999
3.	-0.002452
3.	-0.002156
3.	-0.0016359999999999999
3.	-0.0007659999999999999
3.	-0.00044399999999999984
3.01	-0.002454
3.01	-0.002156
3.01	-0.0016480000000000002
3.01	-0.0007679999999999998
3.01	-0.00044399999999999984
3.0199999999999996	-0.002456
3.0199999999999996	-0.002154
3.0199999999999996	-0.0016580000000000002
3.0199999999999996	-0.0007699999999999999
3.0199999999999996	-0.00044399999999999984
3.03	-0.0024579999999999997
3.03	-0.0021520000000000003
3.03	-0.001668
3.03	-0.0007699999999999999
3.03	-0.00044199999999999985
3.0399999999999996	-0.00246
3.0399999999999996	-0.0021520000000000003
3.0399999999999996	-0.00168
3.0399999999999996	-0.0007719999999999999
3.0399999999999996	-0.00044199999999999985
3.05	-0.00246
3.05	-0.00215
3.05	-0.0016899999999999999
3.05	-0.0007739999999999998
3.05	-0.00043999999999999985
3.06	-0.0024619999999999998
3.06	-0.0021479999999999997
3.06	-0.001702
3.06	-0.0007759999999999999
3.06	-0.00043999999999999985
3.07	-0.002464
3.07	-0.002146
3.07	-0.001712
3.07	-0.0007759999999999999
3.07	-0.00043999999999999985
3.08	-0.0024660000000000003
3.08	-0.002146
3.08	-0.0017239999999999998
3.08	-0.0007779999999999998
3.08	-0.00043799999999999986
3.09	-0.0024660000000000003
3.09	-0.002144
3.09	-0.001734
3.09	-0.0007799999999999999
3.09	-0.00043799999999999986
3.1	-0.002468
3.1	-0.0021420000000000002
3.1	-0.001746
3.1	-0.0007819999999999999
3.1	-0.00043599999999999986
3.11	-0.00247
3.11	-0.00214
3.11	-0.001756
3.11	-0.000784
3.11	-0.00043599999999999986
3.1199999999999997	-0.002472
3.1199999999999997	-0.00214
3.1199999999999997	-0.001768
3.1199999999999997	-0.000784
3.1199999999999997	-0.0004339999999999998
3.13	-0.0024739999999999996
3.13	-0.002138
3.13	-0.0017779999999999996
3.13	-0.0007859999999999999
3.13	-0.0004339999999999998
3.1399999999999997	-0.002476
3.1399999999999997	-0.002136
3.1399999999999997	-0.00179
3.1399999999999997	-0.0007879999999999999
3.1399999999999997	-0.0004339999999999998
3.15	-0.002476
3.15	-0.0021339999999999996
3.15	-0.0018020000000000002
3.15	-0.0007899999999999999
3.15	-0.0004319999999999998
3.1599999999999997	-0.002478
3.1599999999999997	-0.0021339999999999996
3.1599999999999997	-0.001812
3.1599999999999997	-0.0007899999999999999
3.1599999999999997	-0.0004319999999999998
3.1699999999999995	-0.00248
3.1699999999999995	-0.0021319999999999998
3.1699999999999995	-0.0018239999999999999
3.1699999999999995	-0.000792
3.1699999999999995	-0.0004299999999999998
3.1799999999999997	-0.0024820000000000003
3.1799999999999997	-0.00213
3.1799999999999997	-0.0018360000000000002
3.1799999999999997	-0.0007939999999999999
3.1799999999999997	-0.0004299999999999998
3.1899999999999995	-0.002484
3.1899999999999995	-0.002128
3.1899999999999995	-0.001846
3.1899999999999995	-0.0007959999999999998
3.1899999999999995	-0.00042799999999999983
3.1999999999999997	-0.002486
3.1999999999999997	-0.0021260000000000003
3.1999999999999997	-0.0018579999999999998
3.1999999999999997	-0.0007979999999999999
3.1999999999999997	-0.00042799999999999983
3.21	-0.002486
3.21	-0.0021260000000000003
3.21	-0.00187
3.21	-0.0007999999999999999
3.21	-0.00042599999999999984
3.2199999999999998	-0.0024879999999999998
3.2199999999999998	-0.002124
3.2199999999999998	-0.001882
3.2199999999999998	-0.0007999999999999999
3.2199999999999998	-0.00042599999999999984
3.23	-0.00249
3.23	-0.0021219999999999998
3.23	-0.0018939999999999999
3.23	-0.000802
3.23	-0.00042599999999999984
3.2399999999999998	-0.0024920000000000003
3.2399999999999998	-0.00212
3.2399999999999998	-0.001904
3.2399999999999998	-0.0008039999999999998
3.2399999999999998	-0.0004239999999999998
3.25	-0.002494
3.25	-0.0021179999999999997
3.25	-0.001916
3.25	-0.000806
3.25	-0.0004239999999999998
3.26	-0.002496
3.26	-0.0021179999999999997
3.26	-0.0019279999999999998
3.26	-0.000808
3.26	-0.0004219999999999998
3.27	-0.0024980000000000002
3.27	-0.002116
3.27	-0.0019399999999999999
3.27	-0.000808
3.27	-0.0004219999999999998
3.28	-0.0025
3.28	-0.002114
3.28	-0.001952
3.28	-0.00081
3.28	-0.0004199999999999998
3.29	-0.002502
3.29	-0.002112
3.29	-0.0019639999999999996
3.29	-0.0008119999999999999
3.29	-0.0004199999999999998
3.3	-0.002504
3.3	-0.00211
3.3	-0.001976
3.3	-0.0008139999999999999
3.3	-0.0004179999999999998
3.31	-0.002504
3.31	-0.0021079999999999996
3.31	-0.001988
3.31	-0.0008160000000000001
3.31	-0.0004179999999999998
3.32	-0.002506
3.32	-0.0021079999999999996
3.32	-0.002
3.32	-0.0008179999999999999
3.32	-0.0004159999999999998
3.33	-0.0025080000000000002
3.33	-0.002106
3.33	-0.002012
3.33	-0.00082
3.33	-0.0004159999999999998
3.34	-0.00251
3.34	-0.002104
3.34	-0.002024
3.34	-0.00082
3.34	-0.00041399999999999976
3.35	-0.002512
3.35	-0.0021019999999999997
3.35	-0.002038
3.35	-0.000822
3.35	-0.00041399999999999976
3.36	-0.002514
3.36	-0.0021
3.36	-0.00205
3.36	-0.0008240000000000001
3.36	-0.00041199999999999977
3.3699999999999997	-0.002516
3.3699999999999997	-0.002098
3.3699999999999997	-0.002062
3.3699999999999997	-0.000826
3.3699999999999997	-0.00041199999999999977
3.3799999999999994	-0.0025180000000000003
3.3799999999999994	-0.0020740000000000003
3.3799999999999994	-0.000828
3.3799999999999994	-0.0004099999999999998
3.3899999999999997	-0.00252
3.3899999999999997	-0.002086
3.3899999999999997	-0.00083
3.3899999999999997	-0.0004099999999999998
3.3999999999999995	-0.002522
3.3999999999999995	-0.002098
3.3999999999999995	-0.0008320000000000001
3.3999999999999995	-0.0004079999999999998
3.4099999999999997	-0.002524
3.4099999999999997	-0.002112
3.4099999999999997	-0.002092
3.4099999999999997	-0.000834
3.4099999999999997	-0.0004079999999999998
3.4199999999999995	-0.002526
3.4199999999999995	-0.002124
3.4199999999999995	-0.00209
3.4199999999999995	-0.000834
3.4199999999999995	-0.0004059999999999998
3.4299999999999997	-0.002528
3.4299999999999997	-0.002136
3.4299999999999997	-0.0020880000000000004
3.4299999999999997	-0.0008359999999999999
3.4299999999999997	-0.00040399999999999974
3.4399999999999995	-0.00253
3.4399999999999995	-0.00215
3.4399999999999995	-0.002086
3.4399999999999995	-0.000838
3.4399999999999995	-0.00040399999999999974
3.4499999999999997	-0.0025320000000000004
3.4499999999999997	-0.002162
3.4499999999999997	-0.002084
3.4499999999999997	-0.00084
3.4499999999999997	-0.00040199999999999974
3.4599999999999995	-0.0025340000000000002
3.4599999999999995	-0.002174
3.4599999999999995	-0.0020819999999999996
3.4599999999999995	-0.0008420000000000001
3.4599999999999995	-0.00040199999999999974
3.4699999999999998	-0.002536
3.4699999999999998	-0.002188
3.4699999999999998	-0.00208
3.4699999999999998	-0.0008439999999999999
3.4699999999999998	-0.00039999999999999975
3.4799999999999995	-0.002538
3.4799999999999995	-0.0022
3.4799999999999995	-0.00208
3.4799999999999995	-0.0008460000000000001
3.4799999999999995	-0.00039999999999999975
3.4899999999999998	-0.00254
3.4899999999999998	-0.002214
3.4899999999999998	-0.002078
3.4899999999999998	-0.0008480000000000001
3.4899999999999998	-0.00039799999999999975
3.4999999999999996	-0.002542
3.4999999999999996	-0.0022259999999999997
3.4999999999999996	-0.0020759999999999997
3.4999999999999996	-0.0008500000000000001
3.4999999999999996	-0.00039799999999999975
3.51	-0.0025440000000000003
3.51	-0.0022400000000000002
3.51	-0.0020740000000000003
3.51	-0.000852
3.51	-0.00039599999999999976
3.5199999999999996	-0.0025460000000000005
3.5199999999999996	-0.0022519999999999997
3.5199999999999996	-0.002072
3.5199999999999996	-0.000852
3.5199999999999996	-0.0003939999999999997
3.53	-0.0025480000000000004
3.53	-0.002266
3.53	-0.0020700000000000002
3.53	-0.000854
3.53	-0.0003939999999999997
3.5399999999999996	-0.00255
3.5399999999999996	-0.0022779999999999996
3.5399999999999996	-0.0020680000000000004
3.5399999999999996	-0.000856
3.5399999999999996	-0.0003919999999999997
3.55	-0.002552
3.55	-0.0022919999999999998
3.55	-0.002066
3.55	-0.0008579999999999999
3.55	-0.0003919999999999997
3.5599999999999996	-0.002556
3.5599999999999996	-0.0023039999999999996
3.5599999999999996	-0.002064
3.5599999999999996	-0.0008599999999999999
3.5599999999999996	-0.0003899999999999997
3.57	-0.0025580000000000004
3.57	-0.0023179999999999997
3.57	-0.002062
3.57	-0.0008619999999999999
3.57	-0.0003899999999999997
3.5799999999999996	-0.00256
3.5799999999999996	-0.002332
3.5799999999999996	-0.0020599999999999998
3.5799999999999996	-0.0008639999999999999
3.5799999999999996	-0.00038799999999999973
3.59	-0.0025620000000000005
3.59	-0.002344
3.59	-0.002058
3.59	-0.0008659999999999999
3.59	-0.00038599999999999973
3.5999999999999996	-0.0025640000000000003
3.5999999999999996	-0.002358
3.5999999999999996	-0.0020559999999999997
3.5999999999999996	-0.0008680000000000001
3.5999999999999996	-0.00038599999999999973
3.61	-0.002566
3.61	-0.002372
3.61	-0.0020540000000000003
3.61	-0.0008699999999999999
3.61	-0.0003839999999999997
3.6199999999999997	-0.002568
3.6199999999999997	-0.002384
3.6199999999999997	-0.0020520000000000004
3.6199999999999997	-0.0008719999999999998
3.6199999999999997	-0.0003819999999999997
3.63	-0.0025700000000000002
3.63	-0.002398
3.63	-0.00205
3.63	-0.0008739999999999998
3.63	-0.0003819999999999997
3.6399999999999997	-0.002572
3.6399999999999997	-0.002412
3.6399999999999997	-0.0020480000000000003
3.6399999999999997	-0.0008759999999999997
3.6399999999999997	-0.0003799999999999997
3.65	-0.0025759999999999997
3.65	-0.002426
3.65	-0.002046
3.65	-0.0008779999999999997
3.65	-0.0003799999999999997
3.6599999999999997	-0.002578
3.6599999999999997	-0.00244
3.6599999999999997	-0.002044
3.6599999999999997	-0.0008799999999999997
3.6599999999999997	-0.0003779999999999997
3.67	-0.00258
3.67	-0.002452
3.67	-0.002042
3.67	-0.0008819999999999998
3.67	-0.0003759999999999997
3.6799999999999997	-0.002582
3.6799999999999997	-0.0024660000000000003
3.6799999999999997	-0.00204
3.6799999999999997	-0.0008839999999999997
3.6799999999999997	-0.0003759999999999997
3.69	-0.002584
3.69	-0.00248
3.69	-0.002038
3.69	-0.0008859999999999996
3.69	-0.00037399999999999966
3.6999999999999997	-0.0025859999999999998
3.6999999999999997	-0.002494
3.6999999999999997	-0.002036
3.6999999999999997	-0.0008879999999999997
3.6999999999999997	-0.00037199999999999966
3.71	-0.00259
3.71	-0.0025080000000000002
3.71	-0.0020340000000000002
3.71	-0.0008899999999999997
3.71	-0.00037199999999999966
3.7199999999999998	-0.0025919999999999997
3.7199999999999998	-0.002522
3.7199999999999998	-0.002032
3.7199999999999998	-0.0008919999999999998
3.7199999999999998	-0.00036999999999999967
3.73	-0.002594
3.73	-0.002536
3.73	-0.00203
3.73	-0.0008939999999999996
3.73	-0.0003679999999999997
3.7399999999999998	-0.002596
3.7399999999999998	-0.00255
3.7399999999999998	-0.002028
3.7399999999999998	-0.0008959999999999998
3.7399999999999998	-0.0003679999999999997
3.75	-0.002598
3.75	-0.0025640000000000003
3.75	-0.002026
3.75	-0.0008979999999999998
3.75	-0.0003659999999999997
3.76	-0.0026019999999999997
3.76	-0.002578
3.76	-0.002024
3.76	-0.0008999999999999998
3.76	-0.0003639999999999998
3.77	-0.0025919999999999997
3.77	-0.0020220000000000004
3.77	-0.0009019999999999997
3.77	-0.0003639999999999998
3.78	-0.002606
3.78	-0.00202
3.78	-0.0009039999999999997
3.78	-0.0003619999999999998
3.79	-0.00262
3.79	-0.002018
3.79	-0.0009059999999999999
3.79	-0.00035999999999999986
3.8	-0.002634
3.8	-0.0026119999999999997
3.8	-0.002016
3.8	-0.0009079999999999997
3.8	-0.00035999999999999986
3.81	-0.002648
3.81	-0.002614
3.81	-0.002012
3.81	-0.0009099999999999998
3.81	-0.0003579999999999999
3.82	-0.0026620000000000003
3.82	-0.002616
3.82	-0.00201
3.82	-0.0009119999999999998
3.82	-0.0003559999999999999
3.83	-0.0026780000000000003
3.83	-0.0026179999999999997
3.83	-0.0020080000000000002
3.83	-0.0009139999999999999
3.83	-0.0003559999999999999
3.84	-0.002692
3.84	-0.002622
3.84	-0.002006
3.84	-0.0009159999999999998
3.84	-0.00035399999999999977
3.8499999999999996	-0.002706
3.8499999999999996	-0.002624
3.8499999999999996	-0.002004
3.8499999999999996	-0.0009179999999999998
3.8499999999999996	-0.0003519999999999998
3.8599999999999994	-0.00272
3.8599999999999994	-0.002626
3.8599999999999994	-0.002002
3.8599999999999994	-0.0009199999999999998
3.8599999999999994	-0.00034999999999999983
3.8699999999999997	-0.002736
3.8699999999999997	-0.0026279999999999997
3.8699999999999997	-0.002
3.8699999999999997	-0.0009219999999999999
3.8699999999999997	-0.00034999999999999983
3.8799999999999994	-0.00275
3.8799999999999994	-0.002632
3.8799999999999994	-0.001998
3.8799999999999994	-0.0009239999999999998
3.8799999999999994	-0.0003479999999999999
3.8899999999999997	-0.002764
3.8899999999999997	-0.002634
3.8899999999999997	-0.001996
3.8899999999999997	-0.0009259999999999997
3.8899999999999997	-0.0003459999999999999
3.8999999999999995	-0.002778
3.8999999999999995	-0.0026360000000000003
3.8999999999999995	-0.001994
3.8999999999999995	-0.0009279999999999998
3.8999999999999995	-0.0003459999999999999
3.9099999999999997	-0.002794
3.9099999999999997	-0.00264
3.9099999999999997	-0.00199
3.9099999999999997	-0.0009299999999999998
3.9099999999999997	-0.000344
3.9199999999999995	-0.002808
3.9199999999999995	-0.002642
3.9199999999999995	-0.001988
3.9199999999999995	-0.0009319999999999999
3.9199999999999995	-0.000342
3.9299999999999997	-0.002824
3.9299999999999997	-0.0026439999999999996
3.9299999999999997	-0.001986
3.9299999999999997	-0.0009359999999999999
3.9299999999999997	-0.00034
3.9399999999999995	-0.0028380000000000002
3.9399999999999995	-0.002648
3.9399999999999995	-0.001984
3.9399999999999995	-0.0009379999999999999
3.9399999999999995	-0.00034
3.9499999999999997	-0.002852
3.9499999999999997	-0.00265
3.9499999999999997	-0.0019820000000000003
3.9499999999999997	-0.0009399999999999999
3.9499999999999997	-0.00033800000000000003
3.9599999999999995	-0.002868
3.9599999999999995	-0.0026520000000000003
3.9599999999999995	-0.00198
3.9599999999999995	-0.0009419999999999998
3.9599999999999995	-0.00033600000000000004
3.9699999999999998	-0.002882
3.9699999999999998	-0.002656
3.9699999999999998	-0.001976
3.9699999999999998	-0.0009439999999999999
3.9699999999999998	-0.000334
3.9799999999999995	-0.0028980000000000004
3.9799999999999995	-0.0026579999999999998
3.9799999999999995	-0.001974
3.9799999999999995	-0.000946
3.9799999999999995	-0.000334
3.9899999999999998	-0.002912
3.9899999999999998	-0.0026620000000000003
3.9899999999999998	-0.0019720000000000002
3.9899999999999998	-0.0009479999999999998
3.9899999999999998	-0.000332
3.9999999999999996	-0.002928
3.9999999999999996	-0.002664
3.9999999999999996	-0.00197
3.9999999999999996	-0.0009499999999999999
3.9999999999999996	-0.00033