0.2	0.000272
0.2	0.0005520000000000001
0.2	0.0008240000000000001
0.2	0.001104
0.2	0.001376
0.2	0.0016480000000000002
0.2	0.001912
0.2	0.002184
0.2	0.002448
0.2	0.00272
0.2	0.0029840000000000005
0.2	0.0032400000000000003
0.2	0.003504
0.2	0.0037600000000000003
0.2	0.004024
0.2	0.004280000000000001
0.2	0.004528000000000001
0.2	0.004784000000000001
0.2	0.005032
0.2	0.00528
0.2	0.005528000000000001
0.2	0.005776000000000001
0.2	0.0060160000000000005
0.2	0.0062640000000000005
0.2	0.006496
0.2	0.006736000000000001
0.2	0.006976
0.2	0.007208000000000001
0.2	0.00744
0.2	0.0076640000000000015
0.2	0.007888000000000001
0.2	0.008112
0.2	0.008336000000000001
0.2	0.008560000000000002
0.2	0.008776
0.2	0.008992000000000002
0.2	0.0092
0.2	0.009408
0.2	0.009616000000000001
0.2	0.009824000000000003
0.2	0.010024
0.2	0.010224
0.2	0.010416000000000002
0.2	0.010608000000000001
0.2	0.0108
0.2	0.010992000000000002
0.2	0.011176000000000002
0.2	0.011352000000000001
0.2	0.011536000000000001
0.2	0.011712000000000002
0.2	0.011880000000000002
0.2	0.012048
0.2	0.012216000000000001
0.2	0.012376000000000002
0.2	0.012536000000000002
0.2	0.012696000000000002
0.2	0.012848000000000002
0.2	0.013000000000000001
0.2	0.013144
0.2	0.013288
0.2	0.013424
0.2	0.013560000000000001
0.2	0.013688
0.2	0.014296
0.2	0.014400000000000001
0.2	0.0148
0.2	0.015392
0.2	0.015968
0.2	0.024120000000000003
0.2	0.024240000000000005
0.2	0.024336000000000003
0.2	0.024448000000000004
0.2	0.024568
0.2	0.024672000000000003
0.2	0.024776000000000003
0.2	0.024872
0.2	0.025168000000000003
0.2	0.025800000000000003
0.2	0.026000000000000002
0.2	0.027232
0.2	0.028912000000000004
0.2	0.031056000000000007
0.2	0.033688
0.2	0.0368
0.2	0.040344000000000005
0.2	0.044296
0.2	0.048600000000000004
0.2	0.053192
0.2	0.05794400000000001
0.2	0.06255200000000001
0.2	0.06413600000000001
0.2	0.065112
0.2	0.06520000000000001
0.2	0.06548800000000002
0.2	0.06559200000000001
0.2	0.065808
0.2	0.06592
0.4	0.000264
0.4	0.000856
0.4	0.001448
0.4	0.002024
0.4	0.0026000000000000003
0.4	0.0031680000000000002
0.4	0.003728
0.4	0.004280000000000001
0.4	0.004824
0.4	0.00536
0.4	0.005896
0.4	0.006416000000000001
0.4	0.006928000000000001
0.4	0.007424
0.4	0.00792
0.4	0.008400000000000001
0.4	0.008872000000000001
0.4	0.009336
0.4	0.009784000000000001
0.4	0.010216
0.4	0.01064
0.4	0.011048
0.4	0.011448
0.4	0.011832
0.4	0.0122
0.4	0.012552000000000002
0.4	0.012888
0.4	0.013208000000000003
0.4	0.013512000000000001
0.4	0.013808
0.4	0.014072000000000001
0.4	0.014328000000000002
0.4	0.014568000000000003
0.4	0.014784
0.4	0.014984
0.4	0.015168000000000001
0.4	0.015320000000000002
0.4	0.015488000000000002
0.4	0.015912000000000003
0.4	0.015984
0.4	0.0242
0.4	0.024272000000000002
0.4	0.024368
0.4	0.024456000000000002
0.4	0.024584
0.4	0.024704
0.4	0.02484
0.4	0.024920000000000005
0.4	0.025376000000000003
0.4	0.025840000000000002
0.4	0.026304000000000004
0.4	0.027608
0.4	0.029344000000000002
0.4	0.031536
0.4	0.0342
0.4	0.037336
0.4	0.040920000000000005
0.4	0.044904000000000006
0.4	0.049240000000000006
0.4	0.053864
0.4	0.058648
0.4	0.06315200000000001
0.4	0.064168
0.4	0.06448000000000001
0.4	0.06455200000000001
0.4	0.06483200000000001
0.4	0.065
0.4	0.065184
0.4	0.065392
0.4	0.065608
0.4	0.065848
0.6000000000000001	0.0009680000000000001
0.6000000000000001	0.001904
0.6000000000000001	0.0028320000000000003
0.6000000000000001	0.003744
0.6000000000000001	0.00464
0.6000000000000001	0.005512
0.6000000000000001	0.006368
0.6000000000000001	0.007192000000000001
0.6000000000000001	0.008
0.6000000000000001	0.008776
0.6000000000000001	0.009528
0.6000000000000001	0.010248000000000002
0.6000000000000001	0.010936000000000001
0.6000000000000001	0.011592000000000002
0.6000000000000001	0.012208
0.6000000000000001	0.012792000000000001
0.6000000000000001	0.013328000000000001
0.6000000000000001	0.013824000000000003
0.6000000000000001	0.014280000000000001
0.6000000000000001	0.014360000000000001
0.6000000000000001	0.014680000000000002
0.6000000000000001	0.015032
0.6000000000000001	0.015336000000000002
0.6000000000000001	0.015584
0.6000000000000001	0.015760000000000003
0.6000000000000001	0.015848
0.6000000000000001	0.015928000000000005
0.6000000000000001	0.016056
0.6000000000000001	0.024240000000000005
0.6000000000000001	0.024384000000000003
0.6000000000000001	0.024488000000000003
0.6000000000000001	0.024552
0.6000000000000001	0.024640000000000002
0.6000000000000001	0.024760000000000004
0.6000000000000001	0.02488
0.6000000000000001	0.024952000000000002
0.6000000000000001	0.025672000000000007
0.6000000000000001	0.025888
0.6000000000000001	0.026728000000000002
0.6000000000000001	0.028160000000000004
0.6000000000000001	0.030000000000000002
0.6000000000000001	0.032272
0.6000000000000001	0.034992
0.6000000000000001	0.038168
0.6000000000000001	0.041776
0.6000000000000001	0.045792000000000006
0.6000000000000001	0.05016
0.6000000000000001	0.054808
0.6000000000000001	0.05960800000000001
0.6000000000000001	0.063864
0.6000000000000001	0.064192
0.6000000000000001	0.06428
0.6000000000000001	0.064448
0.6000000000000001	0.06464800000000001
0.6000000000000001	0.064904
0.6000000000000001	0.06520800000000002
0.6000000000000001	0.06556000000000001
0.6000000000000001	0.06588800000000002
0.6000000000000001	0.06596
0.8	0.0005200000000000001
0.8	0.0018880000000000001
0.8	0.0032240000000000003
0.8	0.004528000000000001
0.8	0.005792
0.8	0.007016
0.8	0.008192000000000001
0.8	0.00932
0.8	0.010400000000000001
0.8	0.011408
0.8	0.012352000000000002
0.8	0.013208000000000003
0.8	0.013984000000000002
0.8	0.014400000000000001
0.8	0.014655999999999999
0.8	0.015216000000000002
0.8	0.015648000000000002
0.8	0.015936
0.8	0.016080000000000004
0.8	0.024232000000000004
0.8	0.02432
0.8	0.024392000000000004
0.8	0.024544000000000003
0.8	0.024696000000000003
0.8	0.02484
0.8	0.025240000000000002
0.8	0.025928
0.8	0.026096
0.8	0.027304000000000002
0.8	0.028904000000000003
0.8	0.030896
0.8	0.033288000000000005
0.8	0.036096
0.8	0.03932000000000001
0.8	0.042960000000000005
0.8	0.047
0.8	0.051384000000000006
0.8	0.05605600000000001
0.8	0.060848
0.8	0.064248
0.8	0.064432
0.8	0.06476000000000001
0.8	0.06520000000000001
0.8	0.06573599999999999
0.8	0.06592800000000001
1.	0.000928
1.	0.0027760000000000003
1.	0.004576000000000001
1.	0.006328
1.	0.008016
1.	0.009632000000000002
1.	0.011152
1.	0.012552000000000002
1.	0.013808
1.	0.014432
1.	0.014863999999999999
1.	0.015688
1.	0.016152000000000003
1.	0.024272000000000002
1.	0.024344
1.	0.024616000000000002
1.	0.024800000000000003
1.	0.025
1.	0.025688000000000006
1.	0.025976000000000006
1.	0.026696000000000004
1.	0.02808
1.	0.029856000000000004
1.	0.032032000000000005
1.	0.034600000000000006
1.	0.037536
1.	0.04084800000000001
1.	0.044528
1.	0.048576
1.	0.052968
1.	0.057640000000000004
1.	0.062400000000000004
1.	0.06425600000000001
1.	0.064976
1.	0.06588000000000001
1.	0.065976
1.2	0.00004800000000000001
1.2	0.002568
1.2	0.005048
1.2	0.0074800000000000005
1.2	0.009824000000000003
1.2	0.012048
1.2	0.01408
1.2	0.014472000000000002
1.2	0.0162
1.2	0.024312000000000004
1.2	0.024384000000000003
1.2	0.024560000000000002
1.2	0.024760000000000004
1.2	0.024936000000000003
1.2	0.025504000000000006
1.2	0.026024000000000002
1.2	0.026352000000000004
1.2	0.027544000000000003
1.2	0.029104
1.2	0.031072
1.2	0.033440000000000004
1.2	0.0362
1.2	0.039312
1.2	0.042752
1.2	0.046520000000000006
1.2	0.050600000000000006
1.2	0.054984
1.2	0.059640000000000006
1.2	0.06436800000000001
1.4	0.0035200000000000006
1.4	0.007064000000000001
1.4	0.010688
1.4	0.014504
1.4	0.016240000000000004
1.4	0.024368
1.4	0.024512
1.4	0.024632
1.4	0.024728
1.4	0.025
1.4	0.025544
1.4	0.026072
1.4	0.026304000000000004
1.4	0.027336000000000006
1.4	0.028711999999999998
1.4	0.030472
1.4	0.032624
1.4	0.035176
1.4	0.03812
1.4	0.041416
1.4	0.045024
1.4	0.048928000000000006
1.4	0.053088
1.4	0.057496000000000005
1.4	0.062136000000000004
1.4	0.06432800000000001
1.6	0.005248000000000001
1.6	0.014536000000000002
1.6	0.016288000000000004
1.6	0.024368000000000004
1.6	0.024480000000000002
1.6	0.024624
1.6	0.025032
1.6	0.025640000000000003
1.6	0.026120000000000004
1.6	0.026456
1.6	0.027480000000000004
1.6	0.02876
1.6	0.030336000000000002
1.6	0.032272
1.6	0.034592
1.6	0.037312
1.6	0.040408
1.6	0.043864
1.6	0.04763200000000001
1.6	0.051696000000000006
1.6	0.05600000000000001
1.6	0.060504
1.6	0.06436800000000001
1.6	0.06520000000000001
1.8	0.014568000000000003
1.8	0.016336000000000003
1.8	0.024400000000000005
1.8	0.024552
1.8	0.024672000000000003
1.8	0.024936000000000003
1.8	0.025575999999999998
1.8	0.026168000000000004
1.8	0.026480000000000004
1.8	0.027632
1.8	0.029024
1.8	0.030632000000000003
1.8	0.032488
1.8	0.034616
1.8	0.037087999999999996
1.8	0.039928000000000005
1.8	0.043144
1.8	0.046720000000000005
1.8	0.05061600000000001
1.8	0.054808
1.8	0.05925600000000001
1.8	0.063912
1.8	0.06440000000000001
2.	0.014600000000000002
2.	0.016384000000000003
2.	0.024456000000000002
2.	0.024656
2.	0.024768000000000002
2.	0.025368
2.	0.026280000000000005
2.	0.027520000000000003
2.	0.029040000000000003
2.	0.03084
2.	0.032864000000000004
2.	0.035096
2.	0.037520000000000005
2.	0.040184000000000004
2.	0.043136
2.	0.04642400000000001
2.	0.050064
2.	0.054032000000000004
2.	0.058304
2.	0.062848
2.	0.064432
2.2	0.014632000000000001
2.2	0.016432000000000002
2.2	0.024464000000000003
2.2	0.024632
2.2	0.025056000000000002
2.2	0.025904000000000003
2.2	0.026272
2.2	0.027136000000000004
2.2	0.028736
2.2	0.030672000000000005
2.2	0.032880000000000006
2.2	0.035336
2.2	0.037992000000000005
2.2	0.040824000000000006
2.2	0.043800000000000006
2.2	0.046944
2.2	0.050320000000000004
2.2	0.053984
2.2	0.057968000000000006
2.2	0.06226400000000001
2.2	0.06446400000000001
2.4000000000000004	0.014664000000000002
2.4000000000000004	0.016488
2.4000000000000004	0.024496
2.4000000000000004	0.024624
2.4000000000000004	0.024744
2.4000000000000004	0.025416
2.4000000000000004	0.026320000000000003
2.4000000000000004	0.026552000000000003
2.4000000000000004	0.028136
2.4000000000000004	0.030136000000000003
2.4000000000000004	0.03248
2.4000000000000004	0.035128000000000006
2.4000000000000004	0.03801600000000001
2.4000000000000004	0.04109600000000001
2.4000000000000004	0.044336
2.4000000000000004	0.04770400000000001
2.4000000000000004	0.051176
2.4000000000000004	0.054768000000000004
2.4000000000000004	0.05852
2.4000000000000004	0.062504
2.4000000000000004	0.06449600000000001
2.6	0.014688000000000001
2.6	0.016536000000000002
2.6	0.024552
2.6	0.024944
2.6	0.025856
2.6	0.026376000000000004
2.6	0.027312000000000003
2.6	0.029272000000000003
2.6	0.03168
2.6	0.03446400000000001
2.6	0.037536
2.6	0.040856
2.6	0.044360000000000004
2.6	0.04800800000000001
2.6	0.051768
2.6	0.055616
2.6	0.059528000000000005
2.6	0.06352000000000001
2.6	0.064528
2.8000000000000003	0.014712
2.8000000000000003	0.016584
2.8000000000000003	0.024624
2.8000000000000003	0.025192000000000003
2.8000000000000003	0.026376000000000004
2.8000000000000003	0.028176
2.8000000000000003	0.030536
2.8000000000000003	0.033368
2.8000000000000003	0.036584000000000005
2.8000000000000003	0.040088
2.8000000000000003	0.04382400000000001
2.8000000000000003	0.047744
2.8000000000000003	0.05178400000000001
2.8000000000000003	0.055928
2.8000000000000003	0.060152000000000004
2.8000000000000003	0.06442400000000001
2.8000000000000003	0.06456
3.	0.014744000000000002
3.	0.016640000000000002
3.	0.024616000000000002
3.	0.02472
3.	0.025488
3.	0.026488
3.	0.026968000000000002
3.	0.029144000000000003
3.	0.031920000000000004
3.	0.035176
3.	0.038824000000000004
3.	0.042752
3.	0.046904
3.	0.051216000000000005
3.	0.05564800000000001
3.	0.060168
3.	0.06459200000000001
3.	0.064744
3.2	0.014768
3.2	0.016696000000000003
3.2	0.024616
3.2	0.02484
3.2	0.025832000000000004
3.2	0.026544
3.2	0.027640000000000005
3.2	0.030200000000000005
3.2	0.0334
3.2	0.037096000000000004
3.2	0.041168
3.2	0.045520000000000005
3.2	0.050072000000000005
3.2	0.054776000000000005
3.2	0.059576000000000004
3.2	0.06445600000000001
3.2	0.064616
3.4000000000000004	0.014792
3.4000000000000004	0.016744000000000002
3.4000000000000004	0.024648
3.4000000000000004	0.024992000000000004
3.4000000000000004	0.026224000000000004
3.4000000000000004	0.026600000000000002
3.4000000000000004	0.028376000000000002
3.4000000000000004	0.031344
3.4000000000000004	0.034976
3.4000000000000004	0.03910400000000001
3.4000000000000004	0.0436
3.4000000000000004	0.04836
3.4000000000000004	0.053304000000000004
3.4000000000000004	0.058384000000000005
3.4000000000000004	0.06355200000000001
3.4000000000000004	0.06464
3.6	0.014816000000000001
3.6	0.016800000000000002
3.6	0.024672000000000003
3.6	0.025160000000000002
3.6	0.026664
3.6	0.029184000000000005
3.6	0.032568
3.6	0.036632000000000005
3.6	0.041192000000000006
3.6	0.046104000000000006
3.6	0.051264
3.6	0.05659200000000001
3.6	0.062040000000000005
3.6	0.064672
3.8000000000000003	0.014832000000000001
3.8000000000000003	0.016856000000000003
3.8000000000000003	0.024704
3.8000000000000003	0.025352000000000003
3.8000000000000003	0.02672
3.8000000000000003	0.027152000000000003
3.8000000000000003	0.030056000000000006
3.8000000000000003	0.033872
3.8000000000000003	0.038368
3.8000000000000003	0.04334400000000001
3.8000000000000003	0.048664
3.8000000000000003	0.05421600000000001
3.8000000000000003	0.05992
3.8000000000000003	0.064696
3.8000000000000003	0.065728
4.	0.014856
4.	0.016912000000000003
4.	0.024744
4.	0.025575999999999998
4.	0.026784000000000002
4.	0.027688
4.	0.030992000000000002
4.	0.035232
4.	0.04016
4.	0.04556
4.	0.051280000000000006
4.	0.057216
4.	0.063288
4.	0.06472
4.2	0.014872000000000002
4.2	0.016976
4.2	0.024792
4.2	0.025824000000000003
4.2	0.026848
4.2	0.028264
4.2	0.031976000000000004
4.2	0.03665600000000001
4.2	0.042016000000000005
4.2	0.047824000000000005
4.2	0.053944000000000006
4.2	0.060248
4.2	0.064744
4.4	0.014888000000000002
4.4	0.017032000000000002
4.4	0.024768000000000002
4.4	0.024848000000000002
4.4	0.026096
4.4	0.026912000000000002
4.4	0.028888000000000004
4.4	0.033024000000000005
4.4	0.038136
4.4	0.04392
4.4	0.050136
4.4	0.056632
4.4	0.063304
4.4	0.064768
4.6000000000000005	0.014904
4.6000000000000005	0.017088
4.6000000000000005	0.024792
4.6000000000000005	0.024920000000000005
4.6000000000000005	0.026392000000000006
4.6000000000000005	0.026976000000000007
4.6000000000000005	0.029552000000000002
4.6000000000000005	0.034112
4.6000000000000005	0.039656000000000004
4.6000000000000005	0.045864
4.6000000000000005	0.052480000000000006
4.6000000000000005	0.05936
4.6000000000000005	0.064792
4.800000000000001	0.014920000000000001
4.800000000000001	0.017152
4.800000000000001	0.024808000000000004
4.800000000000001	0.024992000000000004
4.800000000000001	0.02672
4.800000000000001	0.02704
4.800000000000001	0.030264000000000003
4.800000000000001	0.035248
4.800000000000001	0.041224
4.800000000000001	0.047848
4.800000000000001	0.054856
4.800000000000001	0.062104000000000006
4.800000000000001	0.064808
5.	0.014936000000000001
5.	0.017216000000000002
5.	0.024832000000000003
5.	0.025080000000000005
5.	0.027072000000000002
5.	0.031
5.	0.036424
5.	0.042832
5.	0.049856
5.	0.05725600000000001
5.	0.064864
5.2	0.014952000000000002
5.2	0.017280000000000004
5.2	0.024848000000000002
5.2	0.025176000000000004
5.2	0.027176000000000006
5.2	0.027448
5.2	0.031784
5.2	0.03764000000000001
5.2	0.044472
5.2	0.051904000000000006
5.2	0.059672
5.2	0.064848
5.4	0.014960000000000001
5.4	0.017344000000000002
5.4	0.024864
5.4	0.025280000000000004
5.4	0.027248
5.4	0.027848
5.4	0.032600000000000004
5.4	0.038888000000000006
5.4	0.046144000000000004
5.4	0.053968
5.4	0.062112
5.4	0.064864
5.6000000000000005	0.014968
5.6000000000000005	0.017408
5.6000000000000005	0.024888
5.6000000000000005	0.025392000000000005
5.6000000000000005	0.027320000000000004
5.6000000000000005	0.02828
5.6000000000000005	0.033440000000000004
5.6000000000000005	0.040168
5.6000000000000005	0.047848
5.6000000000000005	0.05605600000000001
5.6000000000000005	0.064568
5.6000000000000005	0.06488800000000002
5.800000000000001	0.014976
5.800000000000001	0.017472
5.800000000000001	0.024904000000000003
5.800000000000001	0.025512
5.800000000000001	0.027392000000000007
5.800000000000001	0.028727999999999997
5.800000000000001	0.03432
5.800000000000001	0.04148
5.800000000000001	0.049568
5.800000000000001	0.058168
5.800000000000001	0.064904
6.	0.014984
6.	0.017536000000000003
6.	0.024912000000000004
6.	0.025648000000000004
6.	0.027472000000000003
6.	0.029200000000000004
6.	0.035224000000000005
6.	0.04281600000000001
6.	0.051312
6.	0.06028800000000001
6.	0.064912
6.2	0.014992
6.2	0.017608000000000002
6.2	0.024928000000000002
6.2	0.025792000000000002
6.2	0.027544000000000003
6.2	0.029696000000000007
6.2	0.036152000000000004
6.2	0.04417600000000001
6.2	0.05307200000000001
6.2	0.062424
6.2	0.06492800000000001
6.4	0.014992
6.4	0.01768
6.4	0.024944
6.4	0.025944000000000002
6.4	0.027624000000000003
6.4	0.030216000000000003
6.4	0.037104000000000005
6.4	0.04556
6.4	0.054856
6.4	0.064568
6.4	0.064944
6.6000000000000005	0.015000000000000001
6.6000000000000005	0.017744000000000003
6.6000000000000005	0.024952000000000002
6.6000000000000005	0.026112000000000003
6.6000000000000005	0.027704
6.6000000000000005	0.030752
6.6000000000000005	0.03808
6.6000000000000005	0.04696
6.6000000000000005	0.056648
6.6000000000000005	0.06495200000000001
6.800000000000001	0.015000000000000001
6.800000000000001	0.017816000000000002
6.800000000000001	0.024960000000000003
6.800000000000001	0.026288
6.800000000000001	0.027784000000000003
6.800000000000001	0.031312000000000006
6.800000000000001	0.039080000000000004
6.800000000000001	0.048376
6.800000000000001	0.058448000000000014
6.800000000000001	0.06496
7.	0.015000000000000001
7.	0.017888
7.	0.024976
7.	0.026472000000000002
7.	0.027864000000000007
7.	0.03188800000000001
7.	0.04009600000000001
7.	0.049816000000000006
7.	0.060264000000000005
7.	0.064976
7.2	0.015000000000000001
7.2	0.017968
7.2	0.024984000000000003
7.2	0.026664
7.2	0.027944000000000004
7.2	0.032488
7.2	0.041136000000000006
7.2	0.051264
7.2	0.062096000000000005
7.2	0.064976
7.4	0.014992
7.4	0.01804
7.4	0.024984000000000003
7.4	0.026872
7.4	0.028032
7.4	0.03310400000000001
7.4	0.04219200000000001
7.4	0.052728
7.4	0.06392800000000001
7.4	0.064984
7.6000000000000005	0.014992
7.6000000000000005	0.018120000000000004
7.6000000000000005	0.024992000000000004
7.6000000000000005	0.027088
7.6000000000000005	0.02812
7.6000000000000005	0.033728
7.6000000000000005	0.043256
7.6000000000000005	0.054200000000000005
7.6000000000000005	0.06499200000000001
7.6000000000000005	0.06576800000000001
7.800000000000001	0.014984
7.800000000000001	0.018192000000000003
7.800000000000001	0.024992000000000004
7.800000000000001	0.027312000000000003
7.800000000000001	0.028208
7.800000000000001	0.034376000000000004
7.800000000000001	0.04434400000000001
7.800000000000001	0.05568000000000001
7.800000000000001	0.06499200000000001
8.	0.014976
8.	0.018272000000000004
8.	0.025
8.	0.027552000000000004
8.	0.028295999999999998
8.	0.03504
8.	0.04544000000000001
8.	0.057176000000000005
8.	0.065
8.2	0.014968
8.2	0.018352
8.2	0.025
8.2	0.027800000000000005
8.2	0.028392000000000008
8.2	0.03572
8.2	0.046552
8.2	0.05868
8.2	0.065
8.399999999999999	0.014952000000000002
8.399999999999999	0.01844
8.399999999999999	0.025
8.399999999999999	0.028056000000000005
8.399999999999999	0.028480000000000005
8.399999999999999	0.036408
8.399999999999999	0.047672000000000006
8.399999999999999	0.060184
8.399999999999999	0.065
8.6	0.014936000000000001
8.6	0.018520000000000002
8.6	0.025
8.6	0.028320000000000005
8.6	0.028576
8.6	0.037112
8.6	0.0488
8.6	0.061704
8.6	0.065
8.799999999999999	0.014928000000000002
8.799999999999999	0.018608
8.799999999999999	0.024992000000000004
8.799999999999999	0.028592
8.799999999999999	0.028672000000000003
8.799999999999999	0.037832
8.799999999999999	0.049944
8.799999999999999	0.063224
8.799999999999999	0.06499200000000001
9.	0.014904
9.	0.018688
9.	0.024992000000000004
9.	0.028880000000000003
9.	0.038560000000000004
9.	0.05109600000000001
9.	0.064744
9.	0.06499200000000001
9.2	0.014888000000000002
9.2	0.018776
9.2	0.024984000000000003
9.2	0.028872000000000002
9.2	0.029168000000000006
9.2	0.039304000000000006
9.2	0.052256000000000004
9.2	0.064984
9.399999999999999	0.014872000000000002
9.399999999999999	0.018864000000000002
9.399999999999999	0.024976
9.399999999999999	0.028976000000000002
9.399999999999999	0.029471999999999998
9.399999999999999	0.04004800000000001
9.399999999999999	0.053416
9.399999999999999	0.064976
9.6	0.014848
9.6	0.018960000000000005
9.6	0.024968
9.6	0.02908
9.6	0.029783999999999998
9.6	0.040808
9.6	0.05459200000000001
9.6	0.064968
9.799999999999999	0.014824
9.799999999999999	0.019048000000000002
9.799999999999999	0.024960000000000003
9.799999999999999	0.029184000000000005
9.799999999999999	0.030104000000000002
9.799999999999999	0.041584
9.799999999999999	0.055776000000000006
9.799999999999999	0.06496
10.	0.014792
10.	0.019144
10.	0.024944
10.	0.029296
10.	0.030432000000000004
10.	0.04236
10.	0.056960000000000004
10.	0.064944
10.2	0.014768
10.2	0.01924
10.2	0.024936000000000003
10.2	0.029408
10.2	0.030768
10.2	0.043152
10.2	0.058152
10.2	0.06493600000000001
10.399999999999999	0.014735999999999999
10.399999999999999	0.019336000000000002
10.399999999999999	0.024920000000000005
10.399999999999999	0.029520000000000005
10.399999999999999	0.031112000000000008
10.399999999999999	0.043944
10.399999999999999	0.05934400000000001
10.399999999999999	0.06492
10.6	0.014704
10.6	0.019431999999999998
10.6	0.024904000000000003
10.6	0.029632000000000002
10.6	0.031472
10.6	0.044752
10.6	0.06054400000000001
10.6	0.064904
10.799999999999999	0.014672000000000001
10.799999999999999	0.019536
10.799999999999999	0.02488
10.799999999999999	0.029744000000000003
10.799999999999999	0.031832000000000006
10.799999999999999	0.04556
10.799999999999999	0.06175200000000001
10.799999999999999	0.06488000000000001
11.	0.014632000000000001
11.	0.019640000000000005
11.	0.024864
11.	0.029864
11.	0.032200000000000006
11.	0.04637600000000001
11.	0.06296
11.	0.064864
11.2	0.014592000000000003
11.2	0.019744
11.2	0.02484
11.2	0.029984000000000004
11.2	0.032568
11.2	0.047200000000000006
11.2	0.064168
11.2	0.06484000000000001
11.399999999999999	0.014552
11.399999999999999	0.019848
11.399999999999999	0.024816
11.399999999999999	0.030112000000000007
11.399999999999999	0.032952
11.399999999999999	0.048032000000000005
11.399999999999999	0.06481600000000001
11.399999999999999	0.065384
11.6	0.014512000000000002
11.6	0.019952
11.6	0.024792
11.6	0.030232000000000002
11.6	0.033344
11.6	0.048864000000000005
11.6	0.064792
11.799999999999999	0.014464000000000001
11.799999999999999	0.020064000000000002
11.799999999999999	0.024760000000000004
11.799999999999999	0.030360000000000005
11.799999999999999	0.033736
11.799999999999999	0.049704000000000005
11.799999999999999	0.06476000000000001
12.	0.014416000000000002
12.	0.020176000000000003
12.	0.024728
12.	0.030488000000000005
12.	0.034144
12.	0.05055200000000001
12.	0.06472800000000001
12.2	0.014368
12.2	0.020288
12.2	0.024696000000000003
12.2	0.030624000000000002
12.2	0.034552000000000006
12.2	0.0514
12.2	0.064696
12.399999999999999	0.014320000000000001
12.399999999999999	0.020408000000000003
12.399999999999999	0.024664000000000002
12.399999999999999	0.030752
12.399999999999999	0.034960000000000005
12.399999999999999	0.052256000000000004
12.399999999999999	0.064664
12.6	0.014264000000000002
12.6	0.020528
12.6	0.024632
12.6	0.030888000000000006
12.6	0.035384000000000006
12.6	0.053112000000000006
12.6	0.064632
12.799999999999999	0.014208000000000002
12.799999999999999	0.020648
12.799999999999999	0.024592000000000003
12.799999999999999	0.031032000000000004
12.799999999999999	0.035808
12.799999999999999	0.053976
12.799999999999999	0.06459200000000001
13.	0.014152000000000001
13.	0.020768000000000002
13.	0.024552
13.	0.031168
13.	0.03624
13.	0.05484
13.	0.06455200000000001
13.2	0.014088
13.2	0.020888
13.2	0.024512
13.2	0.031312000000000006
13.2	0.036680000000000004
13.2	0.055712000000000005
13.2	0.06451200000000001
13.399999999999999	0.014024
13.399999999999999	0.021016000000000003
13.399999999999999	0.024464000000000003
13.399999999999999	0.031456
13.399999999999999	0.03712
13.399999999999999	0.056584
13.399999999999999	0.06446400000000001
13.6	0.01396
13.6	0.021144000000000003
13.6	0.024416000000000004
13.6	0.031608000000000004
13.6	0.037568000000000004
13.6	0.05745600000000001
13.6	0.064416
13.799999999999999	0.013888000000000001
13.799999999999999	0.02128
13.799999999999999	0.024368
13.799999999999999	0.031752
13.799999999999999	0.038024
13.799999999999999	0.058336
13.799999999999999	0.06436800000000001
14.	0.013816
14.	0.021408
14.	0.024312000000000004
14.	0.031904
14.	0.03848
14.	0.059216000000000005
14.	0.06431200000000001
14.2	0.013744000000000001
14.2	0.021544
14.2	0.024264
14.2	0.032064
14.2	0.038936000000000005
14.2	0.060096000000000004
14.2	0.06426400000000002
14.399999999999999	0.013672
14.399999999999999	0.021688000000000002
14.399999999999999	0.0242
14.399999999999999	0.032224
14.399999999999999	0.039400000000000004
14.399999999999999	0.060984000000000003
14.399999999999999	0.06420000000000001
14.6	0.013592000000000002
14.6	0.021824000000000003
14.6	0.024144000000000002
14.6	0.032384
14.6	0.039872000000000005
14.6	0.061872
14.6	0.064144
14.799999999999999	0.013512000000000001
14.799999999999999	0.021968
14.799999999999999	0.024080000000000004
14.799999999999999	0.032544000000000003
14.799999999999999	0.040344000000000005
14.799999999999999	0.06276000000000001
14.799999999999999	0.06408
15.	0.013424
15.	0.02212
15.	0.024016000000000003
15.	0.032712000000000005
15.	0.040824000000000006
15.	0.06364800000000001
15.	0.064016
15.2	0.013344
15.2	0.022264000000000003
15.2	0.023952
15.2	0.032880000000000006
15.2	0.041304
15.2	0.06395200000000001
15.2	0.064544
15.399999999999999	0.013256
15.399999999999999	0.022416000000000002
15.399999999999999	0.023880000000000002
15.399999999999999	0.03304800000000001
15.399999999999999	0.04179200000000001
15.399999999999999	0.06388
15.399999999999999	0.065432
15.6	0.013160000000000002
15.6	0.022576000000000002
15.6	0.023808000000000003
15.6	0.033224000000000004
15.6	0.042280000000000005
15.6	0.063808
15.799999999999999	0.013064000000000001
15.799999999999999	0.022736000000000003
15.799999999999999	0.023728000000000006
15.799999999999999	0.033392
15.799999999999999	0.04276800000000001
15.799999999999999	0.063728
16.	0.012968000000000002
16.	0.022896000000000003
16.	0.023648000000000002
16.	0.03357600000000001
16.	0.043264000000000004
16.	0.06364800000000001
16.2	0.012872
16.2	0.023056000000000004
16.2	0.023568000000000002
16.2	0.033752000000000004
16.2	0.04376000000000001
16.2	0.063568
16.4	0.012768000000000002
16.4	0.023224
16.4	0.02348
16.4	0.03393600000000001
16.4	0.044264000000000005
16.4	0.06348000000000001
16.599999999999998	0.012664
16.599999999999998	0.023392000000000003
16.599999999999998	0.034128000000000006
16.599999999999998	0.04476800000000001
16.599999999999998	0.063392
16.8	0.012560000000000002
16.8	0.023304000000000002
16.8	0.023568000000000002
16.8	0.034312
16.8	0.045272
16.8	0.063304
17.	0.012448
17.	0.023208
17.	0.023744
17.	0.034504
17.	0.045784000000000005
17.	0.06320800000000001
17.2	0.012336000000000001
17.2	0.023104000000000003
17.2	0.023928
17.2	0.034704
17.2	0.046296000000000004
17.2	0.06310400000000001
17.4	0.012216000000000001
17.4	0.023
17.4	0.024112
17.4	0.034895999999999996
17.4	0.046808
17.4	0.063
17.599999999999998	0.012096
17.599999999999998	0.022896000000000003
17.599999999999998	0.024304000000000003
17.599999999999998	0.035096
17.599999999999998	0.047328
17.599999999999998	0.06289600000000001
17.8	0.011976
17.8	0.022784000000000002
17.8	0.024496000000000004
17.8	0.035304
17.8	0.047848
17.8	0.062784
18.	0.011856000000000002
18.	0.022672
18.	0.024688
18.	0.035512
18.	0.04836800000000001
18.	0.062672
18.2	0.011728
18.2	0.022552000000000003
18.2	0.024888
18.2	0.03572
18.2	0.048888
18.2	0.06255200000000001
18.4	0.011600000000000001
18.4	0.022432
18.4	0.025096
18.4	0.035928
18.4	0.049416
18.4	0.06243200000000001
18.599999999999998	0.011464
18.599999999999998	0.022304
18.599999999999998	0.025304
18.599999999999998	0.036144
18.599999999999998	0.049944
18.599999999999998	0.062304000000000005
18.8	0.011328000000000001
18.8	0.022176
18.8	0.02552
18.8	0.03636
18.8	0.050472
18.8	0.06217600000000001
19.	0.011192000000000002
19.	0.022032000000000003
19.	0.025736000000000002
19.	0.036584000000000005
19.	0.05100800000000001
19.	0.06203200000000001
19.2	0.011048
19.2	0.021896000000000002
19.2	0.025960000000000004
19.2	0.036808
19.2	0.051536000000000005
19.2	0.06189600000000001
19.4	0.010904
19.4	0.021752000000000004
19.4	0.026184000000000002
19.4	0.037032
19.4	0.05207200000000001
19.4	0.06175200000000001
19.599999999999998	0.010752000000000001
19.599999999999998	0.0216
19.599999999999998	0.026424000000000003
19.599999999999998	0.037264000000000005
19.599999999999998	0.05260800000000001
19.599999999999998	0.0616
19.8	0.010608000000000001
19.8	0.02144
19.8	0.026656000000000003
19.8	0.037496
19.8	0.053144000000000004
19.8	0.06144000000000001
20.	0.010448000000000002
20.	0.02128
20.	0.026904
20.	0.037728000000000005
20.	0.053680000000000005
20.	0.06128
20.2	0.010296000000000001
20.2	0.021112000000000002
20.2	0.027152000000000003
20.2	0.037968
20.2	0.05422400000000001
20.2	0.061112
20.4	0.010136000000000001
20.4	0.020936000000000003
20.4	0.027408000000000005
20.4	0.038208000000000006
20.4	0.054768000000000004
20.4	0.060936000000000004
20.599999999999998	0.009976
20.599999999999998	0.020752000000000003
20.599999999999998	0.027672000000000002
20.599999999999998	0.038456000000000004
20.599999999999998	0.055304000000000006
20.599999999999998	0.06075200000000001
20.8	0.009808
20.8	0.020568
20.8	0.027944000000000004
20.8	0.038704
20.8	0.05584800000000001
20.8	0.06056800000000001
21.	0.009640000000000001
21.	0.020376000000000002
21.	0.028216
21.	0.038952
21.	0.05639200000000001
21.	0.060376000000000006
21.2	0.009464
21.2	0.020176000000000003
21.2	0.028496000000000004
21.2	0.03920800000000001
21.2	0.05694400000000001
21.2	0.06017600000000001
21.4	0.009296
21.4	0.01996
21.4	0.028792
21.4	0.039464000000000006
21.4	0.057488000000000004
21.4	0.059960000000000006
21.599999999999998	0.009112
21.599999999999998	0.019744
21.599999999999998	0.029088000000000003
21.599999999999998	0.039720000000000005
21.599999999999998	0.05804000000000001
21.599999999999998	0.059744000000000005
21.8	0.008936000000000001
21.8	0.019520000000000003
21.8	0.029392
21.8	0.039984000000000006
21.8	0.058584000000000004
21.8	0.05952
22.	0.008752
22.	0.019288
22.	0.029712
22.	0.040248000000000006
22.	0.05913600000000001
22.	0.05928800000000001
22.2	0.008568000000000001
22.2	0.01904
22.2	0.030040000000000004
22.2	0.04052
22.2	0.05904000000000001
22.2	0.059688000000000005
22.4	0.008376000000000001
22.4	0.018792000000000003
22.4	0.030376000000000004
22.4	0.04079200000000001
22.4	0.058792
22.4	0.06024
22.599999999999998	0.008184
22.599999999999998	0.018528
22.599999999999998	0.030720000000000004
22.599999999999998	0.041064
22.599999999999998	0.058528000000000004
22.599999999999998	0.060792
22.8	0.007984
22.8	0.018248
22.8	0.031080000000000003
22.8	0.041344000000000006
22.8	0.058248
22.8	0.06134400000000001
23.	0.007784000000000001
23.	0.017960000000000004
23.	0.031448000000000004
23.	0.04162400000000001
23.	0.057960000000000005
23.	0.06189600000000001
23.2	0.0075840000000000005
23.2	0.017664000000000003
23.2	0.031832000000000006
23.2	0.041904000000000004
23.2	0.05766400000000001
23.2	0.062448000000000004
23.4	0.007376000000000001
23.4	0.017344000000000002
23.4	0.032224
23.4	0.04219200000000001
23.4	0.057344000000000006
23.4	0.063008
23.599999999999998	0.007168000000000001
23.599999999999998	0.017016000000000003
23.599999999999998	0.03264
23.599999999999998	0.042488000000000005
23.599999999999998	0.05701600000000001
23.599999999999998	0.06356
23.8	0.006960000000000001
23.8	0.016664
23.8	0.033072000000000004
23.8	0.042776
23.8	0.056664000000000006
23.8	0.06411200000000002
24.	0.006744
24.	0.016296
24.	0.03352
24.	0.043072000000000006
24.	0.056296
24.	0.064672
24.2	0.006520000000000001
24.2	0.015904
24.2	0.033992
24.2	0.043376000000000005
24.2	0.05590400000000001
24.2	0.065232
24.4	0.0063040000000000014
24.4	0.015496000000000001
24.4	0.034488000000000005
24.4	0.043680000000000004
24.4	0.055496000000000004
24.4	0.06578400000000001
24.599999999999998	0.00608
24.599999999999998	0.015056000000000003
24.599999999999998	0.035008000000000004
24.599999999999998	0.04398400000000001
24.599999999999998	0.05505600000000001
24.8	0.005848000000000001
24.8	0.014584000000000003
24.8	0.03556
24.8	0.044296
24.8	0.054584
25.	0.005616
25.	0.014072000000000001
25.	0.036152000000000004
25.	0.044608
25.	0.05407200000000001
25.2	0.005384
25.2	0.01352
25.2	0.036784
25.2	0.04492
25.2	0.053520000000000005
25.4	0.005144000000000001
25.4	0.012920000000000001
25.4	0.037472000000000005
25.4	0.04524
25.4	0.05292000000000001
25.599999999999998	0.004904
25.599999999999998	0.012240000000000001
25.599999999999998	0.038232
25.599999999999998	0.04556
25.599999999999998	0.05224000000000001
25.8	0.004664
25.8	0.011472
25.8	0.039080000000000004
25.8	0.045888000000000005
25.8	0.051472000000000004
26.	0.00006400000000000001
26.	0.004416000000000001
26.	0.010568000000000001
26.	0.040064
26.	0.046216
26.	0.050568
26.2	0.00128
26.2	0.004168000000000001
26.2	0.00944
26.2	0.041280000000000004
26.2	0.046552
26.2	0.049440000000000005
26.4	0.00304
26.4	0.0039120000000000005
26.4	0.00776
26.4	0.04304
26.4	0.046888000000000006
26.4	0.047760000000000004
26.599999999999998	0.0036560000000000004
26.599999999999998	0.047224
26.8	0.0034000000000000002
26.8	0.047568000000000006
27.	0.003136
27.	0.047912
27.2	0.0028640000000000002
27.2	0.04825600000000001
27.4	0.0026000000000000003
27.4	0.048608000000000005
27.6	0.00232
27.6	0.048968
27.8	0.0020480000000000003
27.8	0.049328000000000004
28.	0.001768
28.	0.049688
28.2	0.00148
28.2	0.050048
28.400000000000002	0.0012000000000000001
28.400000000000002	0.050416
28.6	0.0009040000000000001
28.6	0.050792000000000004
28.8	0.000616
28.8	0.051168000000000005
29.	0.00032
29.	0.051544
29.200000000000003	0.05192800000000001
29.400000000000002	0.052312000000000004
29.6	0.05270400000000001
29.8	0.05309600000000001
30.000000000000004	0.053488
30.2	0.053888000000000005
30.4	0.054288
30.599999999999998	0.054696
30.8	0.05510400000000001
31.	0.05552
31.2	0.05593600000000001
31.4	0.056352
31.6	0.05677600000000001
31.8	0.0572
32.	0.057632
32.2	0.058064000000000004
32.4	0.058504
32.6	0.05894400000000001
32.800000000000004	0.059392
33.	0.059840000000000004
33.2	0.06028800000000001
33.400000000000006	0.060744000000000006
33.60000000000001	0.061208000000000005
33.800000000000004	0.061672000000000005
34.00000000000001	0.062136000000000004
34.2	0.062608
34.400000000000006	0.06308
34.6	0.06356
34.800000000000004	0.06404000000000001
35.00000000000001	0.064528
35.20000000000001	0.065016
35.400000000000006	0.06551200000000001