10.	0.0006092399999999999
10.	0.00063096
10.	0.00065
10.05	0.0006090399999999999
10.05	0.00063088
10.05	0.00065
10.1	0.0006088399999999999
10.1	0.0006307999999999999
10.1	0.00065
10.15	0.0006086399999999999
10.15	0.00063068
10.15	0.00065
10.2	0.0006084399999999999
10.2	0.0006305999999999999
10.2	0.00065
10.25	0.0006082399999999999
10.25	0.00063052
10.25	0.00065
10.3	0.00060804
10.3	0.0006304399999999999
10.3	0.00065
10.35	0.00060784
10.35	0.00063036
10.35	0.00065
10.4	0.00060764
10.4	0.00063024
10.4	0.00065
10.450000000000001	0.00060748
10.450000000000001	0.00063016
10.450000000000001	0.00065
10.5	0.00060728
10.5	0.00063008
10.5	0.00065
10.55	0.00060708
10.55	0.0006299999999999999
10.55	0.00065
10.6	0.00060688
10.6	0.00062992
10.6	0.00065
10.65	0.00060668
10.65	0.00062984
10.65	0.00065
10.700000000000001	0.0006064800000000001
10.700000000000001	0.00062972
10.700000000000001	0.00065
10.75	0.0006062800000000001
10.75	0.0006296399999999999
10.75	0.00065
10.8	0.0006060799999999999
10.8	0.0006295599999999999
10.8	0.00065
10.850000000000001	0.0006058799999999999
10.850000000000001	0.0006294799999999999
10.850000000000001	0.00065
10.9	0.0006056799999999999
10.9	0.0006293999999999999
10.9	0.00065
10.950000000000001	0.00060548
10.950000000000001	0.00062928
10.950000000000001	0.00065
11.	0.0006052799999999999
11.	0.0006291999999999999
11.	0.00065
11.05	0.0006050799999999999
11.05	0.0006291199999999999
11.05	0.00065
11.100000000000001	0.00060488
11.100000000000001	0.0006290399999999999
11.100000000000001	0.00065
11.15	0.00060468
11.15	0.0006289599999999999
11.15	0.00065
11.2	0.0006044799999999999
11.2	0.00062888
11.2	0.00065
11.25	0.00060428
11.25	0.0006287999999999999
11.25	0.00065
11.299999999999999	0.00060408
11.299999999999999	0.00062868
11.299999999999999	0.00065
11.35	0.00060388
11.35	0.0006286
11.35	0.00065
11.399999999999999	0.00060368
11.399999999999999	0.0006285199999999999
11.399999999999999	0.00065
11.45	0.00060348
11.45	0.00062844
11.45	0.00065
11.5	0.0006032799999999999
11.5	0.00062836
11.5	0.00065
11.549999999999999	0.00060312
11.549999999999999	0.0006282799999999999
11.549999999999999	0.00065
11.6	0.00060292
11.6	0.00062816
11.6	0.00065
11.65	0.00060272
11.65	0.0006280799999999999
11.65	0.00065
11.7	0.00060252
11.7	0.000628
11.7	0.00065
11.75	0.00060232
11.75	0.0006279199999999999
11.75	0.00065
11.799999999999999	0.00060212
11.799999999999999	0.00062784
11.799999999999999	0.00065
11.85	0.0006019199999999999
11.85	0.00062776
11.85	0.00065
11.9	0.00060172
11.9	0.00062768
11.9	0.00065
11.95	0.00060152
11.95	0.0006275599999999999
11.95	0.00065
12.	0.00060132
12.	0.0006274799999999999
12.	0.00065
12.05	0.0006011199999999999
12.05	0.0006274
12.05	0.00065
12.1	0.0006009199999999999
12.1	0.00062732
12.1	0.00065
12.15	0.00060072
12.15	0.0006272399999999999
12.15	0.00065
12.2	0.00060056
12.2	0.00062716
12.2	0.00065
12.25	0.00060036
12.25	0.00062708
12.25	0.00065
12.3	0.00060016
12.3	0.000627
12.3	0.00065
12.35	0.0005999599999999999
12.35	0.00062688
12.35	0.00065
12.4	0.00059976
12.4	0.0006268
12.4	0.00065
12.450000000000001	0.00059956
12.450000000000001	0.00062672
12.450000000000001	0.00065
12.5	0.00059936
12.5	0.0006266399999999999
12.5	0.00065
12.55	0.00059916
12.55	0.00062656
12.55	0.00065
12.6	0.0005989599999999999
12.6	0.00062648
12.6	0.00065
12.65	0.0005987599999999999
12.65	0.0006263999999999999
12.65	0.00065
12.700000000000001	0.00059856
12.700000000000001	0.00062632
12.700000000000001	0.00065
12.75	0.0005984
12.75	0.0006262
12.75	0.00065
12.8	0.0005981999999999999
12.8	0.00062612
12.8	0.00065
12.850000000000001	0.000598
12.850000000000001	0.0006260399999999999
12.850000000000001	0.00065
12.9	0.0005978
12.9	0.00062596
12.9	0.00065
12.950000000000001	0.0005976
12.950000000000001	0.0006258800000000001
12.950000000000001	0.00065
13.	0.0005974
13.	0.0006257999999999999
13.	0.00065
13.05	0.0005972
13.05	0.0006257200000000001
13.05	0.00065
13.100000000000001	0.000597
13.100000000000001	0.0006256399999999999
13.100000000000001	0.00065
13.15	0.0005968
13.15	0.00062556
13.15	0.00065
13.2	0.0005966400000000001
13.2	0.0006254799999999999
13.2	0.00065
13.25	0.00059644
13.25	0.0006253599999999999
13.25	0.00065
13.299999999999999	0.0005962399999999999
13.299999999999999	0.00062528
13.299999999999999	0.00065
13.35	0.0005960399999999999
13.35	0.0006252
13.35	0.00065
13.399999999999999	0.0005958399999999999
13.399999999999999	0.00062512
13.399999999999999	0.00065
13.45	0.0005956399999999999
13.45	0.0006250399999999999
13.45	0.00065
13.5	0.00059544
13.5	0.0006249599999999999
13.5	0.00065
13.549999999999999	0.00059524
13.549999999999999	0.00062488
13.549999999999999	0.00065
13.6	0.00059508
13.6	0.0006248
13.6	0.00065
13.65	0.00059488
13.65	0.00062472
13.65	0.00065
13.7	0.00059468
13.7	0.00062464
13.7	0.00065
13.75	0.00059448
13.75	0.00062456
13.75	0.00065
13.799999999999999	0.00059428
13.799999999999999	0.00062448
13.799999999999999	0.00065
13.85	0.00059408
13.85	0.00062436
13.85	0.00065
13.9	0.00059388
13.9	0.00062428
13.9	0.00065
13.95	0.00059372
13.95	0.0006242
13.95	0.00065
14.	0.0005935199999999999
14.	0.0006241199999999999
14.	0.00065
14.05	0.0005933199999999999
14.05	0.00062404
14.05	0.00065
14.1	0.00059312
14.1	0.00062396
14.1	0.00065
14.15	0.00059292
14.15	0.00062388
14.15	0.00065
14.2	0.0005927199999999999
14.2	0.0006238
14.2	0.00065
14.25	0.00059256
14.25	0.00062372
14.25	0.00065
14.3	0.0005923599999999999
14.3	0.00062364
14.3	0.00065
14.35	0.00059216
14.35	0.00062356
14.35	0.00065
14.4	0.00059196
14.4	0.0006234799999999999
14.4	0.00065
14.450000000000001	0.00059176
14.450000000000001	0.0006234
14.450000000000001	0.00065
14.5	0.00059156
14.5	0.0006233199999999999
14.5	0.00065
14.55	0.0005914
14.55	0.00062324
14.55	0.00065
14.6	0.0005912
14.6	0.00062316
14.6	0.00065
14.65	0.0005909999999999999
14.65	0.0006230399999999999
14.65	0.00065
14.700000000000001	0.0005907999999999999
14.700000000000001	0.00062296
14.700000000000001	0.00065
14.75	0.0005905999999999999
14.75	0.0006228799999999999
14.75	0.00065
14.8	0.0005903999999999999
14.8	0.0006228
14.8	0.00065
14.850000000000001	0.00059024
14.850000000000001	0.00062272
14.850000000000001	0.00065
14.9	0.00059004
14.9	0.00062264
14.9	0.00065
14.950000000000001	0.0005898399999999999
14.950000000000001	0.00062256
14.950000000000001	0.00065
15.	0.00058964
15.	0.00062248
15.	0.00065
15.05	0.00058944
15.05	0.0006224
15.05	0.00065
15.100000000000001	0.00058928
15.100000000000001	0.00062232
15.100000000000001	0.00065
15.15	0.00058908
15.15	0.00062224
15.15	0.00065
15.2	0.00058888
15.2	0.00062216
15.2	0.00065
15.25	0.00058868
15.25	0.00062208
15.25	0.00065
15.299999999999999	0.00058848
15.299999999999999	0.0006219999999999999
15.299999999999999	0.00065
15.35	0.0005882799999999999
15.35	0.00062192
15.35	0.00065
15.399999999999999	0.0005881199999999999
15.399999999999999	0.00062184
15.399999999999999	0.00065
15.45	0.0005879199999999999
15.45	0.0006217600000000001
15.45	0.00065
15.5	0.00058772
15.5	0.00062168
15.5	0.00065
15.55	0.00058752
15.55	0.0006216
15.55	0.00065
15.600000000000001	0.0005873199999999999
15.600000000000001	0.00062152
15.600000000000001	0.00065
15.65	0.00058716
15.65	0.00062144
15.65	0.00065
15.700000000000001	0.0005869599999999999
15.700000000000001	0.00062136
15.700000000000001	0.00065
15.75	0.00058676
15.75	0.00062128
15.75	0.00065
15.8	0.00058656
15.8	0.0006211999999999999
15.8	0.00065
15.850000000000001	0.00058636
15.850000000000001	0.00062112
15.850000000000001	0.00065
15.9	0.0005861600000000001
15.9	0.00062104
15.9	0.00065
15.950000000000001	0.0005859999999999999
15.950000000000001	0.0006209599999999999
15.950000000000001	0.00065
16.	0.0005858
16.	0.00062088
16.	0.00065
16.05	0.0005856
16.05	0.0006208
16.05	0.00065
16.1	0.0005854
16.1	0.00062068
16.1	0.00065
16.15	0.0005851599999999999
16.15	0.0006206
16.15	0.00065
16.2	0.00058496
16.2	0.00062052
16.2	0.00065
16.25	0.00058476
16.25	0.0006204400000000001
16.25	0.00065
16.3	0.0005845199999999999
16.3	0.00062036
16.3	0.00065
16.35	0.0005842800000000001
16.35	0.00062028
16.35	0.00065
16.4	0.00058404
16.4	0.0006202
16.4	0.00065
16.45	0.00058376
16.45	0.0006200800000000001
16.45	0.00065
16.5	0.00058344
16.5	0.00062
16.5	0.00065
16.55	0.00058312
16.55	0.00061992
16.55	0.00065
16.6	0.0005828
16.6	0.0006198
16.6	0.00065
16.650000000000002	0.0005824000000000001
16.650000000000002	0.00061968
16.650000000000002	0.00065
16.700000000000003	0.00058196
16.700000000000003	0.00061956
16.700000000000003	0.00065
16.75	0.0005814399999999999
16.75	0.00061944
16.75	0.00065
16.8	0.00058088
16.8	0.00061928
16.8	0.00064996
16.85	0.00058024
16.85	0.00061912
16.85	0.00064996
16.900000000000002	0.0005794800000000001
16.900000000000002	0.00061896
16.900000000000002	0.00064996
16.95	0.0005786
16.95	0.00061876
16.95	0.00064996
17.	0.0005776399999999999
17.	0.00061856
17.	0.00064992
17.05	0.00057648
17.05	0.00061832
17.05	0.00064992
17.099999999999998	0.00057516
17.099999999999998	0.0006180399999999999
17.099999999999998	0.00064988
17.15	0.0005736
17.15	0.0006177199999999999
17.15	0.00064988
17.2	0.00057184
17.2	0.0006173999999999999
17.2	0.0006498399999999999
17.25	0.0005698
17.25	0.0006170399999999999
17.25	0.0006498
17.3	0.00056748
17.3	0.00061664
17.3	0.0006497599999999999
17.35	0.0005648399999999999
17.35	0.0006161999999999999
17.35	0.00064972
17.400000000000002	0.00056184
17.400000000000002	0.0006157199999999999
17.400000000000002	0.0006496399999999999
17.45	0.0005583999999999999
17.45	0.0006152
17.45	0.0006496
17.5	0.00055456
17.5	0.00061468
17.5	0.00064952
17.55	0.00055024
17.55	0.0006141199999999999
17.55	0.0006494399999999999
17.6	0.0005454399999999999
17.6	0.00061352
17.6	0.0006493199999999999
17.65	0.0005401199999999999
17.65	0.00061292
17.65	0.0006492
17.7	0.00053424
17.7	0.0006122399999999999
17.7	0.00064908
17.75	0.0005277999999999999
17.75	0.0006116
17.75	0.00064896
17.799999999999997	0.0005208400000000001
17.799999999999997	0.0006108800000000001
17.799999999999997	0.0006487999999999999
17.849999999999998	0.00051328
17.849999999999998	0.00061016
17.849999999999998	0.00064864
17.9	0.0005051599999999999
17.9	0.00060936
17.9	0.00064844
17.95	0.00049648
17.95	0.00060856
17.95	0.0006482399999999999
18.	0.00048728
18.	0.00060772
18.	0.0006479999999999999
18.05	0.00047764
18.05	0.0006068
18.05	0.00064776
18.1	0.00046751999999999997
18.1	0.0006058400000000001
18.1	0.00064748
18.15	0.00045699999999999994
18.15	0.0006048
18.15	0.0006471599999999999
18.2	0.00044615999999999997
18.2	0.00060364
18.2	0.0006468
18.25	0.00043504000000000004
18.25	0.00060244
18.25	0.0006464
18.3	0.00042372
18.3	0.00060108
18.3	0.000646
18.35	0.00041223999999999997
18.35	0.0005996399999999999
18.35	0.0006455199999999999
18.400000000000002	0.00040071999999999997
18.400000000000002	0.000598
18.400000000000002	0.000645
18.450000000000003	0.00038920000000000003
18.450000000000003	0.0005962399999999999
18.450000000000003	0.00064444
18.5	0.00037776
18.5	0.00059424
18.5	0.00064384
18.55	0.00036648
18.55	0.00059204
18.55	0.0006431599999999999
18.6	0.00035539999999999997
18.6	0.0005896
18.6	0.00064244
18.650000000000002	0.00034463999999999995
18.650000000000002	0.0005868799999999999
18.650000000000002	0.00064168
18.700000000000003	0.00033423999999999997
18.700000000000003	0.00058384
18.700000000000003	0.0006408399999999999
18.750000000000004	0.00032424
18.750000000000004	0.00058044
18.750000000000004	0.00063996
18.800000000000004	0.00031467999999999996
18.800000000000004	0.00057668
18.800000000000004	0.00063904
18.85	0.00030559999999999995
18.85	0.0005725200000000001
18.85	0.0006380799999999999
18.900000000000002	0.00029704
18.900000000000002	0.00056788
18.900000000000002	0.00063704
18.950000000000003	0.000289
18.950000000000003	0.0005627999999999999
18.950000000000003	0.000636
19.000000000000004	0.00028152
19.000000000000004	0.0005572
19.000000000000004	0.00063492
19.05	0.00027456
19.05	0.00055108
19.05	0.0006338
19.1	0.00026816
19.1	0.0005444
19.1	0.00063264
19.150000000000002	0.00026231999999999997
19.150000000000002	0.00053716
19.150000000000002	0.0006314399999999999
19.2	0.00025699999999999996
19.2	0.0005294
19.2	0.0006301999999999999
19.25	0.0002522
19.25	0.0005210799999999999
19.25	0.0006289199999999999
19.3	0.00024787999999999996
19.3	0.0005122
19.3	0.0006275599999999999
19.35	0.00024403999999999997
19.35	0.0005028
19.35	0.00062616
19.4	0.00024059999999999997
19.4	0.00049292
19.4	0.00062468
19.45	0.00023756
19.45	0.00048255999999999993
19.45	0.0006231199999999999
19.5	0.00023487999999999997
19.5	0.0004718
19.5	0.00062148
19.549999999999997	0.00023255999999999998
19.549999999999997	0.00046071999999999997
19.549999999999997	0.00061972
19.599999999999998	0.00023056
19.599999999999998	0.00044932
19.599999999999998	0.00061788
19.65	0.00022879999999999998
19.65	0.00043772
19.65	0.00061588
19.7	0.00022731999999999999
19.7	0.00042592
19.7	0.0006136799999999999
19.75	0.00022604
19.75	0.00041408
19.75	0.00061136
19.8	0.00022496
19.8	0.00040223999999999994
19.8	0.0006088399999999999
19.85	0.00022404
19.85	0.00039048
19.85	0.0006060799999999999
19.9	0.00022324
19.9	0.0003788399999999999
19.9	0.00060312
19.95	0.00022256
19.95	0.00036743999999999996
19.95	0.0005998799999999999
20.	0.00022196
20.	0.00035636
20.	0.00059636
20.05	0.0002214
20.05	0.00034564
20.05	0.00059256
20.1	0.00022092
20.1	0.00033536
20.1	0.0005884
20.150000000000002	0.00022043999999999997
20.150000000000002	0.00032556
20.150000000000002	0.00058392
20.200000000000003	0.00021995999999999997
20.200000000000003	0.00031632
20.200000000000003	0.00057904
20.25	0.00021943999999999997
20.25	0.00030764
20.25	0.00057376
20.3	0.00021887999999999996
20.3	0.0002996
20.3	0.00056808
20.35	0.00021824
20.35	0.00029219999999999995
20.35	0.000562
20.400000000000002	0.00021752000000000002
20.400000000000002	0.00028544
20.400000000000002	0.0005554399999999999
20.450000000000003	0.00021672
20.450000000000003	0.00027939999999999996
20.450000000000003	0.0005484
20.500000000000004	0.00021575999999999998
20.500000000000004	0.00027403999999999997
20.500000000000004	0.0005409599999999999
20.550000000000004	0.00021471999999999998
20.550000000000004	0.00026932000000000003
20.550000000000004	0.000533
20.6	0.0002136
20.6	0.00026524000000000003
20.6	0.0005246
20.650000000000002	0.00021235999999999998
20.650000000000002	0.0002618
20.650000000000002	0.00051576
20.700000000000003	0.00021103999999999999
20.700000000000003	0.00025887999999999996
20.700000000000003	0.0005064399999999999
20.750000000000004	0.00020967999999999996
20.750000000000004	0.00025644000000000003
20.750000000000004	0.00049672
20.8	0.00020832
20.8	0.00025444
20.8	0.00048659999999999996
20.85	0.000207
20.85	0.00025279999999999996
20.85	0.00047612
20.900000000000002	0.00020572
20.900000000000002	0.00025148
20.900000000000002	0.00046528
20.95	0.00020451999999999997
20.95	0.00025039999999999996
20.95	0.00045416
21.	0.0002034
21.	0.00024956
21.	0.0004428
21.05	0.00020236
21.05	0.00024884
21.05	0.00043123999999999994
21.1	0.00020144
21.1	0.00024832
21.1	0.00041951999999999994
21.15	0.0002006
21.15	0.00024784
21.15	0.00040772
21.2	0.00019988
21.2	0.00024748
21.2	0.00039588
21.25	0.0001992
21.25	0.0002472
21.25	0.00038407999999999997
21.299999999999997	0.00019864
21.299999999999997	0.00024695999999999995
21.299999999999997	0.00037239999999999994
21.349999999999998	0.00019812
21.349999999999998	0.00024676
21.349999999999998	0.00036083999999999997
21.4	0.00019764
21.4	0.00024655999999999994
21.4	0.00034948
21.45	0.00019719999999999997
21.45	0.0002464
21.45	0.00033843999999999996
21.5	0.0001968
21.5	0.00024624
21.5	0.00032768
21.55	0.0001964
21.55	0.00024604
21.55	0.00031731999999999995
21.6	0.00019604
21.6	0.0002458
21.6	0.00030744
21.65	0.00019564
21.65	0.00024556
21.65	0.00029804
21.7	0.0001952
21.7	0.00024515999999999996
21.7	0.00028924
21.75	0.00019472
21.75	0.00024467999999999994
21.75	0.00028112
21.8	0.00019416
21.8	0.00024392
21.8	0.00027375999999999995
21.85	0.00019352
21.85	0.0002428
21.85	0.00026732000000000004
21.900000000000002	0.0001928
21.900000000000002	0.00024115999999999997
21.900000000000002	0.00026208
21.950000000000003	0.00019192000000000002
21.950000000000003	0.0002388
21.950000000000003	0.00025812000000000003
22.	0.00019088000000000002
22.	0.00023584000000000002
22.	0.00025543999999999995
22.05	0.00018967999999999999
22.05	0.0002326
22.05	0.00025368
22.1	0.00018831999999999999
22.1	0.00022931999999999998
22.1	0.0002526
22.150000000000002	0.0001868
22.150000000000002	0.00022627999999999998
22.150000000000002	0.00025188
22.200000000000003	0.00018512000000000002
22.200000000000003	0.00022360000000000001
22.200000000000003	0.00025136
22.250000000000004	0.00018331999999999997
22.250000000000004	0.00022128
22.250000000000004	0.00025104
22.300000000000004	0.00018147999999999998
22.300000000000004	0.00021935999999999996
22.300000000000004	0.00025079999999999997
22.35	0.00017959999999999997
22.35	0.00021776
22.35	0.0002506
22.400000000000002	0.00017772
22.400000000000002	0.00021644
22.400000000000002	0.00025048
22.450000000000003	0.00017588
22.450000000000003	0.00021532
22.450000000000003	0.00025036
22.500000000000004	0.00017416
22.500000000000004	0.00021444000000000001
22.500000000000004	0.00025027999999999997
22.55	0.00017252
22.55	0.00021371999999999998
22.55	0.00025024
22.6	0.00017099999999999998
22.6	0.00021308
22.6	0.0002502
22.650000000000002	0.00016959999999999998
22.650000000000002	0.00021256
22.650000000000002	0.00025016
22.7	0.00016827999999999998
22.7	0.00021215999999999997
22.7	0.00025012
22.75	0.00016711999999999999
22.75	0.0002118
22.75	0.00025007999999999996
22.8	0.00016608
22.8	0.00021148
22.8	0.00025007999999999996
22.85	0.00016507999999999998
22.85	0.0002112
22.85	0.00025004
22.9	0.00016424
22.9	0.00021099999999999998
22.9	0.00025004
22.95	0.00016344000000000002
22.95	0.0002108
22.95	0.00025004
23.	0.00016276
23.	0.00021059999999999997
23.	0.00025004
23.049999999999997	0.00016212
23.049999999999997	0.00021043999999999997
23.049999999999997	0.00025004
23.099999999999998	0.00016156
23.099999999999998	0.00021031999999999998
23.099999999999998	0.00025
23.15	0.00016103999999999996
23.15	0.00021015999999999995
23.15	0.00025
23.2	0.00016059999999999997
23.2	0.00021004
23.2	0.00025
23.25	0.00016015999999999998
23.25	0.00020995999999999998
23.25	0.00025
23.3	0.00015979999999999998
23.3	0.00020983999999999998
23.3	0.00025
23.35	0.00015944
23.35	0.00020975999999999997
23.35	0.00025
23.4	0.00015911999999999998
23.4	0.00020963999999999998
23.4	0.00025
23.45	0.00015884
23.45	0.00020956
23.45	0.00025
23.5	0.00015855999999999997
23.5	0.00020947999999999998
23.5	0.00025
23.55	0.00015827999999999998
23.55	0.0002094
23.55	0.00025
23.6	0.00015804
23.6	0.00020931999999999998
23.6	0.00025
23.650000000000002	0.0001578
23.650000000000002	0.00020923999999999997
23.650000000000002	0.00025
23.700000000000003	0.00015756
23.700000000000003	0.00020915999999999998
23.700000000000003	0.00025
23.75	0.00015736
23.75	0.00020908
23.75	0.00025
23.8	0.00015716000000000002
23.8	0.00020899999999999998
23.8	0.00025
23.85	0.00015696
23.85	0.00020891999999999997
23.85	0.00025
23.900000000000002	0.00015675999999999998
23.900000000000002	0.00020883999999999999
23.900000000000002	0.00025
23.950000000000003	0.00015656
23.950000000000003	0.0002088
23.950000000000003	0.00025
24.000000000000004	0.00015636
24.000000000000004	0.00020872
24.000000000000004	0.00025
24.050000000000004	0.0001562
24.050000000000004	0.00020863999999999998
24.050000000000004	0.00025
24.1	0.000156
24.1	0.00020856
24.1	0.00025
24.150000000000002	0.0001558
24.150000000000002	0.00020847999999999998
24.150000000000002	0.00025
24.200000000000003	0.00015564
24.200000000000003	0.0002084
24.200000000000003	0.00025
24.250000000000004	0.00015544000000000002
24.250000000000004	0.00020836
24.250000000000004	0.00025
24.3	0.00015528
24.3	0.00020828
24.3	0.00025
24.35	0.00015507999999999999
24.35	0.00020819999999999996
24.35	0.00025
24.400000000000002	0.00015492000000000001
24.400000000000002	0.00020811999999999998
24.400000000000002	0.00025
24.45	0.00015472
24.45	0.00020804
24.45	0.00025
24.5	0.00015456
24.5	0.000208
24.5	0.00025
24.55	0.00015436
24.55	0.00020791999999999997
24.55	0.00025
24.6	0.0001542
24.6	0.00020784000000000002
24.6	0.00025
24.65	0.00015404
24.65	0.00020776
24.65	0.00025
24.7	0.00015384
24.7	0.00020772
24.7	0.00025
24.75	0.00015368
24.75	0.00020763999999999998
24.75	0.00025
24.799999999999997	0.00015348
24.799999999999997	0.00020756
24.799999999999997	0.00025
24.849999999999998	0.00015332
24.849999999999998	0.00020747999999999999
24.849999999999998	0.00025
24.9	0.00015316
24.9	0.0002074
24.9	0.00025
24.95	0.00015296
24.95	0.00020735999999999997
24.95	0.00025
25.	0.00015279999999999997
25.	0.00020728
25.	0.00025
25.05	0.00015259999999999997
25.05	0.0002072
25.05	0.00025
25.1	0.00015244
25.1	0.00020711999999999998
25.1	0.00025
25.15	0.00015228
25.15	0.00020707999999999998
25.15	0.00025
25.2	0.00015208
25.2	0.000207
25.2	0.00025
25.25	0.00015192
25.25	0.00020691999999999998
25.25	0.00025
25.3	0.00015172
25.3	0.00020683999999999996
25.3	0.00025
25.35	0.00015156
25.35	0.00020679999999999999
25.35	0.00025
25.400000000000002	0.00015139999999999997
25.400000000000002	0.00020672
25.400000000000002	0.00025
25.450000000000003	0.0001512
25.450000000000003	0.00020664
25.450000000000003	0.00025
25.5	0.00015103999999999996
25.5	0.00020656
25.5	0.00025
25.55	0.00015088
25.55	0.00020652
25.55	0.00025
25.6	0.00015068
25.6	0.00020643999999999998
25.6	0.00025
25.650000000000002	0.00015052
25.650000000000002	0.00020635999999999997
25.650000000000002	0.00025
25.700000000000003	0.00015036
25.700000000000003	0.00020628
25.700000000000003	0.00025
25.750000000000004	0.00015015999999999999
25.750000000000004	0.0002062
25.750000000000004	0.00025
25.800000000000004	0.00015
25.800000000000004	0.00020616
25.800000000000004	0.00025
25.85	0.00014979999999999998
25.85	0.00020607999999999998
25.85	0.00025
25.900000000000002	0.00014963999999999998
25.900000000000002	0.000206
25.900000000000002	0.00025
25.950000000000003	0.00014947999999999999
25.950000000000003	0.00020591999999999998
25.950000000000003	0.00025
26.000000000000004	0.00014927999999999998
26.000000000000004	0.00020587999999999997
26.000000000000004	0.00025
26.05	0.00014911999999999998
26.05	0.0002058
26.05	0.00025
26.1	0.00014895999999999998
26.1	0.00020572
26.1	0.00025
26.150000000000002	0.00014875999999999998
26.150000000000002	0.00020568
26.150000000000002	0.00025
26.2	0.00014859999999999998
26.2	0.0002056
26.2	0.00025
26.25	0.00014844
26.25	0.00020552
26.25	0.00025
26.3	0.00014823999999999998
26.3	0.00020543999999999998
26.3	0.00025
26.35	0.00014808
26.35	0.00020539999999999998
26.35	0.00025
26.400000000000002	0.00014792
26.400000000000002	0.00020532
26.400000000000002	0.00025
26.450000000000003	0.00014771999999999997
26.450000000000003	0.00020524
26.450000000000003	0.00025
26.500000000000004	0.00014756
26.500000000000004	0.00020516
26.500000000000004	0.00025
26.55	0.0001474
26.55	0.00020512
26.55	0.00025
26.6	0.0001472
26.6	0.00020503999999999997
26.6	0.00025
26.650000000000002	0.00014704
26.650000000000002	0.00020496000000000002
26.650000000000002	0.00025
26.700000000000003	0.00014688
26.700000000000003	0.00020488
26.700000000000003	0.00025
26.75	0.00014672
26.75	0.00020484
26.75	0.00025
26.8	0.00014652
26.8	0.00020476
26.8	0.00025
26.85	0.00014636
26.85	0.00020468
26.85	0.00025
26.9	0.0001462
26.9	0.0002046
26.9	0.00025
26.95	0.000146
26.95	0.00020455999999999998
26.95	0.00025
27.	0.00014584
27.	0.00020448000000000002
27.	0.00025
27.05	0.00014568
27.05	0.00020439999999999998
27.05	0.00025
27.1	0.00014548
27.1	0.00020436
27.1	0.00025
27.150000000000002	0.00014532
27.150000000000002	0.00020428
27.150000000000002	0.00025
27.200000000000003	0.00014516
27.200000000000003	0.0002042
27.200000000000003	0.00025
27.25	0.000145
27.25	0.00020412
27.25	0.00025
27.3	0.0001448
27.3	0.00020407999999999998
27.3	0.00025
27.35	0.00014464
27.35	0.000204
27.35	0.00025
27.400000000000002	0.00014448
27.400000000000002	0.00020392
27.400000000000002	0.00025
27.45	0.00014428
27.45	0.00020388
27.45	0.00025
27.5	0.00014412000000000002
27.5	0.0002038
27.5	0.00025
27.55	0.00014396
27.55	0.00020372
27.55	0.00025
27.599999999999998	0.0001438
27.599999999999998	0.00020364
27.599999999999998	0.00025
27.65	0.0001436
27.65	0.00020360000000000002
27.65	0.00025
27.7	0.00014344
27.7	0.00020351999999999998
27.7	0.00025
27.75	0.00014328
27.75	0.00020344000000000002
27.75	0.00025
27.8	0.00014312
27.8	0.0002034
27.8	0.00025
27.85	0.00014292
27.85	0.00020332
27.85	0.00025
27.900000000000002	0.00014276
27.900000000000002	0.00020324
27.900000000000002	0.00025
27.95	0.0001426
27.95	0.00020316
27.95	0.00025
28.	0.0001424
28.	0.00020312
28.	0.00025
28.05	0.00014224
28.05	0.00020303999999999998
28.05	0.00025
28.1	0.00014208
28.1	0.00020296000000000002
28.1	0.00025
28.150000000000002	0.00014192
28.150000000000002	0.00020292000000000002
28.150000000000002	0.00025
28.200000000000003	0.00014172
28.200000000000003	0.00020284
28.200000000000003	0.00025
28.250000000000004	0.00014156
28.250000000000004	0.00020276
28.250000000000004	0.00025
28.3	0.0001414
28.3	0.00020272
28.3	0.00025
28.35	0.00014123999999999997
28.35	0.00020264
28.35	0.00025
28.400000000000002	0.00014108
28.400000000000002	0.00020255999999999999
28.400000000000002	0.00025
28.450000000000003	0.00014088
28.450000000000003	0.00020251999999999998
28.450000000000003	0.00025
28.5	0.00014071999999999997
28.5	0.00020244
28.5	0.00025
28.55	0.00014056
28.55	0.00020236
28.55	0.00025
28.6	0.0001404
28.6	0.00020228
28.6	0.00025
28.65	0.0001402
28.65	0.00020224
28.65	0.00025
28.7	0.00014004
28.7	0.00020215999999999998
28.7	0.00025
28.75	0.00013988
28.75	0.00020208
28.75	0.00025
28.8	0.00013971999999999997
28.8	0.00020204
28.8	0.00025
28.85	0.00013956
28.85	0.00020196
28.85	0.00025
28.900000000000002	0.00013936
28.900000000000002	0.00020187999999999998
28.900000000000002	0.00025
28.950000000000003	0.0001392
28.950000000000003	0.00020184
28.950000000000003	0.00025
29.	0.00013904
29.	0.00020176
29.	0.00025
29.05	0.00013888
29.05	0.00020167999999999998
29.05	0.00025
29.1	0.00013868
29.1	0.00020163999999999997
29.1	0.00025
29.150000000000002	0.00013852
29.150000000000002	0.00020156000000000001
29.150000000000002	0.00025
29.200000000000003	0.00013836
29.200000000000003	0.00020148
29.200000000000003	0.00025
29.250000000000004	0.0001382
29.250000000000004	0.00020144
29.250000000000004	0.00025
29.300000000000004	0.00013803999999999997
29.300000000000004	0.00020136
29.300000000000004	0.00025
29.35	0.00013784
29.35	0.00020128
29.35	0.00025
29.400000000000002	0.00013768
29.400000000000002	0.00020124
29.400000000000002	0.00025
29.450000000000003	0.00013752
29.450000000000003	0.00020115999999999998
29.450000000000003	0.00025
29.500000000000004	0.00013736
29.500000000000004	0.00020108000000000002
29.500000000000004	0.00025
29.55	0.0001372
29.55	0.00020104
29.55	0.00025
29.6	0.00013704
29.6	0.00020096
29.6	0.00025
29.650000000000002	0.00013684
29.650000000000002	0.00020088
29.650000000000002	0.00025
29.7	0.00013668
29.7	0.00020083999999999998
29.7	0.00025
29.75	0.00013652
29.75	0.00020076
29.75	0.00025
29.8	0.00013636
29.8	0.00020067999999999998
29.8	0.00025
29.85	0.0001362
29.85	0.00020063999999999998
29.85	0.00025
29.900000000000002	0.00013604
29.900000000000002	0.00020055999999999996
29.900000000000002	0.00025
29.950000000000003	0.00013584
29.950000000000003	0.00020047999999999995
29.950000000000003	0.00025
30.000000000000004	0.00013568
30.000000000000004	0.00020044
30.000000000000004	0.00025
30.05	0.00013552
30.05	0.00020035999999999999
30.05	0.00025
30.1	0.00013536
30.1	0.00020027999999999997
30.1	0.00025
30.150000000000002	0.00013519999999999998
30.150000000000002	0.00020023999999999997
30.150000000000002	0.00025
30.200000000000003	0.00013504
30.200000000000003	0.00020015999999999998
30.200000000000003	0.00025
30.25	0.00013484
30.25	0.00020007999999999997
30.25	0.00025
30.3	0.00013468
30.3	0.00020003999999999996
30.3	0.00025
30.35	0.00013452
30.35	0.00019996
30.35	0.00025
30.4	0.00013436
30.4	0.00019988
30.4	0.00025
30.45	0.0001342
30.45	0.00019983999999999998
30.45	0.00025
30.5	0.00013404
30.5	0.00019975999999999997
30.5	0.00025
30.55	0.00013388
30.55	0.00019971999999999996
30.55	0.00025
30.6	0.00013368
30.6	0.00019963999999999998
30.6	0.00025
30.650000000000002	0.00013352
30.650000000000002	0.00019956
30.650000000000002	0.00025
30.700000000000003	0.00013336
30.700000000000003	0.00019952
30.700000000000003	0.00025
30.75	0.00013319999999999999
30.75	0.00019944
30.75	0.00025
30.8	0.00013304
30.8	0.00019936
30.8	0.00025
30.85	0.00013288
30.85	0.00019931999999999998
30.85	0.00025
30.900000000000002	0.00013272
30.900000000000002	0.00019923999999999997
30.900000000000002	0.00025
30.950000000000003	0.00013256
30.950000000000003	0.00019915999999999998
30.950000000000003	0.00025
31.000000000000004	0.00013235999999999999
31.000000000000004	0.00019912
31.000000000000004	0.00025
31.050000000000004	0.00013220000000000001
31.050000000000004	0.00019904
31.050000000000004	0.00025
31.1	0.00013204000000000002
31.1	0.00019895999999999998
31.1	0.00025
31.150000000000002	0.00013188
31.150000000000002	0.00019892
31.150000000000002	0.00025
31.200000000000003	0.00013172
31.200000000000003	0.00019884
31.200000000000003	0.00025
31.250000000000004	0.00013156
31.250000000000004	0.00019879999999999998
31.250000000000004	0.00025
31.3	0.0001314
31.3	0.00019871999999999997
31.3	0.00025
31.35	0.00013124
31.35	0.00019864
31.35	0.00025
31.400000000000002	0.00013107999999999997
31.400000000000002	0.0001986
31.400000000000002	0.00025
31.45	0.00013088
31.45	0.00019852
31.45	0.00025
31.5	0.00013072
31.5	0.00019843999999999998
31.5	0.00025
31.55	0.00013055999999999997
31.55	0.00019839999999999997
31.55	0.00025
31.6	0.00013039999999999997
31.6	0.00019831999999999999
31.6	0.00025
31.650000000000002	0.00013024
31.650000000000002	0.00019827999999999998
31.650000000000002	0.00025
31.700000000000003	0.00013007999999999997
31.700000000000003	0.0001982
31.700000000000003	0.00025
31.750000000000004	0.00012991999999999998
31.750000000000004	0.00019812
31.750000000000004	0.00025
31.8	0.00012976
31.8	0.00019808
31.8	0.00025
31.85	0.00012959999999999998
31.85	0.000198
31.85	0.00025
31.900000000000002	0.00012943999999999998
31.900000000000002	0.00019795999999999998
31.900000000000002	0.00025
31.950000000000003	0.00012927999999999998
31.950000000000003	0.00019788
31.950000000000003	0.00025
32.	0.00012912
32.	0.00019779999999999998
32.	0.00025
32.05	0.00012895999999999999
32.05	0.00019775999999999998
32.05	0.00025
32.1	0.00012875999999999998
32.1	0.00019767999999999996
32.1	0.00025
32.15	0.00012859999999999998
32.15	0.00019759999999999998
32.15	0.00025
32.2	0.00012843999999999998
32.2	0.00019756
32.2	0.00025
32.25	0.00012827999999999998
32.25	0.00019747999999999999
32.25	0.00025
32.3	0.00012811999999999999
32.3	0.00019743999999999998
32.3	0.00025
32.35	0.00012796
32.35	0.00019736
32.35	0.00025
32.4	0.00012780000000000002
32.4	0.00019727999999999998
32.4	0.00025
32.45	0.00012764
32.45	0.00019723999999999998
32.45	0.00025
32.5	0.00012748
32.5	0.00019715999999999996
32.5	0.00025
32.550000000000004	0.00012732
32.550000000000004	0.00019712
32.550000000000004	0.00025
32.6	0.00012716
32.6	0.00019704
32.6	0.00025
32.65	0.000127
32.65	0.00019695999999999998
32.65	0.00025
32.7	0.00012684
32.7	0.00019691999999999998
32.7	0.00025
32.75	0.00012668
32.75	0.00019684
32.75	0.00025
32.800000000000004	0.00012652
32.800000000000004	0.0001968
32.800000000000004	0.00025
32.85	0.00012636
32.85	0.00019671999999999997
32.85	0.00025
32.900000000000006	0.0001262
32.900000000000006	0.00019664000000000001
32.900000000000006	0.00025
32.95	0.00012604
32.95	0.00019659999999999998
32.95	0.00025
33.	0.00012588
33.	0.00019652
33.	0.00025
33.05	0.00012572
33.05	0.00019648
33.05	0.00025
33.099999999999994	0.00012555999999999998
33.099999999999994	0.0001964
33.099999999999994	0.00025
33.15	0.00012539999999999999
33.15	0.00019632
33.15	0.00025
33.199999999999996	0.00012524000000000001
33.199999999999996	0.00019627999999999998
33.199999999999996	0.00025
33.25	0.00012508
33.25	0.00019619999999999997
33.25	0.00025
33.3	0.00012492
33.3	0.00019616
33.3	0.00025
33.349999999999994	0.00012476000000000002
33.349999999999994	0.00019608
33.349999999999994	0.00025
33.400000000000006	0.00012460000000000002
33.400000000000006	0.00019604
33.400000000000006	0.00025
33.45	0.00012444
33.45	0.00019596
33.45	0.00025
33.50000000000001	0.00012424
33.50000000000001	0.00019587999999999997
33.50000000000001	0.00025
33.550000000000004	0.00012408
33.550000000000004	0.00019584
33.550000000000004	0.00025
33.60000000000001	0.00012392
33.60000000000001	0.00019576
33.60000000000001	0.00025
33.650000000000006	0.0001238
33.650000000000006	0.00019572
33.650000000000006	0.00025
33.7	0.00012363999999999997
33.7	0.00019564
33.7	0.00025
33.75	0.00012348
33.75	0.00019556
33.75	0.00025
33.8	0.00012332
33.8	0.00019552
33.8	0.00025
33.85	0.00012316
33.85	0.00019543999999999999
33.85	0.00025
33.9	0.000123
33.9	0.0001954
33.9	0.00025
33.95	0.00012284
33.95	0.00019532000000000002
33.95	0.00025
34.	0.00012267999999999998
34.	0.00019528000000000001
34.	0.00025
34.05	0.00012252
34.05	0.0001952
34.05	0.00025
34.1	0.00012236
34.1	0.00019512
34.1	0.00025
34.15	0.0001222
34.15	0.00019508
34.15	0.00025
34.2	0.00012203999999999999
34.2	0.000195
34.2	0.00025
34.25	0.00012187999999999999
34.25	0.00019496
34.25	0.00025
34.300000000000004	0.00012172
34.300000000000004	0.00019487999999999998
34.300000000000004	0.00025
34.35	0.00012156
34.35	0.00019484000000000003
34.35	0.00025
34.4	0.0001214
34.4	0.00019476
34.4	0.00025
34.45	0.00012124
34.45	0.00019468
34.45	0.00025
34.5	0.00012107999999999999
34.5	0.00019464
34.5	0.00025
34.550000000000004	0.00012091999999999999
34.550000000000004	0.00019456
34.550000000000004	0.00025
34.6	0.00012076
34.6	0.00019452
34.6	0.00025
34.650000000000006	0.00012059999999999998
34.650000000000006	0.00019444
34.650000000000006	0.00025
34.7	0.00012043999999999999
34.7	0.0001944
34.7	0.00025
34.75	0.00012028000000000001
34.75	0.00019432000000000002
34.75	0.00025
34.8	0.00012012
34.8	0.00019428000000000002
34.8	0.00025
34.849999999999994	0.00011996
34.849999999999994	0.0001942
34.849999999999994	0.00025
34.9	0.00011979999999999998
34.9	0.00019412
34.9	0.00025
34.949999999999996	0.00011963999999999999
34.949999999999996	0.00019408
34.949999999999996	0.00025
35.	0.00011948
35.	0.000194
35.	0.00025
35.05	0.00011935999999999998
35.05	0.00019396
35.05	0.00025
35.099999999999994	0.0001192
35.099999999999994	0.00019387999999999998
35.099999999999994	0.00025
35.150000000000006	0.00011904
35.150000000000006	0.00019383999999999997
35.150000000000006	0.00025
35.2	0.00011887999999999999
35.2	0.00019376000000000002
35.2	0.00025
35.25000000000001	0.00011871999999999999
35.25000000000001	0.00019372
35.25000000000001	0.00025
35.300000000000004	0.00011855999999999999
35.300000000000004	0.00019364
35.300000000000004	0.00025
35.35000000000001	0.00011839999999999999
35.35000000000001	0.0001936
35.35000000000001	0.00025
35.400000000000006	0.00011823999999999999
35.400000000000006	0.00019352
35.400000000000006	0.00025
35.45	0.00011808
35.45	0.00019344
35.45	0.00025
35.5	0.00011792000000000001
35.5	0.00019339999999999998
35.5	0.00025
35.55	0.00011776
35.55	0.00019331999999999997
35.55	0.00025
35.6	0.0001176
35.6	0.00019328000000000002
35.6	0.00025
35.65	0.00011748
35.65	0.0001932
35.65	0.00025
35.7	0.00011732
35.7	0.00019316
35.7	0.00025
35.75	0.00011716
35.75	0.00019308
35.75	0.00025
35.8	0.000117
35.8	0.00019304
35.8	0.00025
35.85	0.00011684
35.85	0.00019296
35.85	0.00025
35.9	0.00011668
35.9	0.00019292
35.9	0.00025
35.95	0.00011651999999999999
35.95	0.00019284
35.95	0.00025
36.	0.00011635999999999999
36.	0.0001928
36.	0.00025
36.050000000000004	0.00011619999999999998
36.050000000000004	0.00019272
36.050000000000004	0.00025
36.1	0.00011604
36.1	0.00019264
36.1	0.00025
36.15	0.00011592
36.15	0.0001926
36.15	0.00025
36.2	0.00011575999999999999
36.2	0.00019252
36.2	0.00025
36.25	0.00011559999999999999
36.25	0.00019248
36.25	0.00025
36.300000000000004	0.00011544
36.300000000000004	0.0001924
36.300000000000004	0.00025
36.35	0.00011528
36.35	0.00019236
36.35	0.00025
36.400000000000006	0.00011512
36.400000000000006	0.00019228
36.400000000000006	0.00025
36.45	0.00011496
36.45	0.00019224
36.45	0.00025
36.5	0.0001148
36.5	0.00019216
36.5	0.00025
36.55	0.00011467999999999999
36.55	0.00019212
36.55	0.00025
36.599999999999994	0.00011451999999999998
36.599999999999994	0.00019203999999999998
36.599999999999994	0.00025
36.65	0.00011436
36.65	0.000192
36.65	0.00025
36.699999999999996	0.0001142
36.699999999999996	0.00019192000000000002
36.699999999999996	0.00025
36.75	0.00011403999999999999
36.75	0.00019188
36.75	0.00025
36.8	0.00011387999999999999
36.8	0.0001918
36.8	0.00025
36.849999999999994	0.00011372
36.849999999999994	0.00019176
36.849999999999994	0.00025
36.900000000000006	0.00011359999999999998
36.900000000000006	0.00019167999999999998
36.900000000000006	0.00025
36.95	0.00011344
36.95	0.00019164
36.95	0.00025
37.00000000000001	0.00011328
37.00000000000001	0.00019156
37.00000000000001	0.00025
37.050000000000004	0.00011311999999999999
37.050000000000004	0.00019151999999999998
37.050000000000004	0.00025
37.10000000000001	0.00011295999999999999
37.10000000000001	0.00019144000000000002
37.10000000000001	0.00025
37.150000000000006	0.00011279999999999999
37.150000000000006	0.0001914
37.150000000000006	0.00025
37.2	0.00011268
37.2	0.00019132
37.2	0.00025
37.25	0.00011252
37.25	0.00019128
37.25	0.00025
37.3	0.00011235999999999999
37.3	0.0001912
37.3	0.00025
37.35	0.00011219999999999999
37.35	0.00019116
37.35	0.00025
37.4	0.00011204
37.4	0.00019108
37.4	0.00025
37.45	0.00011188
37.45	0.00019104
37.45	0.00025
37.5	0.00011176
37.5	0.00019095999999999997
37.5	0.00025
37.55	0.0001116
37.55	0.00019088000000000002
37.55	0.00025
37.6	0.00011143999999999999
37.6	0.00019084
37.6	0.00025
37.65	0.00011127999999999999
37.65	0.00019076
37.65	0.00025
37.7	0.00011112
37.7	0.00019072
37.7	0.00025
37.75	0.00011099999999999999
37.75	0.00019063999999999998
37.75	0.00025
37.800000000000004	0.00011084
37.800000000000004	0.0001906
37.800000000000004	0.00025
37.85	0.00011067999999999999
37.85	0.00019056
37.85	0.00025
37.9	0.00011051999999999999
37.9	0.00019047999999999998
37.9	0.00025
37.95	0.00011036000000000001
37.95	0.00019043999999999997
37.95	0.00025
38.	0.00011023999999999999
38.	0.00019036
38.	0.00025
38.050000000000004	0.00011008
38.050000000000004	0.00019031999999999998
38.050000000000004	0.00025
38.1	0.00010992
38.1	0.00019024
38.1	0.00025
38.150000000000006	0.00010975999999999999
38.150000000000006	0.0001902
38.150000000000006	0.00025
38.2	0.0001096
38.2	0.00019011999999999998
38.2	0.00025
38.25	0.00010947999999999999
38.25	0.00019007999999999997
38.25	0.00025
38.3	0.00010931999999999999
38.3	0.00018999999999999998
38.3	0.00025
38.349999999999994	0.00010915999999999999
38.349999999999994	0.00018995999999999998
38.349999999999994	0.00025
38.4	0.00010899999999999999
38.4	0.00018988
38.4	0.00025
38.449999999999996	0.00010884
38.449999999999996	0.00018983999999999998
38.449999999999996	0.00025
38.5	0.00010872
38.5	0.00018976
38.5	0.00025
38.55	0.00010855999999999999
38.55	0.00018972
38.55	0.00025
38.599999999999994	0.00010839999999999999
38.599999999999994	0.00018963999999999998
38.599999999999994	0.00025
38.650000000000006	0.00010824000000000001
38.650000000000006	0.0001896
38.650000000000006	0.00025
38.7	0.00010811999999999999
38.7	0.00018952
38.7	0.00025
38.75000000000001	0.00010796
38.75000000000001	0.00018948
38.75000000000001	0.00025
38.800000000000004	0.00010779999999999999
38.800000000000004	0.0001894
38.800000000000004	0.00025
38.85000000000001	0.00010763999999999999
38.85000000000001	0.00018936
38.85000000000001	0.00025
38.900000000000006	0.00010752
38.900000000000006	0.00018927999999999998
38.900000000000006	0.00025
38.95	0.00010735999999999999
38.95	0.00018924
38.95	0.00025
39.	0.0001072
39.	0.00018915999999999998
39.	0.00025
39.05	0.00010704
39.05	0.00018911999999999998
39.05	0.00025
39.1	0.00010692
39.1	0.00018903999999999997
39.1	0.00025
39.15	0.00010676
39.15	0.00018899999999999999
39.15	0.00025
39.2	0.00010660000000000002
39.2	0.00018892
39.2	0.00025
39.25	0.00010643999999999999
39.25	0.00018888
39.25	0.00025
39.3	0.00010631999999999998
39.3	0.00018879999999999998
39.3	0.00025
39.35	0.00010615999999999999
39.35	0.00018875999999999997
39.35	0.00025
39.4	0.000106
39.4	0.00018872
39.4	0.00025
39.45	0.00010584
39.45	0.00018863999999999998
39.45	0.00025
39.5	0.00010572
39.5	0.00018859999999999998
39.5	0.00025
39.550000000000004	0.00010556
39.550000000000004	0.00018851999999999996
39.550000000000004	0.00025
39.6	0.0001054
39.6	0.00018848
39.6	0.00025
39.65	0.00010524
39.65	0.00018839999999999997
39.65	0.00025
39.7	0.00010512000000000001
39.7	0.00018836
39.7	0.00025
39.75	0.00010496
39.75	0.00018827999999999998
39.75	0.00025
39.800000000000004	0.00010479999999999999
39.800000000000004	0.00018824
39.800000000000004	0.00025
39.85	0.00010468
39.85	0.00018816
39.85	0.00025
39.900000000000006	0.00010452
39.900000000000006	0.00018811999999999998
39.900000000000006	0.00025
39.95	0.00010436
39.95	0.00018803999999999997
39.95	0.00025
40.	0.0001042
40.	0.000188
40.	0.00025