10.	0.0006092
10.	0.0006309999999999999
10.	0.00065
10.1	0.0006087999999999999
10.1	0.0006307999999999999
10.1	0.00065
10.2	0.0006084
10.2	0.0006305999999999999
10.2	0.00065
10.3	0.000608
10.3	0.0006303999999999999
10.3	0.00065
10.4	0.0006073999999999999
10.4	0.0006301999999999999
10.4	0.00065
10.5	0.0006068
10.5	0.0006299999999999999
10.5	0.00065
10.6	0.0006062
10.6	0.0006298
10.6	0.00065
10.700000000000001	0.000605
10.700000000000001	0.0006295999999999999
10.700000000000001	0.00065
10.8	0.0006035999999999999
10.8	0.0006291999999999999
10.8	0.00065
10.9	0.0006016
10.9	0.0006287999999999999
10.9	0.00065
11.	0.0005984
11.	0.0006282
11.	0.00065
11.100000000000001	0.0005939999999999999
11.100000000000001	0.0006276
11.100000000000001	0.0006498
11.2	0.0005876
11.2	0.0006268
11.2	0.0006498
11.299999999999999	0.0005786
11.299999999999999	0.0006257999999999999
11.299999999999999	0.0006496
11.399999999999999	0.0005667999999999999
11.399999999999999	0.0006248
11.399999999999999	0.0006494
11.5	0.0005514
11.5	0.0006236
11.5	0.0006492
11.6	0.0005323999999999999
11.6	0.0006224
11.6	0.000649
11.7	0.0005098
11.7	0.000621
11.7	0.0006485999999999999
11.799999999999999	0.0004842
11.799999999999999	0.0006194
11.799999999999999	0.0006479999999999999
11.9	0.000456
11.9	0.0006173999999999999
11.9	0.0006474
12.	0.00042639999999999996
12.	0.0006148
12.	0.0006466
12.1	0.0003966
12.1	0.0006112
12.1	0.0006456
12.2	0.0003678
12.2	0.0006064
12.2	0.0006444
12.3	0.00034099999999999994
12.3	0.0006
12.3	0.0006428
12.4	0.000317
12.4	0.0005912
12.4	0.0006412
12.5	0.0002964
12.5	0.0005798
12.5	0.0006393999999999999
12.6	0.00027919999999999996
12.6	0.0005652
12.6	0.0006376
12.700000000000001	0.0002656
12.700000000000001	0.000547
12.700000000000001	0.0006353999999999999
12.8	0.000255
12.8	0.0005254
12.8	0.0006332
12.9	0.0002472
12.9	0.0005004
12.9	0.0006305999999999999
13.	0.00024159999999999996
13.	0.0004726
13.	0.0006276
13.100000000000001	0.00023779999999999998
13.100000000000001	0.0004432
13.100000000000001	0.000624
13.2	0.0002352
13.2	0.0004132
13.2	0.0006194
13.299999999999999	0.00023359999999999999
13.299999999999999	0.0003834
13.299999999999999	0.0006136
13.399999999999999	0.0002326
13.399999999999999	0.0003556
13.399999999999999	0.0006062
13.5	0.00023179999999999997
13.5	0.0003302
13.5	0.000597
13.6	0.00023119999999999998
13.6	0.000308
13.6	0.0005856
13.7	0.00023039999999999996
13.7	0.00028979999999999994
13.7	0.0005718
13.799999999999999	0.0002292
13.799999999999999	0.00027539999999999997
13.799999999999999	0.0005549999999999999
13.9	0.0002274
13.9	0.0002648
13.9	0.0005354
14.	0.000225
14.	0.0002578
14.	0.000513
14.1	0.00022239999999999998
14.1	0.0002536
14.1	0.00048819999999999994
14.2	0.00021999999999999998
14.2	0.00025100000000000003
14.2	0.0004612
14.3	0.00021799999999999999
14.3	0.0002496
14.3	0.000433
14.4	0.0002164
14.4	0.00024880000000000003
14.4	0.00040419999999999996
14.5	0.00021519999999999997
14.5	0.00024839999999999997
14.5	0.00037580000000000003
14.6	0.0002144
14.6	0.00024819999999999996
14.6	0.0003486
14.700000000000001	0.00021380000000000002
14.700000000000001	0.00024799999999999996
14.700000000000001	0.00032339999999999995
14.8	0.00021320000000000003
14.8	0.00024779999999999995
14.8	0.00030059999999999993
14.9	0.0002126
14.9	0.0002474
14.9	0.0002808
15.	0.0002118
15.	0.0002464
15.	0.000265
15.100000000000001	0.0002104
15.100000000000001	0.0002428
15.100000000000001	0.000255
15.2	0.00020819999999999996
15.2	0.0002362
15.2	0.00025159999999999994
15.299999999999999	0.0002052
15.299999999999999	0.00023039999999999996
15.299999999999999	0.00025079999999999997
15.399999999999999	0.0002016
15.399999999999999	0.00022659999999999998
15.399999999999999	0.00025039999999999996
15.5	0.000198
15.5	0.00022439999999999998
15.5	0.0002502
15.600000000000001	0.00019480000000000002
15.600000000000001	0.0002232
15.600000000000001	0.0002502
15.700000000000001	0.00019219999999999998
15.700000000000001	0.0002222
15.700000000000001	0.00025
15.8	0.0001902
15.8	0.0002218
15.8	0.00025
15.900000000000002	0.00018859999999999998
15.900000000000002	0.0002214
15.900000000000002	0.00025
16.	0.00018739999999999997
16.	0.000221
16.	0.00025
16.1	0.0001864
16.1	0.0002208
16.1	0.00025
16.2	0.0001856
16.2	0.0002206
16.2	0.00025
16.3	0.000185
16.3	0.0002204
16.3	0.00025
16.4	0.0001846
16.4	0.00022019999999999999
16.4	0.00025
16.5	0.000184
16.5	0.00021999999999999998
16.5	0.00025
16.599999999999998	0.0001836
16.599999999999998	0.00021999999999999998
16.599999999999998	0.00025
16.7	0.00018319999999999998
16.7	0.00021979999999999998
16.7	0.00025
16.8	0.00018279999999999997
16.8	0.0002196
16.8	0.00025
16.900000000000002	0.0001824
16.900000000000002	0.00021939999999999997
16.900000000000002	0.00025
17.	0.00018199999999999998
17.	0.0002192
17.	0.00025
17.1	0.0001816
17.1	0.0002192
17.1	0.00025
17.2	0.00018119999999999999
17.2	0.00021899999999999998
17.2	0.00025
17.3	0.00018079999999999998
17.3	0.00021879999999999998
17.3	0.00025
17.4	0.0001804
17.4	0.0002186
17.4	0.00025
17.5	0.0001802
17.5	0.00021839999999999997
17.5	0.00025
17.6	0.00017979999999999998
17.6	0.00021839999999999997
17.6	0.00025
17.700000000000003	0.00017939999999999997
17.700000000000003	0.0002182
17.700000000000003	0.00025
17.8	0.000179
17.8	0.00021799999999999999
17.8	0.00025
17.900000000000002	0.00017859999999999998
17.900000000000002	0.00021779999999999998
17.900000000000002	0.00025
18.	0.0001782
18.	0.0002176
18.	0.00025
18.1	0.00017779999999999998
18.1	0.0002176
18.1	0.00025
18.2	0.0001774
18.2	0.00021739999999999997
18.2	0.00025
18.3	0.0001772
18.3	0.0002172
18.3	0.00025
18.4	0.00017680000000000001
18.4	0.000217
18.4	0.00025
18.5	0.0001764
18.5	0.000217
18.5	0.00025
18.599999999999998	0.000176
18.599999999999998	0.00021679999999999998
18.599999999999998	0.00025
18.7	0.00017559999999999999
18.7	0.0002166
18.7	0.00025
18.8	0.0001752
18.8	0.0002164
18.8	0.00025
18.900000000000002	0.0001748
18.900000000000002	0.0002162
18.900000000000002	0.00025
19.	0.00017439999999999998
19.	0.0002162
19.	0.00025
19.1	0.0001742
19.1	0.000216
19.1	0.00025
19.200000000000003	0.0001738
19.200000000000003	0.0002158
19.200000000000003	0.00025
19.300000000000004	0.00017339999999999999
19.300000000000004	0.00021559999999999998
19.300000000000004	0.00025
19.400000000000002	0.00017299999999999998
19.400000000000002	0.00021559999999999998
19.400000000000002	0.00025
19.500000000000004	0.0001726
19.500000000000004	0.0002154
19.500000000000004	0.00025
19.6	0.0001722
19.6	0.00021519999999999997
19.6	0.00025
19.700000000000003	0.000172
19.700000000000003	0.000215
19.700000000000003	0.00025
19.8	0.0001716
19.8	0.000215
19.8	0.00025
19.900000000000002	0.0001712
19.900000000000002	0.00021479999999999996
19.900000000000002	0.00025
20.	0.00017079999999999998
20.	0.00021459999999999998
20.	0.00025
20.1	0.00017039999999999997
20.1	0.0002144
20.1	0.00025
20.2	0.00016999999999999999
20.2	0.0002144
20.2	0.00025
20.3	0.00016959999999999998
20.3	0.00021419999999999998
20.3	0.00025
20.4	0.00016939999999999997
20.4	0.000214
20.4	0.00025
20.5	0.000169
20.5	0.00021380000000000002
20.5	0.00025
20.599999999999998	0.0001686
20.599999999999998	0.00021380000000000002
20.599999999999998	0.00025
20.7	0.0001682
20.7	0.0002136
20.7	0.00025
20.8	0.00016779999999999999
20.8	0.0002134
20.8	0.00025
20.900000000000002	0.0001674
20.900000000000002	0.00021320000000000003
20.900000000000002	0.00025
21.	0.0001672
21.	0.00021320000000000003
21.	0.00025
21.1	0.0001668
21.1	0.000213
21.1	0.00025
21.200000000000003	0.00016639999999999998
21.200000000000003	0.00021280000000000002
21.200000000000003	0.00025
21.300000000000004	0.000166
21.300000000000004	0.0002126
21.300000000000004	0.00025
21.400000000000002	0.0001656
21.400000000000002	0.0002126
21.400000000000002	0.00025
21.500000000000004	0.0001654
21.500000000000004	0.0002124
21.500000000000004	0.00025
21.6	0.000165
21.6	0.00021219999999999998
21.6	0.00025
21.700000000000003	0.0001646
21.700000000000003	0.000212
21.700000000000003	0.00025
21.8	0.0001642
21.8	0.000212
21.8	0.00025
21.900000000000002	0.00016380000000000002
21.900000000000002	0.0002118
21.900000000000002	0.00025
22.	0.00016340000000000001
22.	0.0002116
22.	0.00025
22.1	0.0001632
22.1	0.0002114
22.1	0.00025
22.2	0.0001628
22.2	0.0002114
22.2	0.00025
22.3	0.0001624
22.3	0.0002112
22.3	0.00025
22.4	0.00016199999999999998
22.4	0.00021099999999999998
22.4	0.00025
22.5	0.00016159999999999997
22.5	0.0002108
22.5	0.00025
22.599999999999998	0.00016139999999999997
22.599999999999998	0.0002108
22.599999999999998	0.00025
22.7	0.00016099999999999998
22.7	0.00021059999999999997
22.7	0.00025
22.8	0.00016059999999999997
22.8	0.0002104
22.8	0.00025
22.900000000000002	0.0001602
22.900000000000002	0.00021019999999999996
22.900000000000002	0.00025
23.	0.00015979999999999998
23.	0.00021019999999999996
23.	0.00025
23.1	0.00015959999999999998
23.1	0.00020999999999999998
23.1	0.00025
23.200000000000003	0.0001592
23.200000000000003	0.0002098
23.200000000000003	0.00025
23.300000000000004	0.0001588
23.300000000000004	0.0002098
23.300000000000004	0.00025
23.400000000000002	0.0001584
23.400000000000002	0.00020959999999999997
23.400000000000002	0.00025
23.500000000000004	0.000158
23.500000000000004	0.0002094
23.500000000000004	0.00025
23.6	0.0001578
23.6	0.00020919999999999996
23.6	0.00025
23.700000000000003	0.00015739999999999998
23.700000000000003	0.00020919999999999996
23.700000000000003	0.00025
23.8	0.000157
23.8	0.00020899999999999998
23.8	0.00025
23.900000000000002	0.00015659999999999998
23.900000000000002	0.0002088
23.900000000000002	0.00025
24.	0.00015639999999999998
24.	0.0002088
24.	0.00025
24.1	0.000156
24.1	0.00020859999999999997
24.1	0.00025
24.2	0.00015560000000000001
24.2	0.0002084
24.2	0.00025
24.3	0.0001552
24.3	0.00020819999999999996
24.3	0.00025
24.4	0.000155
24.4	0.00020819999999999996
24.4	0.00025
24.5	0.00015460000000000002
24.5	0.000208
24.5	0.00025
24.599999999999998	0.0001542
24.599999999999998	0.0002078
24.599999999999998	0.00025
24.7	0.0001538
24.7	0.0002078
24.7	0.00025
24.8	0.0001534
24.8	0.00020759999999999998
24.8	0.00025
24.900000000000002	0.00015319999999999998
24.900000000000002	0.0002074
24.900000000000002	0.00025
25.	0.00015279999999999997
25.	0.0002072
25.	0.00025
25.1	0.0001524
25.1	0.0002072
25.1	0.00025
25.200000000000003	0.000152
25.200000000000003	0.000207
25.200000000000003	0.00025
25.300000000000004	0.00015179999999999998
25.300000000000004	0.00020679999999999999
25.300000000000004	0.00025
25.400000000000002	0.00015139999999999997
25.400000000000002	0.00020679999999999999
25.400000000000002	0.00025
25.500000000000004	0.00015099999999999998
25.500000000000004	0.0002066
25.500000000000004	0.00025
25.6	0.0001506
25.6	0.00020639999999999998
25.6	0.00025
25.700000000000003	0.0001504
25.700000000000003	0.0002062
25.700000000000003	0.00025
25.8	0.00015
25.8	0.0002062
25.8	0.00025
25.900000000000002	0.0001496
25.900000000000002	0.000206
25.900000000000002	0.00025
26.	0.0001492
26.	0.0002058
26.	0.00025
26.1	0.000149
26.1	0.0002058
26.1	0.00025
26.2	0.00014859999999999998
26.2	0.0002056
26.2	0.00025
26.3	0.00014819999999999997
26.3	0.00020539999999999998
26.3	0.00025
26.400000000000002	0.000148
26.400000000000002	0.00020539999999999998
26.400000000000002	0.00025
26.500000000000004	0.00014759999999999998
26.500000000000004	0.0002052
26.500000000000004	0.00025
26.6	0.0001472
26.6	0.000205
26.6	0.00025
26.700000000000003	0.0001468
26.700000000000003	0.0002048
26.700000000000003	0.00025
26.8	0.00014659999999999999
26.8	0.0002048
26.8	0.00025
26.900000000000002	0.0001462
26.900000000000002	0.0002046
26.900000000000002	0.00025
27.	0.00014580000000000002
27.	0.00020439999999999998
27.	0.00025
27.1	0.0001454
27.1	0.00020439999999999998
27.1	0.00025
27.2	0.0001452
27.2	0.0002042
27.2	0.00025
27.3	0.0001448
27.3	0.000204
27.3	0.00025
27.4	0.00014439999999999999
27.4	0.000204
27.4	0.00025
27.5	0.0001442
27.5	0.0002038
27.5	0.00025
27.6	0.0001438
27.6	0.00020360000000000002
27.6	0.00025
27.700000000000003	0.0001434
27.700000000000003	0.00020360000000000002
27.700000000000003	0.00025
27.8	0.00014319999999999998
27.8	0.0002034
27.8	0.00025
27.900000000000002	0.0001428
27.900000000000002	0.0002032
27.900000000000002	0.00025
28.	0.0001424
28.	0.0002032
28.	0.00025
28.1	0.00014199999999999998
28.1	0.000203
28.1	0.00025
28.2	0.0001418
28.2	0.0002028
28.2	0.00025
28.3	0.0001414
28.3	0.0002028
28.3	0.00025
28.400000000000002	0.00014099999999999998
28.400000000000002	0.0002026
28.400000000000002	0.00025
28.500000000000004	0.0001408
28.500000000000004	0.0002024
28.500000000000004	0.00025
28.6	0.0001404
28.6	0.00020219999999999998
28.6	0.00025
28.700000000000003	0.00014
28.700000000000003	0.00020219999999999998
28.700000000000003	0.00025
28.8	0.00013979999999999998
28.8	0.00020199999999999998
28.8	0.00025
28.900000000000002	0.00013939999999999997
28.900000000000002	0.00020179999999999997
28.900000000000002	0.00025
29.	0.000139
29.	0.00020179999999999997
29.	0.00025
29.1	0.00013859999999999998
29.1	0.0002016
29.1	0.00025
29.200000000000003	0.00013839999999999998
29.200000000000003	0.00020140000000000002
29.200000000000003	0.00025
29.300000000000004	0.000138
29.300000000000004	0.00020140000000000002
29.300000000000004	0.00025
29.400000000000002	0.0001376
29.400000000000002	0.00020119999999999998
29.400000000000002	0.00025
29.500000000000004	0.0001374
29.500000000000004	0.000201
29.500000000000004	0.00025
29.6	0.000137
29.6	0.000201
29.6	0.00025
29.700000000000003	0.0001366
29.700000000000003	0.00020079999999999997
29.700000000000003	0.00025
29.8	0.0001364
29.8	0.0002006
29.8	0.00025
29.900000000000002	0.000136
29.900000000000002	0.0002006
29.900000000000002	0.00025
30.000000000000004	0.0001356
30.000000000000004	0.00020039999999999997
30.000000000000004	0.00025
30.1	0.00013539999999999998
30.1	0.0002002
30.1	0.00025
30.200000000000003	0.000135
30.200000000000003	0.0002002
30.200000000000003	0.00025
30.300000000000004	0.0001346
30.300000000000004	0.00019999999999999998
30.300000000000004	0.00025
30.400000000000002	0.00013440000000000001
30.400000000000002	0.00019979999999999998
30.400000000000002	0.00025
30.5	0.000134
30.5	0.00019979999999999998
30.5	0.00025
30.6	0.0001336
30.6	0.0001996
30.6	0.00025
30.7	0.0001334
30.7	0.0001996
30.7	0.00025
30.8	0.00013299999999999998
30.8	0.00019939999999999997
30.8	0.00025
30.900000000000002	0.0001328
30.900000000000002	0.0001992
30.900000000000002	0.00025
31.	0.00013240000000000002
31.	0.0001992
31.	0.00025
31.1	0.000132
31.1	0.00019899999999999999
31.1	0.00025
31.200000000000003	0.0001318
31.200000000000003	0.00019879999999999998
31.200000000000003	0.00025
31.3	0.0001314
31.3	0.00019879999999999998
31.3	0.00025
31.400000000000002	0.00013099999999999999
31.400000000000002	0.0001986
31.400000000000002	0.00025
31.500000000000004	0.00013079999999999998
31.500000000000004	0.00019839999999999997
31.500000000000004	0.00025
31.6	0.00013039999999999997
31.6	0.00019839999999999997
31.6	0.00025
31.700000000000003	0.00013
31.700000000000003	0.0001982
31.700000000000003	0.00025
31.800000000000004	0.00012979999999999998
31.800000000000004	0.000198
31.800000000000004	0.00025
31.900000000000002	0.0001294
31.900000000000002	0.000198
31.900000000000002	0.00025
32.	0.0001292
32.	0.00019779999999999998
32.	0.00025
32.1	0.0001288
32.1	0.00019759999999999998
32.1	0.00025
32.2	0.0001284
32.2	0.00019759999999999998
32.2	0.00025
32.3	0.0001282
32.3	0.0001974
32.3	0.00025
32.4	0.00012780000000000002
32.4	0.00019719999999999997
32.4	0.00025
32.5	0.0001274
32.5	0.00019719999999999997
32.5	0.00025
32.6	0.0001272
32.6	0.000197
32.6	0.00025
32.7	0.0001268
32.7	0.000197
32.7	0.00025
32.800000000000004	0.0001266
32.800000000000004	0.0001968
32.800000000000004	0.00025
32.900000000000006	0.0001262
32.900000000000006	0.00019659999999999998
32.900000000000006	0.00025
33.00000000000001	0.0001258
33.00000000000001	0.00019659999999999998
33.00000000000001	0.00025
33.10000000000001	0.0001256
33.10000000000001	0.0001964
33.10000000000001	0.00025
33.2	0.0001252
33.2	0.00019619999999999997
33.2	0.00025
33.300000000000004	0.000125
33.300000000000004	0.00019619999999999997
33.300000000000004	0.00025
33.400000000000006	0.00012460000000000002
33.400000000000006	0.000196
33.400000000000006	0.00025
33.5	0.0001242
33.5	0.00019580000000000002
33.5	0.00025
33.6	0.00012399999999999998
33.6	0.00019580000000000002
33.6	0.00025
33.7	0.0001236
33.7	0.00019559999999999998
33.7	0.00025
33.8	0.00012340000000000002
33.8	0.00019559999999999998
33.8	0.00025
33.9	0.000123
33.9	0.0001954
33.9	0.00025
34.	0.0001226
34.	0.0001952
34.	0.00025
34.1	0.0001224
34.1	0.0001952
34.1	0.00025
34.2	0.00012199999999999998
34.2	0.000195
34.2	0.00025
34.300000000000004	0.00012179999999999999
34.300000000000004	0.00019480000000000002
34.300000000000004	0.00025
34.400000000000006	0.0001214
34.400000000000006	0.00019480000000000002
34.400000000000006	0.00025
34.50000000000001	0.00012099999999999999
34.50000000000001	0.00019460000000000001
34.50000000000001	0.00025
34.60000000000001	0.00012079999999999998
34.60000000000001	0.00019460000000000001
34.60000000000001	0.00025
34.7	0.0001204
34.7	0.0001944
34.7	0.00025
34.800000000000004	0.0001202
34.800000000000004	0.0001942
34.800000000000004	0.00025
34.900000000000006	0.00011979999999999998
34.900000000000006	0.0001942
34.900000000000006	0.00025
35.	0.0001194
35.	0.000194
35.	0.00025
35.1	0.0001192
35.1	0.0001938
35.1	0.00025
35.2	0.00011879999999999999
35.2	0.0001938
35.2	0.00025
35.3	0.0001186
35.3	0.0001936
35.3	0.00025
35.4	0.00011819999999999999
35.4	0.0001936
35.4	0.00025
35.5	0.000118
35.5	0.00019339999999999998
35.5	0.00025
35.6	0.0001176
35.6	0.0001932
35.6	0.00025
35.7	0.0001174
35.7	0.0001932
35.7	0.00025
35.800000000000004	0.000117
35.800000000000004	0.000193
35.800000000000004	0.00025
35.900000000000006	0.00011659999999999999
35.900000000000006	0.000193
35.900000000000006	0.00025
36.00000000000001	0.00011639999999999998
36.00000000000001	0.0001928
36.00000000000001	0.00025
36.10000000000001	0.000116
36.10000000000001	0.0001926
36.10000000000001	0.00025
36.2	0.0001158
36.2	0.0001926
36.2	0.00025
36.300000000000004	0.00011540000000000001
36.300000000000004	0.0001924
36.300000000000004	0.00025
36.400000000000006	0.00011520000000000001
36.400000000000006	0.00019219999999999998
36.400000000000006	0.00025
36.5	0.0001148
36.5	0.00019219999999999998
36.5	0.00025
36.6	0.0001146
36.6	0.000192
36.6	0.00025
36.7	0.0001142
36.7	0.000192
36.7	0.00025
36.8	0.00011379999999999999
36.8	0.0001918
36.8	0.00025
36.9	0.00011359999999999998
36.9	0.0001916
36.9	0.00025
37.	0.0001132
37.	0.0001916
37.	0.00025
37.1	0.000113
37.1	0.0001914
37.1	0.00025
37.2	0.0001126
37.2	0.0001914
37.2	0.00025
37.300000000000004	0.0001124
37.300000000000004	0.0001912
37.300000000000004	0.00025
37.400000000000006	0.000112
37.400000000000006	0.00019099999999999998
37.400000000000006	0.00025
37.50000000000001	0.00011180000000000001
37.50000000000001	0.00019099999999999998
37.50000000000001	0.00025
37.60000000000001	0.0001114
37.60000000000001	0.0001908
37.60000000000001	0.00025
37.7	0.00011119999999999999
37.7	0.0001908
37.7	0.00025
37.800000000000004	0.00011080000000000001
37.800000000000004	0.0001906
37.800000000000004	0.00025
37.900000000000006	0.0001106
37.900000000000006	0.0001904
37.900000000000006	0.00025
38.	0.0001102
38.	0.0001904
38.	0.00025
38.1	0.00010999999999999999
38.1	0.0001902
38.1	0.00025
38.2	0.0001096
38.2	0.0001902
38.2	0.00025
38.3	0.00010939999999999999
38.3	0.00018999999999999998
38.3	0.00025
38.4	0.00010899999999999999
38.4	0.0001898
38.4	0.00025
38.5	0.0001088
38.5	0.0001898
38.5	0.00025
38.6	0.00010839999999999999
38.6	0.0001896
38.6	0.00025
38.7	0.0001082
38.7	0.0001896
38.7	0.00025
38.800000000000004	0.00010779999999999999
38.800000000000004	0.0001894
38.800000000000004	0.00025
38.900000000000006	0.00010759999999999999
38.900000000000006	0.0001892
38.900000000000006	0.00025
39.00000000000001	0.0001072
39.00000000000001	0.0001892
39.00000000000001	0.00025
39.10000000000001	0.000107
39.10000000000001	0.00018899999999999999
39.10000000000001	0.00025
39.2	0.00010660000000000002
39.2	0.00018899999999999999
39.2	0.00025
39.300000000000004	0.00010640000000000001
39.300000000000004	0.00018879999999999998
39.300000000000004	0.00025
39.400000000000006	0.000106
39.400000000000006	0.00018879999999999998
39.400000000000006	0.00025
39.5	0.0001058
39.5	0.00018859999999999998
39.5	0.00025
39.6	0.0001054
39.6	0.00018839999999999997
39.6	0.00025
39.7	0.0001052
39.7	0.00018839999999999997
39.7	0.00025
39.8	0.00010479999999999999
39.8	0.0001882
39.8	0.00025
39.9	0.00010460000000000001
39.9	0.0001882
39.9	0.00025
40.	0.0001042
40.	0.000188
40.	0.00025