10.	0.0010022
10.	0.0010542
10.	0.0010999999999999998
10.1	0.0010012
10.1	0.0010538
10.1	0.0010999999999999998
10.2	0.0010002000000000001
10.2	0.0010534
10.2	0.0010999999999999998
10.3	0.0009994000000000001
10.3	0.0010530000000000001
10.3	0.0010999999999999998
10.4	0.0009984
10.4	0.0010525999999999999
10.4	0.0010999999999999998
10.5	0.0009973999999999998
10.5	0.0010522
10.5	0.0010999999999999998
10.6	0.0009964000000000002
10.6	0.0010517999999999999
10.6	0.0010999999999999998
10.700000000000001	0.0009956000000000001
10.700000000000001	0.0010514
10.700000000000001	0.0010999999999999998
10.8	0.0009946
10.8	0.0010509999999999999
10.8	0.0010999999999999998
10.9	0.0009935999999999999
10.9	0.0010506
10.9	0.0010999999999999998
11.	0.0009926000000000002
11.	0.0010502
11.	0.0010999999999999998
11.100000000000001	0.0009918
11.100000000000001	0.0010496
11.100000000000001	0.0010999999999999998
11.2	0.0009908
11.2	0.0010492
11.2	0.0010999999999999998
11.299999999999999	0.0009898
11.299999999999999	0.0010488000000000001
11.299999999999999	0.0010999999999999998
11.399999999999999	0.0009888
11.399999999999999	0.0010484000000000001
11.399999999999999	0.0010999999999999998
11.5	0.0009880000000000002
11.5	0.0010479999999999999
11.5	0.0010999999999999998
11.6	0.000987
11.6	0.0010476
11.6	0.0010999999999999998
11.7	0.000986
11.7	0.0010472
11.7	0.0010999999999999998
11.799999999999999	0.000985
11.799999999999999	0.0010468
11.799999999999999	0.0010999999999999998
11.9	0.0009842
11.9	0.0010463999999999998
11.9	0.0010999999999999998
12.	0.0009832
12.	0.001046
12.	0.0010999999999999998
12.1	0.0009822000000000001
12.1	0.0010455999999999998
12.1	0.0010999999999999998
12.2	0.0009812
12.2	0.0010452
12.2	0.0010999999999999998
12.3	0.0009804000000000002
12.3	0.0010448
12.3	0.0010999999999999998
12.4	0.0009794
12.4	0.0010444
12.4	0.0010999999999999998
12.5	0.0009784
12.5	0.001044
12.5	0.0010999999999999998
12.6	0.0009776
12.6	0.0010436
12.6	0.0010999999999999998
12.700000000000001	0.0009766
12.700000000000001	0.0010432
12.700000000000001	0.0010999999999999998
12.8	0.0009756
12.8	0.0010428
12.8	0.0010999999999999998
12.9	0.0009748
12.9	0.0010424000000000002
12.9	0.0010999999999999998
13.	0.0009737999999999999
13.	0.001042
13.	0.0010999999999999998
13.100000000000001	0.0009728
13.100000000000001	0.0010416000000000002
13.100000000000001	0.0010999999999999998
13.2	0.0009717999999999999
13.2	0.0010412
13.2	0.0010999999999999998
13.299999999999999	0.000971
13.299999999999999	0.0010408
13.299999999999999	0.0010999999999999998
13.399999999999999	0.0009699999999999999
13.399999999999999	0.0010404
13.399999999999999	0.0010999999999999998
13.5	0.000969
13.5	0.0010400000000000001
13.5	0.0010999999999999998
13.6	0.0009682
13.6	0.0010396
13.6	0.0010999999999999998
13.7	0.0009672
13.7	0.0010392
13.7	0.0010999999999999998
13.799999999999999	0.0009662
13.799999999999999	0.0010387999999999999
13.799999999999999	0.0010999999999999998
13.9	0.0009653999999999999
13.9	0.0010384
13.9	0.0010999999999999998
14.	0.0009644
14.	0.0010379999999999999
14.	0.0010999999999999998
14.1	0.0009633999999999999
14.1	0.0010376
14.1	0.0010999999999999998
14.2	0.0009625999999999999
14.2	0.0010372
14.2	0.0010999999999999998
14.3	0.0009616
14.3	0.0010368
14.3	0.0010999999999999998
14.4	0.0009607999999999999
14.4	0.0010363999999999998
14.4	0.0010999999999999998
14.5	0.0009597999999999999
14.5	0.001036
14.5	0.0010999999999999998
14.6	0.0009587999999999999
14.6	0.0010355999999999998
14.6	0.0010999999999999998
14.700000000000001	0.000958
14.700000000000001	0.0010352
14.700000000000001	0.0010999999999999998
14.8	0.000957
14.8	0.0010348
14.8	0.0010999999999999998
14.9	0.0009559999999999999
14.9	0.0010344
14.9	0.0010999999999999998
15.	0.0009552
15.	0.001034
15.	0.0010999999999999998
15.100000000000001	0.0009541999999999999
15.100000000000001	0.0010336
15.100000000000001	0.0010999999999999998
15.2	0.0009534
15.2	0.0010332
15.2	0.0010999999999999998
15.299999999999999	0.0009524
15.299999999999999	0.0010328
15.299999999999999	0.0010999999999999998
15.399999999999999	0.0009514
15.399999999999999	0.0010324000000000002
15.399999999999999	0.0010999999999999998
15.5	0.0009506
15.5	0.001032
15.5	0.0010999999999999998
15.600000000000001	0.0009495999999999999
15.600000000000001	0.0010316000000000001
15.600000000000001	0.0010999999999999998
15.700000000000001	0.0009486
15.700000000000001	0.0010312
15.700000000000001	0.0010999999999999998
15.8	0.0009477999999999999
15.8	0.0010308000000000001
15.8	0.0010999999999999998
15.900000000000002	0.0009467999999999999
15.900000000000002	0.0010304
15.900000000000002	0.0010999999999999998
16.	0.000946
16.	0.00103
16.	0.0010999999999999998
16.1	0.0009449999999999999
16.1	0.0010295999999999999
16.1	0.0010999999999999998
16.2	0.0009442
16.2	0.0010294000000000002
16.2	0.0010999999999999998
16.3	0.0009431999999999999
16.3	0.001029
16.3	0.0010999999999999998
16.4	0.0009422
16.4	0.0010286000000000002
16.4	0.0010999999999999998
16.5	0.0009413999999999999
16.5	0.0010282
16.5	0.0010999999999999998
16.599999999999998	0.0009404
16.599999999999998	0.0010278
16.599999999999998	0.0010999999999999998
16.7	0.0009396
16.7	0.0010274
16.7	0.0010999999999999998
16.8	0.0009385999999999999
16.8	0.0010270000000000001
16.8	0.0010999999999999998
16.900000000000002	0.0009377999999999999
16.900000000000002	0.0010266
16.900000000000002	0.0010999999999999998
17.	0.0009368
17.	0.0010262000000000001
17.	0.0010999999999999998
17.1	0.000936
17.1	0.0010257999999999999
17.1	0.0010999999999999998
17.2	0.000935
17.2	0.0010254
17.2	0.0010999999999999998
17.3	0.0009339999999999999
17.3	0.0010252
17.3	0.0010999999999999998
17.4	0.0009332
17.4	0.0010248
17.4	0.0010999999999999998
17.5	0.0009321999999999999
17.5	0.0010244
17.5	0.0010999999999999998
17.6	0.0009314
17.6	0.0010240000000000002
17.6	0.0010999999999999998
17.700000000000003	0.0009304
17.700000000000003	0.0010236
17.700000000000003	0.0010999999999999998
17.8	0.0009295999999999999
17.8	0.0010232
17.8	0.0010999999999999998
17.900000000000002	0.0009285999999999999
17.900000000000002	0.0010228
17.900000000000002	0.0010999999999999998
18.	0.0009278
18.	0.0010224000000000001
18.	0.0010999999999999998
18.1	0.0009267999999999999
18.1	0.001022
18.1	0.0010999999999999998
18.2	0.000926
18.2	0.0010218
18.2	0.0010999999999999998
18.3	0.0009249999999999999
18.3	0.0010214
18.3	0.0010999999999999998
18.4	0.0009242
18.4	0.001021
18.4	0.0010999999999999998
18.5	0.0009231999999999999
18.5	0.0010206
18.5	0.0010999999999999998
18.599999999999998	0.0009224
18.599999999999998	0.0010202
18.599999999999998	0.0010999999999999998
18.7	0.0009214
18.7	0.0010198
18.7	0.0010999999999999998
18.8	0.0009205999999999999
18.8	0.0010194000000000002
18.8	0.0010999999999999998
18.900000000000002	0.0009195999999999999
18.900000000000002	0.0010192
18.900000000000002	0.0010999999999999998
19.	0.0009188
19.	0.0010188
19.	0.0010999999999999998
19.1	0.000918
19.1	0.0010184
19.1	0.0010999999999999998
19.200000000000003	0.000917
19.200000000000003	0.0010179999999999998
19.200000000000003	0.0010999999999999998
19.300000000000004	0.0009161999999999999
19.300000000000004	0.0010176
19.300000000000004	0.0010999999999999998
19.400000000000002	0.0009152
19.400000000000002	0.0010172
19.400000000000002	0.0010999999999999998
19.500000000000004	0.0009143999999999999
19.500000000000004	0.0010168
19.500000000000004	0.0010999999999999998
19.6	0.0009134
19.6	0.0010165999999999999
19.6	0.0010999999999999998
19.700000000000003	0.0009126
19.700000000000003	0.0010161999999999999
19.700000000000003	0.0010999999999999998
19.8	0.0009115999999999999
19.8	0.0010158
19.8	0.0010999999999999998
19.900000000000002	0.0009108
19.900000000000002	0.0010154
19.900000000000002	0.0010999999999999998
20.	0.00091
20.	0.0010149999999999998
20.	0.0010999999999999998
20.1	0.000909
20.1	0.0010148
20.1	0.0010999999999999998
20.2	0.0009082
20.2	0.0010144
20.2	0.0010999999999999998
20.3	0.0009071999999999999
20.3	0.0010140000000000001
20.3	0.0010999999999999998
20.4	0.0009063999999999999
20.4	0.0010136
20.4	0.0010999999999999998
20.5	0.0009054
20.5	0.0010132000000000001
20.5	0.0010999999999999998
20.599999999999998	0.0009046
20.599999999999998	0.0010128
20.599999999999998	0.0010999999999999998
20.7	0.0009038
20.7	0.0010126
20.7	0.0010999999999999998
20.8	0.0009027999999999999
20.8	0.0010122
20.8	0.0010999999999999998
20.900000000000002	0.000902
20.900000000000002	0.0010118
20.900000000000002	0.0010999999999999998
21.	0.0009009999999999999
21.	0.0010114
21.	0.0010999999999999998
21.1	0.0009002
21.1	0.0010110000000000002
21.1	0.0010999999999999998
21.200000000000003	0.0008994
21.200000000000003	0.0010108
21.200000000000003	0.0010999999999999998
21.300000000000004	0.0008983999999999999
21.300000000000004	0.0010103999999999998
21.300000000000004	0.0010999999999999998
21.400000000000002	0.0008975999999999999
21.400000000000002	0.00101
21.400000000000002	0.0010999999999999998
21.500000000000004	0.0008968
21.500000000000004	0.0010095999999999998
21.500000000000004	0.0010999999999999998
21.6	0.0008957999999999999
21.6	0.0010094000000000001
21.6	0.0010999999999999998
21.700000000000003	0.000895
21.700000000000003	0.001009
21.700000000000003	0.0010999999999999998
21.8	0.0008941999999999999
21.8	0.0010086000000000001
21.8	0.0010999999999999998
21.900000000000002	0.0008931999999999999
21.900000000000002	0.0010082000000000001
21.900000000000002	0.0010999999999999998
22.	0.0008924
22.	0.0010078
22.	0.0010999999999999998
22.1	0.0008914
22.1	0.0010076
22.1	0.0010999999999999998
22.2	0.0008906
22.2	0.0010072
22.2	0.0010999999999999998
22.3	0.0008897999999999999
22.3	0.0010068
22.3	0.0010999999999999998
22.4	0.0008887999999999999
22.4	0.0010064000000000002
22.4	0.0010999999999999998
22.5	0.0008879999999999999
22.5	0.0010062
22.5	0.0010999999999999998
22.599999999999998	0.0008872
22.599999999999998	0.0010058
22.599999999999998	0.0010999999999999998
22.7	0.0008864
22.7	0.0010054
22.7	0.0010999999999999998
22.8	0.0008853999999999999
22.8	0.0010049999999999998
22.8	0.0010999999999999998
22.900000000000002	0.0008845999999999999
22.900000000000002	0.0010048
22.900000000000002	0.0010999999999999998
23.	0.0008838
23.	0.0010044
23.	0.0010999999999999998
23.1	0.0008827999999999999
23.1	0.0010040000000000001
23.1	0.0010999999999999998
23.200000000000003	0.000882
23.200000000000003	0.0010035999999999999
23.200000000000003	0.0010999999999999998
23.300000000000004	0.0008812
23.300000000000004	0.0010034
23.300000000000004	0.0010999999999999998
23.400000000000002	0.0008801999999999999
23.400000000000002	0.001003
23.400000000000002	0.0010999999999999998
23.500000000000004	0.0008794
23.500000000000004	0.0010026
23.500000000000004	0.0010999999999999998
23.6	0.0008786
23.6	0.0010022
23.6	0.0010999999999999998
23.700000000000003	0.0008778
23.700000000000003	0.0010019999999999999
23.700000000000003	0.0010999999999999998
23.8	0.0008768
23.8	0.0010016
23.8	0.0010999999999999998
23.900000000000002	0.0008759999999999999
23.900000000000002	0.0010012
23.900000000000002	0.0010999999999999998
24.	0.0008751999999999999
24.	0.0010008
24.	0.0010999999999999998
24.1	0.0008744
24.1	0.0010006
24.1	0.0010999999999999998
24.2	0.0008734
24.2	0.0010002000000000001
24.2	0.0010999999999999998
24.3	0.0008726
24.3	0.0009998
24.3	0.0010999999999999998
24.4	0.0008717999999999999
24.4	0.0009996000000000002
24.4	0.0010999999999999998
24.5	0.000871
24.5	0.0009992
24.5	0.0010999999999999998
24.599999999999998	0.0008699999999999999
24.599999999999998	0.0009988
24.599999999999998	0.0010999999999999998
24.7	0.0008692
24.7	0.0009984
24.7	0.0010999999999999998
24.8	0.0008684
24.8	0.0009982
24.8	0.0010999999999999998
24.900000000000002	0.0008676
24.900000000000002	0.0009978
24.900000000000002	0.0010999999999999998
25.	0.0008665999999999999
25.	0.0009973999999999998
25.	0.0010999999999999998
25.1	0.0008657999999999999
25.1	0.0009972
25.1	0.0010999999999999998
25.200000000000003	0.0008649999999999999
25.200000000000003	0.0009968
25.200000000000003	0.0010999999999999998
25.300000000000004	0.0008642
25.300000000000004	0.0009964000000000002
25.300000000000004	0.0010999999999999998
25.400000000000002	0.0008634
25.400000000000002	0.0009962
25.400000000000002	0.0010999999999999998
25.500000000000004	0.0008623999999999999
25.500000000000004	0.0009958
25.500000000000004	0.0010999999999999998
25.6	0.0008616
25.6	0.0009954
25.6	0.0010999999999999998
25.700000000000003	0.0008607999999999999
25.700000000000003	0.000995
25.700000000000003	0.0010999999999999998
25.8	0.00086
25.8	0.0009948000000000001
25.8	0.0010999999999999998
25.900000000000002	0.0008592
25.900000000000002	0.0009943999999999999
25.900000000000002	0.0010999999999999998
26.	0.0008583999999999999
26.	0.000994
26.	0.0010999999999999998
26.1	0.0008574
26.1	0.0009938
26.1	0.0010999999999999998
26.2	0.0008565999999999999
26.2	0.0009934000000000002
26.2	0.0010999999999999998
26.3	0.0008558
26.3	0.000993
26.3	0.0010999999999999998
26.400000000000002	0.000855
26.400000000000002	0.0009928
26.400000000000002	0.0010999999999999998
26.500000000000004	0.0008542
26.500000000000004	0.0009924
26.500000000000004	0.0010999999999999998
26.6	0.0008534
26.6	0.0009919999999999998
26.6	0.0010999999999999998
26.700000000000003	0.0008523999999999999
26.700000000000003	0.0009918
26.700000000000003	0.0010999999999999998
26.8	0.0008515999999999999
26.8	0.0009914
26.8	0.0010999999999999998
26.900000000000002	0.0008508
26.900000000000002	0.0009910000000000001
26.900000000000002	0.0010999999999999998
27.	0.00085
27.	0.0009908
27.	0.0010999999999999998
27.1	0.0008491999999999999
27.1	0.0009904
27.1	0.0010999999999999998
27.2	0.0008484
27.2	0.00099
27.2	0.0010999999999999998
27.3	0.0008475999999999999
27.3	0.0009898
27.3	0.0010999999999999998
27.4	0.0008468
27.4	0.0009894
27.4	0.0010999999999999998
27.5	0.0008458
27.5	0.0009892
27.5	0.0010999999999999998
27.6	0.0008449999999999999
27.6	0.0009888
27.6	0.0010999999999999998
27.700000000000003	0.0008442
27.700000000000003	0.0009884
27.700000000000003	0.0010999999999999998
27.8	0.0008433999999999999
27.8	0.0009882
27.8	0.0010999999999999998
27.900000000000002	0.0008426
27.900000000000002	0.0009878
27.900000000000002	0.0010999999999999998
28.	0.0008418
28.	0.0009873999999999998
28.	0.0010999999999999998
28.1	0.000841
28.1	0.0009872
28.1	0.0010999999999999998
28.2	0.0008401999999999999
28.2	0.0009868
28.2	0.0010999999999999998
28.3	0.0008392
28.3	0.0009864000000000001
28.3	0.0010999999999999998
28.400000000000002	0.0008383999999999999
28.400000000000002	0.0009862
28.400000000000002	0.0010999999999999998
28.500000000000004	0.0008376
28.500000000000004	0.0009858
28.500000000000004	0.0010999999999999998
28.6	0.0008366
28.6	0.0009854
28.6	0.0010999999999999998
28.700000000000003	0.0008355999999999999
28.700000000000003	0.0009851999999999999
28.700000000000003	0.0010999999999999998
28.8	0.0008345999999999999
28.8	0.0009847999999999999
28.8	0.0010999999999999998
28.900000000000002	0.0008336
28.900000000000002	0.0009843999999999999
28.900000000000002	0.0010999999999999998
29.	0.0008322
29.	0.000984
29.	0.0010999999999999998
29.1	0.0008307999999999999
29.1	0.0009835999999999998
29.1	0.0010999999999999998
29.200000000000003	0.0008293999999999999
29.200000000000003	0.000983
29.200000000000003	0.0010999999999999998
29.300000000000004	0.0008273999999999999
29.300000000000004	0.0009826000000000001
29.300000000000004	0.0010999999999999998
29.400000000000002	0.0008253999999999999
29.400000000000002	0.000982
29.400000000000002	0.0010999999999999998
29.500000000000004	0.0008227999999999999
29.500000000000004	0.0009812
29.500000000000004	0.0010998
29.6	0.0008198
29.6	0.0009804000000000002
29.6	0.0010998
29.700000000000003	0.0008161999999999999
29.700000000000003	0.0009794
29.700000000000003	0.0010998
29.8	0.000812
29.8	0.0009782
29.8	0.0010996
29.900000000000002	0.0008071999999999999
29.900000000000002	0.000977
29.900000000000002	0.0010994
30.000000000000004	0.0008012
30.000000000000004	0.0009754
30.000000000000004	0.0010992
30.1	0.0007944
30.1	0.0009733999999999999
30.1	0.0010990000000000002
30.200000000000003	0.0007865999999999999
30.200000000000003	0.0009712
30.200000000000003	0.0010988
30.300000000000004	0.0007773999999999999
30.300000000000004	0.0009688
30.300000000000004	0.0010984
30.400000000000002	0.0007671999999999999
30.400000000000002	0.000966
30.400000000000002	0.0010978
30.5	0.0007555999999999999
30.5	0.0009629999999999999
30.5	0.0010972
30.6	0.0007425999999999999
30.6	0.0009596
30.6	0.0010966
30.7	0.0007285999999999999
30.7	0.0009557999999999999
30.7	0.0010956
30.8	0.0007132
30.8	0.0009517999999999999
30.8	0.0010945999999999998
30.900000000000002	0.0006968
30.900000000000002	0.0009473999999999999
30.900000000000002	0.0010936
31.	0.0006796
31.	0.0009425999999999999
31.	0.0010922
31.1	0.0006616
31.1	0.0009373999999999999
31.1	0.0010906000000000002
31.200000000000003	0.0006434
31.200000000000003	0.0009316
31.200000000000003	0.0010886
31.3	0.0006248
31.3	0.0009256
31.3	0.0010866
31.400000000000002	0.0006064
31.400000000000002	0.0009188
31.400000000000002	0.0010842
31.500000000000004	0.0005886
31.500000000000004	0.0009113999999999999
31.500000000000004	0.0010814000000000002
31.6	0.0005712
31.6	0.0009034
31.6	0.0010784000000000002
31.700000000000003	0.0005548
31.700000000000003	0.0008944
31.700000000000003	0.0010748
31.800000000000004	0.0005396
31.800000000000004	0.0008845999999999999
31.800000000000004	0.001071
31.900000000000002	0.0005254
31.900000000000002	0.0008737999999999999
31.900000000000002	0.0010666
32.	0.0005126
32.	0.0008618
32.	0.001062
32.1	0.0005012
32.1	0.0008487999999999999
32.1	0.0010568
32.2	0.0004912
32.2	0.0008345999999999999
32.2	0.0010514
32.3	0.0004824
32.3	0.0008194
32.3	0.0010454000000000001
32.4	0.00047480000000000005
32.4	0.0008029999999999999
32.4	0.001039
32.5	0.0004684
32.5	0.0007858
32.5	0.0010322
32.6	0.000463
32.6	0.0007676
32.6	0.0010249999999999999
32.7	0.0004582
32.7	0.0007489999999999999
32.7	0.0010172
32.800000000000004	0.000454
32.800000000000004	0.00073
32.800000000000004	0.001009
32.900000000000006	0.0004502
32.900000000000006	0.0007109999999999999
32.900000000000006	0.0010002000000000001
33.00000000000001	0.0004466
33.00000000000001	0.0006925999999999999
33.00000000000001	0.0009908
33.10000000000001	0.00044320000000000004
33.10000000000001	0.0006747999999999999
33.10000000000001	0.0009805999999999999
33.2	0.00043939999999999995
33.2	0.000658
33.2	0.0009695999999999999
33.300000000000004	0.0004354
33.300000000000004	0.0006426
33.300000000000004	0.0009578
33.400000000000006	0.00043119999999999996
33.400000000000006	0.000629
33.400000000000006	0.0009448
33.5	0.00042639999999999996
33.5	0.0006169999999999999
33.5	0.000931
33.6	0.0004214
33.6	0.0006066
33.6	0.0009159999999999999
33.7	0.0004162
33.7	0.0005982
33.7	0.0008998
33.8	0.000411
33.8	0.0005912
33.8	0.0008825999999999999
33.9	0.0004058
33.9	0.0005856
33.9	0.0008642
34.	0.0004008
34.	0.0005811999999999999
34.	0.0008447999999999999
34.1	0.000396
34.1	0.0005775999999999999
34.1	0.0008244
34.2	0.0003918
34.2	0.0005748
34.2	0.0008029999999999999
34.300000000000004	0.000388
34.300000000000004	0.0005724
34.300000000000004	0.0007811999999999999
34.400000000000006	0.0003846
34.400000000000006	0.0005704
34.400000000000006	0.0007589999999999999
34.50000000000001	0.00038139999999999995
34.50000000000001	0.0005681999999999999
34.50000000000001	0.0007367999999999999
34.60000000000001	0.0003784
34.60000000000001	0.000566
34.60000000000001	0.0007149999999999999
34.7	0.00037580000000000003
34.7	0.0005632
34.7	0.000694
34.800000000000004	0.00037299999999999996
34.800000000000004	0.0005596
34.800000000000004	0.0006744
34.900000000000006	0.00037
34.900000000000006	0.0005549999999999999
34.900000000000006	0.0006568
35.	0.00036700000000000003
35.	0.0005488
35.	0.000642
35.1	0.0003634
35.1	0.0005412
35.1	0.0006301999999999999
35.2	0.0003594
35.2	0.0005321999999999999
35.2	0.0006214
35.3	0.0003548
35.3	0.0005224
35.3	0.000615
35.4	0.0003496
35.4	0.0005128
35.4	0.0006106
35.5	0.000344
35.5	0.000504
35.5	0.0006076
35.6	0.00033779999999999997
35.6	0.000496
35.6	0.0006054000000000001
35.7	0.00033140000000000003
35.7	0.0004892000000000001
35.7	0.0006039999999999999
35.800000000000004	0.000325
35.800000000000004	0.0004834
35.800000000000004	0.0006028
35.900000000000006	0.0003186
35.900000000000006	0.0004788
35.900000000000006	0.000602
36.00000000000001	0.0003126
36.00000000000001	0.00047480000000000005
36.00000000000001	0.0006014
36.10000000000001	0.0003068
36.10000000000001	0.0004718
36.10000000000001	0.000601
36.2	0.0003016
36.2	0.0004694
36.2	0.0006008
36.300000000000004	0.0002968
36.300000000000004	0.00046740000000000003
36.300000000000004	0.0006006
36.400000000000006	0.00029240000000000006
36.400000000000006	0.00046560000000000004
36.400000000000006	0.0006004
36.5	0.0002886
36.5	0.0004644
36.5	0.0006002000000000001
36.6	0.0002854
36.6	0.0004632
36.6	0.0006002000000000001
36.7	0.00028240000000000003
36.7	0.00046239999999999996
36.7	0.0006002000000000001
36.8	0.00028
36.8	0.00046160000000000005
36.8	0.0006002000000000001
36.9	0.00027780000000000003
36.9	0.000461
36.9	0.0006000000000000001
37.	0.0002758
37.	0.0004604
37.	0.0006000000000000001
37.1	0.0002742
37.1	0.00046
37.1	0.0006000000000000001
37.2	0.0002728
37.2	0.0004596
37.2	0.0006000000000000001
37.300000000000004	0.0002714
37.300000000000004	0.0004592
37.300000000000004	0.0006000000000000001
37.400000000000006	0.0002702
37.400000000000006	0.0004588
37.400000000000006	0.0006000000000000001
37.50000000000001	0.0002692
37.50000000000001	0.00045840000000000003
37.50000000000001	0.0006000000000000001
37.60000000000001	0.0002682
37.60000000000001	0.0004582
37.60000000000001	0.0006000000000000001
37.7	0.0002672
37.7	0.00045780000000000007
37.7	0.0006000000000000001
37.800000000000004	0.00026639999999999997
37.800000000000004	0.0004574
37.800000000000004	0.0006000000000000001
37.900000000000006	0.0002656
37.900000000000006	0.00045719999999999995
37.900000000000006	0.0006000000000000001
38.	0.00026480000000000004
38.	0.0004568
38.	0.0006000000000000001
38.1	0.000264
38.1	0.0004566
38.1	0.0006000000000000001
38.2	0.0002632
38.2	0.00045640000000000003
38.2	0.0006000000000000001
38.3	0.0002624
38.3	0.000456
38.3	0.0006000000000000001
38.4	0.00026159999999999996
38.4	0.0004558
38.4	0.0006000000000000001
38.5	0.00026100000000000006
38.5	0.0004554
38.5	0.0006000000000000001
38.6	0.00026020000000000004
38.6	0.0004552
38.6	0.0006000000000000001
38.7	0.0002594
38.7	0.0004548
38.7	0.0006000000000000001
38.800000000000004	0.0002588
38.800000000000004	0.0004546
38.800000000000004	0.0006000000000000001
38.900000000000006	0.000258
38.900000000000006	0.0004542
38.900000000000006	0.0006000000000000001
39.00000000000001	0.00025719999999999996
39.00000000000001	0.000454
39.00000000000001	0.0006000000000000001
39.10000000000001	0.00025659999999999995
39.10000000000001	0.00045379999999999997
39.10000000000001	0.0006000000000000001
39.2	0.00025580000000000004
39.2	0.00045339999999999996
39.2	0.0006000000000000001
39.300000000000004	0.0002552
39.300000000000004	0.00045319999999999996
39.300000000000004	0.0006000000000000001
39.400000000000006	0.0002544
39.400000000000006	0.0004528
39.400000000000006	0.0006000000000000001
39.5	0.0002536
39.5	0.00045260000000000005
39.5	0.0006000000000000001
39.6	0.00025299999999999997
39.6	0.00045239999999999994
39.6	0.0006000000000000001
39.7	0.00025220000000000006
39.7	0.000452
39.7	0.0006000000000000001
39.8	0.00025160000000000004
39.8	0.0004517999999999999
39.8	0.0006000000000000001
39.9	0.00025079999999999997
39.9	0.0004514
39.9	0.0006000000000000001
40.	0.0002502
40.	0.0004512
40.	0.0006000000000000001