0.10274200709863743
0.102746428960808
0.10275085395303893
0.10275528207642558
0.10275971333206423
0.10276414772105202
0.10276858524448702
0.10277302590346825
0.10277746969909549
0.10278191663246955
0.10278636670469207
0.10279081991686564
0.10279527627009372
0.10279973576548065
0.10280419840413174
0.10280866418715309
0.10281313311565184
0.1028176051907359
0.10282208041351412
0.1028265587850963
0.10283104030659312
0.10283552497911612
0.10284001280377773
0.10284450378169137
0.10284899791397129
0.10285349520173262
0.10285799564609145
0.10286249924816475
0.10286700600907035
0.10287151592992706
0.10287602901185453
0.1028805452559733
0.10288506466340484
0.10288958723527153
0.10289411297269661
0.10289864187680428
0.10290317394871956
0.10290770918956844
0.10291224760047779
0.10291678918257534
0.10292133393698977
0.10292588186485066
0.10293043296728845
0.1029349872454345
0.10293954470042109
0.1029441053333814
0.10294866914544944
0.10295323613776021
0.10295780631144956
0.10296237966765427
0.10296695620751198
0.10297153593216124
0.10297611884274156
0.10298070494039328
0.10298529422625764
0.10298988670147684
0.10299448236719391
0.10299908122455283
0.10300368327469844
0.10300828851877655
0.10301289695793377
0.10301750859331768
0.10302212342607678
0.10302674145736035
0.10303136268831872
0.10303598712010305
0.10304061475386536
0.10304524559075864
0.10304987963193674
0.10305451687855445
0.10305915733176739
0.10306380099273216
0.1030684478626062
0.10307309794254786
0.10307775123371642
0.10308240773727204
0.10308706745437578
0.1030917303861896
0.10309639653387637
0.10310106589859984
0.10310573848152467
0.10311041428381641
0.10311509330664156
0.10311977555116747
0.10312446101856236
0.10312914970999543
0.10313384162663673
0.10313853676965722
0.10314323514022877
0.10314793673952413
0.10315264156871697
0.10315734962898182
0.10316206092149419
0.10316677544743041
0.10317149320796776
0.10317621420428437
0.10318093843755934
0.10318566590897259
0.10319039661970499
0.10319513057093832
0.10319986776385523
0.1032046081996393
0.10320935187947494
0.10321409880454757
0.1032188489760434
0.1032236023951496
0.10322835906305428
0.10323311898094634
0.10323788215001566
0.103242648571453
0.10324741824645003
0.1032521911761993
0.10325696736189427
0.10326174680472928
0.10326652950589965
0.10327131546660148
0.10327610468803186
0.10328089717138873
0.10328569291787097
0.10329049192867831
0.10329529420501145
0.10330009974807192
0.10330490855906219
0.1033097206391856
0.10331453598964645
0.10331935461164986
0.10332417650640191
0.10332900167510957
0.10333383011898066
0.10333866183922398
0.10334349683704916
0.10334833511366678
0.10335317667028829
0.10335802150812604
0.1033628696283933
0.10336772103230424
0.10337257572107389
0.10337743369591823
0.10338229495805412
0.1033871595086993
0.10339202734907245
0.10339689848039312
0.10340177290388176
0.10340665062075974
0.10341153163224932
0.10341641593957364
0.10342130354395676
0.10342619444662368
0.10343108864880023
0.10343598615171315
0.10344088695659011
0.1034457910646597
0.10345069847715133
0.10345560919529538
0.1034605232203231
0.10346544055346668
0.10347036119595913
0.10347528514903445
0.10348021241392749
0.10348514299187397
0.10349007688411059
0.10349501409187488
0.10349995461640533
0.10350489845894126
0.10350984562072295
0.10351479610299158
0.10351974990698914
0.10352470703395865
0.10352966748514397
0.1035346312617898
0.10353959836514183
0.10354456879644663
0.10354954255695165
0.10355451964790524
0.10355950007055664
0.10356448382615606
0.10356947091595452
0.10357446134120397
0.10357945510315728
0.10358445220306821
0.10358945264219141
0.10359445642178244
0.10359946354309778
0.10360447400739473
0.10360948781593159
0.1036145049699675
0.10361952547076256
0.10362454931957765
0.10362957651767467
0.10363460706631641
0.10363964096676646
0.1036446782202894
0.10364971882815072
0.10365476279161673
0.10365981011195471
0.10366486079043281
0.10366991482832011
0.10367497222688654
0.10368003298740293
0.1036850971111411
0.10369016459937368
0.10369523545337418
0.10370030967441712
0.10370538726377784
0.10371046822273257
0.1037155525525585
0.10372064025453366
0.10372573132993701
0.10373082578004841
0.10373592360614863
0.10374102480951931
0.10374612939144301
0.10375123735320317
0.10375634869608419
0.10376146342137127
0.10376658153035058
0.10377170302430921
0.1037768279045351
0.10378195617231706
0.10378708782894491
0.10379222287570927
0.10379736131390171
0.10380250314481466
0.1038076483697415
0.10381279698997649
0.10381794900681475
0.10382310442155238
0.1038282632354863
0.10383342544991439
0.10383859106613538
0.10384376008544896
0.10384893250915564
0.10385410833855689
0.10385928757495509
0.10386447021965349
0.1038696562739562
0.10387484573916833
0.1038800386165958
0.10388523490754548
0.10389043461332512
0.10389563773524335
0.10390084427460979
0.10390605423273482
0.10391126761092984
0.10391648441050709
0.10392170463277972
0.1039269282790618
0.10393215535066828
0.10393738584891499
0.1039426197751187
0.10394785713059708
0.10395309791666867
0.10395834213465291
0.10396358978587017
0.10396884087164172
0.10397409539328968
0.10397935335213712
0.10398461474950799
0.10398987958672717
0.10399514786512036
0.10400041958601426
0.10400569475073641
0.10401097336061525
0.10401625541698013
0.10402154092116135
0.10402682987449002
0.1040321222782982
0.10403741813391884
0.10404271744268583
0.10404802020593386
0.10405332642499862
0.10405863610121668
0.10406394923592546
0.10406926583046333
0.10407458588616954
0.10407990940438425
0.10408523638644848
0.10409056683370423
0.10409590074749434
0.10410123812916253
0.10410657898005349
0.10411192330151273
0.10411727109488678
0.1041226223615229
0.1041279771027694
0.10413333531997544
0.10413869701449104
0.10414406218766717
0.10414943084085565
0.10415480297540929
0.1041601785926817
0.10416555769402744
0.10417094028080197
0.10417632635436164
0.10418171591606369
0.1041871089672663
0.10419250550932849
0.10419790554361022
0.10420330907147235
0.10420871609427665
0.10421412661338574
0.10421954063016317
0.10422495814597343
0.10423037916218182
0.10423580368015464
0.10424123170125901
0.104246663226863
0.10425209825833556
0.10425753679704652
0.10426297884436667
0.10426842440166761
0.10427387347032192
0.10427932605170306
0.1042847821471854
0.10429024175814412
0.10429570488595544
0.10430117153199639
0.10430664169764489
0.10431211538427984
0.10431759259328097
0.10432307332602893
0.10432855758390526
0.10433404536829242
0.10433953668057379
0.10434503152213358
0.10435052989435693
0.10435603179862996
0.10436153723633955
0.10436704620887358
0.10437255871762079
0.10437807476397086
0.10438359434931431
0.10438911747504259
0.10439464414254807
0.10440017435322399
0.10440570810846449
0.10441124540966464
0.10441678625822039
0.10442233065552857
0.10442787860298694
0.10443343010199416
0.10443898515394975
0.10444454376025422
0.10445010592230887
0.10445567164151595
0.10446124091927862
0.10446681375700094
0.10447239015608785
0.10447797011794521
0.10448355364397975
0.10448914073559915
0.10449473139421192
0.10450032562122755
0.10450592341805634
0.1045115247861096
0.10451712972679944
0.10452273824153892
0.10452835033174199
0.1045339659988235
0.10453958524419919
0.10454520806928572
0.10455083447550063
0.1045564644642624
0.10456209803699032
0.10456773519510469
0.10457337594002664
0.10457902027317822
0.10458466819598237
0.10459031970986299
0.10459597481624476
0.10460163351655336
0.10460729581221533
0.10461296170465814
0.1046186311953101
0.10462430428560052
0.10462998097695947
0.10463566127081805
0.10464134516860822
0.10464703267176281
0.10465272378171554
0.1046584184999011
0.10466411682775502
0.10466981876671376
0.10467552431821464
0.10468123348369593
0.10468694626459679
0.10469266266235724
0.10469838267841826
0.10470410631422167
0.10470983357121022
0.10471556445082758
0.10472129895451829
0.10472703708372777
0.1047327788399024
0.10473852422448943
0.104744273238937
0.10475002588469412
0.1047557821632108
0.10476154207593787
0.10476730562432703
0.10477307280983099
0.10477884363390326
0.10478461809799831
0.10479039620357149
0.104796177952079
0.10480196334497804
0.10480775238372665
0.10481354506978376
0.10481934140460922
0.10482514138966378
0.10483094502640909
0.1048367523163077
0.10484256326082306
0.1048483778614195
0.10485419611956227
0.10486001803671753
0.10486584361435235
0.1048716728539346
0.10487750575693319
0.10488334232481787
0.10488918255905925
0.1048950264611289
0.10490087403249929
0.10490672527464369
0.10491258018903642
0.10491843877715258
0.10492430104046827
0.10493016698046038
0.10493603659860679
0.10494190989638624
0.10494778687527838
0.10495366753676375
0.10495955188232378
0.10496543991344086
0.10497133163159816
0.10497722703827991
0.10498312613497113
0.10498902892315774
0.1049949354043266
0.10500084557996545
0.10500675945156299
0.10501267702060868
0.105018598288593
0.10502452325700733
0.10503045192734388
0.10503638430109578
0.10504232037975714
0.10504826016482284
0.10505420365778875
0.10506015086015164
0.10506610177340911
0.10507205639905973
0.10507801473860293
0.10508397679353909
0.10508994256536942
0.10509591205559608
0.10510188526572212
0.10510786219725148
0.10511384285168901
0.10511982723054043
0.10512581533531241
0.1051318071675125
0.10513780272864913
0.10514380202023163
0.1051498050437703
0.10515581180077621
0.10516182229276147
0.10516783652123901
0.10517385448772262
0.10517987619372712
0.10518590164076812
0.10519193083036217
0.1051979637640267
0.10520400044328006
0.10521004086964153
0.1052160850446312
0.10522213296977015
0.10522818464658032
0.10523424007658454
0.10524029926130656
0.10524636220227103
0.10525242890100349
0.1052584993590304
0.10526457357787905
0.10527065155907776
0.10527673330415563
0.1052828188146427
0.10528890809206994
0.10529500113796916
0.10530109795387313
0.1053071985413155
0.1053133029018308
0.10531941103695446
0.10532552294822284
0.1053316386371732
0.10533775810534364
0.10534388135427322
0.10535000838550192
0.10535613920057056
0.10536227380102085
0.10536841218839547
0.10537455436423798
0.10538070033009277
0.10538685008750523
0.10539300363802157
0.10539916098318897
0.10540532212455543
0.10541148706366991
0.1054176558020823
0.10542382834134327
0.10543000468300448
0.1054361848286185
0.10544236877973877
0.10544855653791961
0.10545474810471628
0.10546094348168493
0.10546714267038257
0.10547334567236717
0.10547955248919758
0.1054857631224335
0.10549197757363561
0.10549819584436544
0.10550441793618547
0.10551064385065897
0.10551687358935022
0.10552310715382439
0.10552934454564747
0.10553558576638644
0.10554183081760912
0.10554807970088428
0.10555433241778152
0.10556058896987142
0.10556684935872541
0.10557311358591583
0.1055793816530159
0.10558565356159981
0.10559192931324257
0.10559820890952011
0.1056044923520093
0.10561077964228789
0.10561707078193447
0.10562336577252862
0.10562966461565079
0.10563596731288231
0.10564227386580541
0.10564858427600322
0.10565489854505984
0.10566121667456015
0.10566753866609001
0.10567386452123617
0.10568019424158627
0.10568652782872885
0.10569286528425333
0.1056992066097501
0.10570555180681035
0.10571190087702624
0.10571825382199083
0.10572461064329804
0.10573097134254271
0.10573733592132058
0.1057437043812283
0.10575007672386341
0.10575645295082435
0.10576283306371047
0.10576921706412197
0.10577560495366004
0.1057819967339267
0.10578839240652489
0.10579479197305845
0.10580119543513211
0.10580760279435154
0.10581401405232325
0.10582042921065471
0.10582684827095423
0.10583327123483106
0.10583969810389536
0.10584612887975814
0.10585256356403137
0.10585900215832786
0.10586544466426136
0.10587189108344654
0.10587834141749888
0.10588479566803487
0.10589125383667182
0.10589771592502802
0.10590418193472254
0.10591065186737546
0.10591712572460774
0.10592360350804114
0.10593008521929848
0.10593657086000337
0.10594306043178037
0.10594955393625487
0.10595605137505323
0.10596255274980274
0.10596905806213147
0.1059755673136685
0.10598208050604377
0.10598859764088808
0.1059951187198332
0.10600164374451178
0.10600817271655733
0.1060147056376043
0.10602124250928803
0.1060277833332448
0.10603432811111166
0.10604087684452672
0.10604742953512888
0.10605398618455801
0.10606054679445483
0.10606711136646099
0.10607367990221904
0.10608025240337236
0.10608682887156536
0.10609340930844324
0.10609999371565212
0.10610658209483909
0.10611317444765206
0.10611977077573989
0.10612637108075226
0.10613297536433987
0.10613958362815423
0.1061461958738478
0.10615281210307388
0.10615943231748674
0.10616605651874152
0.10617268470849424
0.10617931688840183
0.10618595306012217
0.10619259322531395
0.10619923738563682
0.10620588554275134
0.10621253769831893
0.10621919385400193
0.10622585401146357
0.10623251817236803
0.10623918633838028
0.10624585851116632
0.10625253469239293
0.10625921488372789
0.10626589908683984
0.10627258730339827
0.10627927953507367
0.10628597578353735
0.10629267605046157
0.10629938033751944
0.106306088646385
0.10631280097873319
0.10631951733623984
0.10632623772058174
0.10633296213343646
0.10633969057648257
0.1063464230513995
0.10635315955986759
0.10635990010356806
0.10636664468418307
0.10637339330339565
0.10638014596288972
0.10638690266435015
0.10639366340946266
0.10640042819991385
0.10640719703739132
0.10641396992358346
0.10642074686017965
0.10642752784887007
0.10643431289134589
0.10644110198929917
0.10644789514442278
0.10645469235841061
0.10646149363295739
0.10646829896975873
0.10647510837051119
0.1064819218369122
0.10648873937066011
0.10649556097345413
0.10650238664699438
0.10650921639298196
0.10651605021311875
0.10652288810910762
0.10652973008265228
0.10653657613545738
0.10654342626922843
0.1065502804856719
0.10655713878649513
0.10656400117340634
0.10657086764811463
0.10657773821233009
0.10658461286776365
0.1065914916161271
0.10659837445913321
0.10660526139849563
0.10661215243592886
0.10661904757314836
0.10662594681187045
0.1066328501538124
0.10663975760069228
0.10664666915422917
0.10665358481614301
0.1066605045881546
0.1066674284719857
0.10667435646935895
0.10668128858199788
0.1066882248116269
0.10669516515997139
0.10670210962875755
0.10670905821971254
0.10671601093456436
0.10672296777504198
0.10672992874287521
0.10673689383979477
0.10674386306753234
0.10675083642782043
0.10675781392239249
0.10676479555298282
0.1067717813213267
0.10677877122916021
0.10678576527822042
0.10679276347024527
0.10679976580697358
0.10680677229014507
0.10681378292150041
0.1068207977027811
0.1068278166357296
0.10683483972208921
0.1068418669636042
0.10684889836201969
0.10685593391908171
0.10686297363653718
0.10687001751613398
0.1068770655596208
0.10688411776874727
0.10689117414526399
0.1068982346909223
0.10690529940747459
0.10691236829667407
0.10691944136027491
0.1069265186000321
0.1069336000177016
0.10694068561504023
0.10694777539380572
0.10695486935575671
0.10696196750265274
0.10696906983625426
0.10697617635832254
0.10698328707061988
0.10699040197490939
0.10699752107295508
0.1070046443665219
0.1070117718573757
0.1070189035472832
0.10702603943801202
0.10703317953133071
0.10704032382900869
0.10704747233281629
0.10705462504452476
0.10706178196590624
0.10706894309873372
0.10707610844478116
0.10708327800582339
0.10709045178363616
0.10709762977999607
0.10710481199668066
0.10711199843546841
0.10711918909813858
0.10712638398647142
0.10713358310224809
0.10714078644725063
0.10714799402326193
0.10715520583206585
0.1071624218754471
0.10716964215519134
0.10717686667308507
0.10718409543091575
0.10719132843047172
0.10719856567354218
0.10720580716191726
0.10721305289738803
0.10722030288174637
0.10722755711678515
0.10723481560429811
0.10724207834607984
0.1072493453439259
0.10725661659963272
0.10726389211499764
0.10727117189181885
0.10727845593189551
0.10728574423702768
0.10729303680901624
0.10730033364966304
0.10730763476077082
0.10731494014414321
0.10732224980158472
0.10732956373490081
0.1073368819458978
0.10734420443638291
0.10735153120816428
0.10735886226305096
0.10736619760285283
0.10737353722938076
0.10738088114444647
0.10738822934986261
0.10739558184744268
0.10740293863900112
0.10741029972635328
0.10741766511131536
0.1074250347957045
0.10743240878133875
0.10743978707003703
0.10744716966361915
0.10745455656390586
0.1074619477727188
0.10746934329188047
0.10747674312321431
0.10748414726854467
0.10749155572969678
0.10749896850849675
0.1075063856067716
0.1075138070263493
0.10752123276905864
0.10752866283672936
0.10753609723119212
0.1075435359542784
0.10755097900782068
0.10755842639365223
0.10756587811360736
0.10757333416952113
0.10758079456322958
0.10758825929656968
0.1075957283713792
0.10760320178949694
0.10761067955276246
0.10761816166301634
0.10762564812209999
0.10763313893185572
0.10764063409412682
0.10764813361075734
0.10765563748359235
0.10766314571447777
0.10767065830526044
0.1076781752577881
0.10768569657390933
0.10769322225547373
0.10770075230433167
0.10770828672233448
0.10771582551133443
0.10772336867318463
0.1077309162097391
0.10773846812285276
0.10774602441438147
0.10775358508618194
0.10776115014011178
0.10776871957802957
0.10777629340179468
0.10778387161326747
0.10779145421430916
0.10779904120678188
0.10780663259254865
0.10781422837347343
0.10782182855142101
0.10782943312825714
0.10783704210584845
0.10784465548606244
0.10785227327076757
0.10785989546183315
0.1078675220611294
0.10787515307052749
0.1078827884918994
0.10789042832711807
0.10789807257805735
0.10790572124659197
0.1079133743345975
0.10792103184395052
0.10792869377652847
0.10793636013420962
0.10794403091887322
0.10795170613239945
0.10795938577666928
0.10796706985356463
0.10797475836496837
0.1079824513127642
0.10799014869883675
0.10799785052507155
0.10800555679335505
0.10801326750557454
0.10802098266361825
0.10802870226937532
0.1080364263247358
0.10804415483159058
0.10805188779183149
0.10805962520735128
0.10806736708004355
0.10807511341180286
0.10808286420452459
0.10809061946010512
0.10809837918044163
0.10810614336743227
0.10811391202297607
0.10812168514897295
0.10812946274732373
0.10813724481993016
0.10814503136869483
0.10815282239552129
0.10816061790231395
0.10816841789097817
0.10817622236342014
0.108184031321547
0.1081918447672668
0.1081996627024884
0.10820748512912169
0.10821531204907738
0.10822314346426709
0.10823097937660334
0.10823881978799955
0.10824666470037007
0.10825451411563011
0.1082623680356958
0.10827022646248417
0.10827808939791315
0.10828595684390155
0.10829382880236907
0.10830170527523642
0.10830958626442502
0.10831747177185738
0.10832536179945677
0.10833325634914748
0.10834115542285455
0.10834905902250407
0.10835696715002295
0.108364879807339
0.10837279699638094
0.10838071871907844
0.10838864497736198
0.108396575773163
0.10840451110841381
0.10841245098504768
0.10842039540499868
0.10842834437020187
0.10843629788259317
0.10844425594410938
0.10845221855668824
0.1084601857222684
0.10846815744278936
0.10847613372019155
0.10848411455641628
0.1084920999534058
0.1085000899131032
0.10850808443745254
0.10851608352839873
0.10852408718788759
0.10853209541786585
0.10854010822028112