-0.0023000686306959913	-0.0023000259345156517	-0.0005241097215231785	-0.0004816432290986437
-0.002300062070414719	-0.002300021295996267	-0.0005243090135322455	-0.0004816984502274853
-0.0023000557238329897	-0.002300016750646301	-0.0005245085025478485	-0.00048175421617103364
-0.0023000495936065794	-0.002300012293484299	-0.0005247081911119646	-0.0004818105212736156
-0.002300043682395769	-0.0023000079195327045	-0.0005249080817659027	-0.0004818673598860762
-0.0023000379928653503	-0.0023000036238178573	-0.0005251081770503041	-0.00048192472636577856
-0.0023000325276846204	-0.0022999994013699946	-0.0005253084795051428	-0.00048198261507660396
-0.0023000272895273865	-0.002299995247223249	-0.0005255089916697243	-0.00048204102038895176
-0.0023000222810719614	-0.0022999911564156503	-0.0005257097160826868	-0.00048209993667973924
-0.002300017505001167	-0.0022999871239891266	-0.0005259106552820011	-0.00048215935833240207
-0.0023000129640023334	-0.0022999831449895007	-0.0005261118118049693	-0.00048221927973689384
-0.0023000086607672977	-0.0022999792144664925	-0.0005263131881882269	-0.00048227969528968624
-0.0023000045979924047	-0.00229997532747372	-0.0005265147869677408	-0.0004823405993937691
-0.0023000007783785083	-0.002299971479068697	-0.0005267166106788108	-0.00048240198645865053
-0.0022999972046309682	-0.002299967664312834	-0.0005269186618560683	-0.0004824638509003564
-0.002299993879459655	-0.002299963878271438	-0.0005271209430334778	-0.0004825261871414308
-0.0022999908055789434	-0.0022999601160137145	-0.0005273234567443351	-0.0004825889896109362
-0.0022999879857077184	-0.002299956372612763	-0.000527526205521269	-0.00048265225274445267
-0.0022999854225693728	-0.0022999526431455816	-0.0005277291918962404	-0.00048271597098407894
-0.002299983118891806	-0.0022999489226930648	-0.0005279324184005423	-0.00048278013877843133
-0.0022999810774074255	-0.0022999452063400044	-0.0005281358875648001	-0.0004828447505826446
-0.002299979300853148	-0.002299941489175088	-0.0005283396019189713	-0.0004829098008583715
-0.0022999777919703967	-0.0022999377662908994	-0.0005285435639923461	-0.0004829752840737828
-0.0022999765535051033	-0.002299934032783922	-0.0005287477763135464	-0.0004830411947035676
-0.0022999755882077066	-0.002299930283754532	-0.0005289522414105267	-0.00048310752722893275
-0.0022999748988331535	-0.0022999265143070057	-0.0005291569618105737	-0.00048317427613760357
-0.0022999744881408994	-0.0022999227195495157	-0.0005293619400403064	-0.0004832414359238232
-0.0022999743588949066	-0.002299918894594128	-0.000529567178625676	-0.0004833090010883532
-0.0022999745138636463	-0.0022999150345568097	-0.000529772680091966	-0.00048337696613847287
-0.0022999749558200965	-0.0022999111345574233	-0.0005299784469637922	-0.0004834453255879798
-0.0022999756875417437	-0.002299907189719726	-0.0005301844817651025	-0.00048351407395718965
-0.0022999767118105805	-0.0022999031951713746	-0.0005303907870191773	-0.0004835832057729362
-0.002299978031413111	-0.002299899146043921	-0.0005305973652486291	-0.00048365271556857135
-0.0022999796491403445	-0.002299895037472814	-0.0005308042189754028	-0.00048372259788396495
-0.0022999815677877977	-0.0022998908645974004	-0.0005310113507207755	-0.00048379284726550524
-0.0022999837901554964	-0.0022998866225609218	-0.0005312187630053567	-0.0004838634582660983
-0.0022999863190479738	-0.002299882306510518	-0.0005314264583490878	-0.00048393442544516834
-0.002299989157274271	-0.0022998779115972253	-0.0005316344392712428	-0.00048400574336865794
-0.0022999923076479373	-0.002299873432975976	-0.0005318427082904276	-0.00048407740660902734
-0.002299995772987029	-0.0022998688658056	-0.0005320512679245811	-0.0004841494097452553
-0.002299999556114111	-0.0022998642052488244	-0.0005322601206909738	-0.0004842217473628384
-0.0023000036598562557	-0.0022998594464722715	-0.0005324692691062085	-0.00048429441405379144
-0.002300008087045043	-0.002299854584646462	-0.0005326787156862207	-0.0004843674044166474
-0.002300012840516562	-0.0022998496149458122	-0.0005328884629462776	-0.00048444071305645713
-0.002300017923111407	-0.002299844532548635	-0.0005330985134009791	-0.00048451433458478974
-0.0023000233376746834	-0.0022998393326371415	-0.0005333088695642573	-0.0004845882636197325
-0.0023000290870560016	-0.0022998340103974383	-0.0005335195339493765	-0.0004846624947858906
-0.002300035174109482	-0.002299828561019529	-0.0005337305090689331	-0.0004847370227143875
-0.002300041601693751	-0.002299822979697314	-0.0005339417974348561	-0.00048481184204286467
-0.002300048372671944	-0.002299817261628591	-0.0005341534015584066	-0.0004848869474154818
-0.0023000554899117046	-0.002299811402015054	-0.0005343653239501779	-0.0004849623334829164
-0.002300062956285183	-0.0022998053960622935	-0.0005345775671200954	-0.0004850379949023644
-0.0023000707746690377	-0.002299799238979797	-0.0005347901335774173	-0.0004851139263375396
-0.0023000789479444353	-0.0022997929259809483	-0.0005350030258307339	-0.0004851901224586742
-0.0023000874789970496	-0.00229978645228303	-0.0005352162463879671	-0.00048526657794251805
-0.002300096370717064	-0.002299779813107218	-0.0005354297977563721	-0.0004853432874723396
-0.0023001056259991676	-0.002299773003678588	-0.0005356436824425356	-0.000485420245737925
-0.002300115247742558	-0.0022997660192261116	-0.0005358579029523769	-0.00048549744743557865
-0.0023001252388509417	-0.002299758854982656	-0.0005360724617911475	-0.00048557488726812313
-0.0023001356022325312	-0.0022997515061849863	-0.0005362873614634311	-0.000485652559944899
-0.0023001463408000478	-0.0022997439680737647	-0.0005365026044731439	-0.00048573046018176506
-0.0023001574574707216	-0.0022997362358935488	-0.000536718193323534	-0.000485808582701098
-0.002300168955166289	-0.0022997283048927946	-0.000536934130517182	-0.00048588692223179277
-0.002300180836812994	-0.002299720170323853	-0.0005371504185560007	-0.0004859654735092625
-0.0023001931053415908	-0.0022997118274429725	-0.0005373670599412354	-0.00048604423127543824
-0.002300205763687339	-0.0022997032715102997	-0.0005375840571734634	-0.0004861231902787691
-0.002300218814790007	-0.002299694497789876	-0.0005378014127525941	-0.00048620234527422255
-0.0023002322615938704	-0.0022996855015496405	-0.0005380191291778696	-0.000486281691023284
-0.002300246107047714	-0.002299676278061429	-0.000538237208947864	-0.00048636122229395683
-0.00230026035410483	-0.002299666822600973	-0.0005384556545604838	-0.0004864409338607629
-0.0023002750057230163	-0.002299657130447903	-0.0005386744685129675	-0.0004865208205047418
-0.0023002900648645816	-0.002299647196885745	-0.0005388936533018863	-0.0004866008770134513
-0.0023003055344963416	-0.0022996370172019202	-0.0005391132114231432	-0.00048668109818096746
-0.002300321417589619	-0.0022996265866877495	-0.0005393331453719739	-0.00048676147880788423
-0.0023003377171202442	-0.002299615900638449	-0.000539553457642946	-0.0004868420137013138
-0.002300354436068557	-0.0022996049543531306	-0.0005397741507299598	-0.0004869226976748864
-0.002300371577419404	-0.002299593743134806	-0.0005399952271262471	-0.0004870035255487503
-0.0023003891441621374	-0.002299582262290379	-0.000540216689324373	-0.00048708449214957206
-0.002300407139290623	-0.002299570507130655	-0.0005404385398162339	-0.00048716559231053614
-0.002300425565803229	-0.002299558472970334	-0.0005406607810930591	-0.0004872468208713452
-0.002300444426702834	-0.002299546155128012	-0.0005408834156454102	-0.00048732817267821996
-0.0023004637249968234	-0.0022995335489261826	-0.0005411064459631803	-0.0004874096425838993
-0.002300483463697091	-0.0022995206496912368	-0.0005413298745355955	-0.00048749122544764016
-0.0023005036458200383	-0.0022995074527534607	-0.0005415537038512142	-0.00048757291613521763
-0.0023005242743865746	-0.002299493953447039	-0.0005417779363979267	-0.0004876547095189248
-0.0023005453524221177	-0.0022994801471100516	-0.0005420025746629554	-0.00048773660047757284
-0.0023005668829565915	-0.002299466029084476	-0.0005422276211328557	-0.00048781858389649127
-0.00230058886902443	-0.002299451594716187	-0.0005424530782935146	-0.0004879006546675276
-0.0023006113136645728	-0.002299436839354955	-0.0005426789486301515	-0.00048798280768904713
-0.002300634219920469	-0.0022994217583544472	-0.0005429052346273184	-0.0004880650378659337
-0.002300657590840075	-0.0022994063470722294	-0.0005431319387688991	-0.000488147340109589
-0.002300681429475855	-0.0022993906008697603	-0.00054335906353811	-0.000488229709337933
-0.0023007057388847807	-0.0022993745151124	-0.0005435866114174998	-0.0004883121404754035
-0.0023007305221283323	-0.0022993580851694033	-0.0005438145848889491	-0.0004883946284529567
-0.0023007557822724966	-0.0022993413064139193	-0.000544042986433671	-0.0004884771682080667
-0.00230078152238777	-0.002299324174222998	-0.000544271818532211	-0.0004885597546847259
-0.0023008077455491565	-0.0022993066839775847	-0.0005445010836644465	-0.0004886423828334444
-0.002300834454836166	-0.00229928883106252	-0.0005447307843095878	-0.0004887250476112508
-0.0023008616533328175	-0.0022992706108665426	-0.0005449609229461768	-0.0004888077439816919
-0.0023008893441276387	-0.002299252018782288	-0.0005451915020520878	-0.0004888904669148321
-0.0023009175303136636	-0.0022992330502062883	-0.0005454225241045277	-0.0004889732113872542
-0.002300946214988436	-0.002299213700538972	-0.0005456539915800354	-0.0004890559723820593
-0.0023009754012540047	-0.002299193965184665	-0.0005458859069544821	-0.000489138744888866
-0.0023010050922169286	-0.0022991738395515882	-0.0005461182727030713	-0.0004892215239038117
-0.002301035290988274	-0.002299153319051863	-0.0005463510913003389	-0.0004893043044295515
-0.002301066000683614	-0.002299132399101503	-0.0005465843652201528	-0.0004893870814752586
-0.0023010972244230307	-0.0022991110751204216	-0.0005468180969357131	-0.0004894698500566245
-0.0023011289653311136	-0.0022990893425324285	-0.0005470522889195525	-0.0004895526051958587
-0.002301161226536961	-0.0022990671967652292	-0.000547286943643536	-0.0004896353419216886
-0.0023011940111741765	-0.0022990446332504266	-0.0005475220635788606	-0.0004897180552693601
-0.0023012273223808745	-0.0022990216474235202	-0.0005477576511960556	-0.0004898007402806369
-0.002301261163299675	-0.0022989982347239066	-0.0005479937089649826	-0.0004898833920038009
-0.002301295537077707	-0.002298974390594879	-0.0005482302393548356	-0.0004899660054936522
-0.0023013304468666074	-0.002298950110483627	-0.0005484672448341406	-0.0004900485758115087
-0.0023013658958225204	-0.0022989253898412373	-0.0005487047278707561	-0.0004901310980252066
-0.002301401887106097	-0.0022989002241226935	-0.0005489426909318729	-0.0004902135672091005
-0.0023014384238824997	-0.0022988746087868757	-0.0005491811364840139	-0.0004902959784440626
-0.0023014755093213944	-0.0022988485392965597	-0.0005494200669930341	-0.0004903783268174833
-0.002301513146596957	-0.002298822011118421	-0.0005496594849241213	-0.0004904606074232714
-0.0023015513388878724	-0.002298795019723029	-0.0005498993927417952	-0.0004905428153618535
-0.0023015900893773307	-0.0022987675605848504	-0.0005501397929099077	-0.0004906249457401744
-0.0023016294012530316	-0.0022987396291822507	-0.0005503806878916432	-0.0004907069936716969
-0.0023016692777071824	-0.0022987112209974887	-0.0005506220801495182	-0.0004907889542764024
-0.002301709721936497	-0.002298682331516723	-0.0005508639721453816	-0.0004908708226807897
-0.0023017507371421993	-0.0022986529562300084	-0.0005511063663404143	-0.000490952594017876
-0.0023017923265300196	-0.002298623090631294	-0.0005513492651951299	-0.0004910342634271969
-0.002301834493310196	-0.002298592730218429	-0.0005515926711693738	-0.0004911158260548054
-0.0023018772406974753	-0.002298561870493158	-0.000551836586722324	-0.0004911972770532732
-0.0023019205719111108	-0.0022985305069611215	-0.0005520810143124909	-0.0004912786115816902
-0.002301964490174864	-0.0022984986351318576	-0.0005523259563977164	-0.0004913598248056638
-0.0023020089987170066	-0.0022984662505188013	-0.0005525714154351756	-0.0004914409118973197
-0.002302054100770314	-0.002298433348639284	-0.0005528173938813753	-0.0004915218680353022
-0.002302099799572073	-0.0022983999250145346	-0.0005530638941921548	-0.0004916026884047732
-0.0023021460983640766	-0.0022983659751696778	-0.0005533109188226855	-0.0004916833681974128
-0.002302193000392626	-0.0022983314946337344	-0.0005535584702274712	-0.0004917639026114192
-0.002302240508908529	-0.0022982964789396245	-0.0005538065508603479	-0.0004918442868515085
-0.0023022886271671043	-0.0022982609236241627	-0.0005540551631744839	-0.0004919245161289158
-0.0023023373584281745	-0.002298224824228061	-0.0005543043096223799	-0.0004920045856613931
-0.0023023867059560736	-0.0022981881762959284	-0.0005545539926558685	-0.000492084490673211
-0.0023024366730196406	-0.0022981509753762707	-0.0005548042147261148	-0.0004921642263951586
-0.002302487262892225	-0.0022981132170214903	-0.0005550549782836164	-0.0004922437880645424
-0.0023025384788516808	-0.0022980748967878863	-0.0005553062857782026	-0.0004923231709251875
-0.0023025903241803737	-0.0022980360102356537	-0.0005555581396590356	-0.000492402370227437
-0.0023026428021651747	-0.0022979965529288863	-0.0005558105423746093	-0.000492481381228152
-0.0023026959160974626	-0.0022979565204355734	-0.0005560634963727503	-0.0004925601991907115
-0.002302749669273125	-0.0022979159083276004	-0.0005563170041006172	-0.0004926388193850133
-0.002302804064992557	-0.002297874712180751	-0.000556571068004701	-0.0004927172370874725
-0.0023028591065606618	-0.002297832927574704	-0.0005568256905308247	-0.0004927954475810229
-0.00230291479728685	-0.002297790550093037	-0.0005570808741241442	-0.000492873446155116
-0.0023029711404850407	-0.002297747575323223	-0.0005573366212291471	-0.0004929512281057214
-0.0023030281394736596	-0.0022977039988566314	-0.0005575929342896532	-0.0004930287887353273
-0.0023030857975756412	-0.0022976598162885286	-0.000557849815748815	-0.0004931061233529395
-0.0023031441181184274	-0.002297615023218079	-0.000558107268049117	-0.000493183227274082
-0.0023032031044339686	-0.0022975696152483425	-0.000558365293632376	-0.0004932600958207972
-0.0023032627598587223	-0.002297523587986276	-0.0005586238949397413	-0.0004933367243216449
-0.0023033230877336545	-0.002297476937042734	-0.0005588830744116939	-0.0004934131081117039
-0.0023033840914042382	-0.0022974296580324655	-0.0005591428344880477	-0.0004934892425325706
-0.002303445774220455	-0.0022973817465741187	-0.0005594031776079483	-0.0004935651229323592
-0.0023035081395367937	-0.0022973331982902383	-0.0005596641062098742	-0.0004936407446657028
-0.002303571190712252	-0.0022972840088072636	-0.0005599256227316358	-0.0004937161030937521
-0.0023036349311103335	-0.002297234173755534	-0.0005601877296103753	-0.0004937911935841759
-0.002303699364099052	-0.0022971836887692816	-0.0005604504292825681	-0.0004938660115111611
-0.002303764493050927	-0.0022971325494866393	-0.0005607137241840216	-0.0004939405522554128
-0.0023038303213429876	-0.002297080751549635	-0.0005609776167498747	-0.0004940148112041542
-0.002303896852356769	-0.0022970282906041913	-0.0005612421094145997	-0.0004940887837511267
-0.002303964089478316	-0.0022969751623001314	-0.0005615072046120002	-0.0004941624652965896
-0.0023040320360981806	-0.0022969213622911736	-0.0005617729047752129	-0.0004942358512473203
-0.0023041006956114217	-0.0022968668862349316	-0.0005620392123367058	-0.0004943089370166144
-0.002304170071417608	-0.002296811729792917	-0.0005623061297282802	-0.0004943817180242858
-0.002304240166920812	-0.0022967558886305395	-0.0005625736593810691	-0.000494454189696666
-0.00230431098552962	-0.0022966993584171034	-0.0005628418037255379	-0.000494526347466605
-0.0023043825306571218	-0.0022966421348258105	-0.0005631105651914839	-0.0004945981867734708
-0.002304454805720916	-0.00229658421353376	-0.0005633799462080374	-0.0004946697030631495
-0.002304527814143109	-0.0022965255902219466	-0.0005636499492036603	-0.0004947408917880453
-0.002304601559350316	-0.0022964662605752632	-0.0005639205766061469	-0.0004948117484070804
-0.0023046760447736586	-0.0022964062202824984	-0.0005641918308426242	-0.0004948822683856955
-0.0023047512738487677	-0.002296345465036338	-0.0005644637143395511	-0.0004949524471958487
-0.002304827250015781	-0.0022962839905333646	-0.0005647362295227186	-0.0004950222803160167
-0.002304903976719344	-0.002296221792474057	-0.0005650093788172505	-0.0004950917632311945
-0.0023049814574086108	-0.002296158866562792	-0.0005652831646476022	-0.0004951608914328945
-0.0023050596955372427	-0.002296095208507842	-0.000565557589437562	-0.0004952296604191479
-0.0023051386945634085	-0.0022960308140213756	-0.0005658326556102501	-0.0004952980656945036
-0.0023052184579497865	-0.0022959656788194603	-0.0005661083655881189	-0.0004953661027700284
-0.0023052989891635613	-0.0022958997986220592	-0.0005663847217929534	-0.0004954337671633081
-0.0023053802916764253	-0.002295833169153031	-0.0005666617266458707	-0.0004955010543984458
-0.0023054623689645793	-0.002295765786140133	-0.0005669393825673201	-0.0004955679600060626
-0.002305545224508732	-0.002295697645315018	-0.0005672176919770832	-0.0004956344795232982
-0.0023056288617940993	-0.002295628742413237	-0.000567496657294274	-0.0004957006084938105
-0.0023057132843104064	-0.002295559073174236	-0.0005677762809373385	-0.0004957663424677749
-0.002305798495551884	-0.002295488633341359	-0.0005680565653240552	-0.0004958316770018852
-0.0023058844990172735	-0.002295417418661846	-0.0005683375128715348	-0.0004958966076593536
-0.002305971298209821	-0.002295345424886835	-0.0005686191259962201	-0.0004959611300099097
-0.002306058896637282	-0.0022952726477713584	-0.0005689014071138866	-0.000496025239629802
-0.0023061472978119215	-0.0022951990830743477	-0.0005691843586396413	-0.0004960889321017966
-0.0023062365052505095	-0.002295124726558631	-0.0005694679829879246	-0.0004961522030151778
-0.0023063265224743256	-0.0022950495739909307	-0.000569752282572508	-0.0004962150479657481
-0.0023064173530091556	-0.0022949736211418693	-0.0005700372598064961	-0.0004962774625558278
-0.0023065090003852955	-0.0022948968637859636	-0.0005703229171023252	-0.0004963394423942558
-0.002306601468137547	-0.0022948192977016286	-0.0005706092568717644	-0.0004964009830963888
-0.0023066947598052207	-0.002294740918671175	-0.0005708962815259147	-0.0004964620802841016
-0.0023067888789321347	-0.0022946617224808103	-0.0005711839934752092	-0.0004965227295857869
-0.002306883829066615	-0.0022945817049206405	-0.0005714723951294137	-0.0004965829266363562
-0.002306979613761496	-0.0022945008617846663	-0.0005717614888976262	-0.0004966426670772383
-0.0023070762365741187	-0.002294419188870786	-0.0005720512771882767	-0.0004967019465563806
-0.002307173701066332	-0.0022943366819807944	-0.0005723417624091278	-0.0004967607607282483
-0.0023072720108044953	-0.0022942533369203835	-0.0005726329469672738	-0.0004968191052538248
-0.0023073711693594725	-0.0022941691494991418	-0.0005729248332691422	-0.0004968769758006118
-0.0023074711803066365	-0.002294084115530555	-0.0005732174237204916	-0.0004969343680426291
-0.002307572047225869	-0.002293998230832004	-0.000573510720726414	-0.0004969912776604141
-0.002307673773701558	-0.0022939114912247684	-0.0005738047266913329	-0.0004970477003410229
-0.0023077763633225995	-0.0022938238925340236	-0.0005740994440190044	-0.0004971036317780292
-0.0023078798196823993	-0.002293735430588842	-0.0005743948751125167	-0.0004971590676715253
-0.002307984146378869	-0.0022936461012221924	-0.0005746910223742905	-0.0004972140037281215
-0.002308089347014428	-0.0022935559002709408	-0.0005749878882060785	-0.0004972684356609456
-0.0023081954251960054	-0.0022934648235758497	-0.0005752854750089658	-0.0004973223591896442
-0.002308302384535036	-0.0022933728669815782	-0.0005755837851833698	-0.0004973757700403818
-0.0023084102286474637	-0.0022932800263366832	-0.0005758828211290399	-0.000497428663945841
-0.00230851896115374	-0.002293186297493617	-0.0005761825852450583	-0.0004974810366452224
-0.0023086285856788237	-0.0022930916763087288	-0.000576483079929839	-0.0004975328838842445
-0.0023087391058521827	-0.0022929961586422663	-0.0005767843075811284	-0.0004975842014151445
-0.0023088505253077906	-0.0022928997403583707	-0.0005770862705960053	-0.0004976349849966773
-0.0023089628476841307	-0.0022928024173250834	-0.0005773889713708806	-0.000497685230394116
-0.002309076076624194	-0.002292704185414341	-0.0005776924123014974	-0.0004977349333792518
-0.002309190215775479	-0.0022926050405019764	-0.0005779965957829311	-0.0004977840897303937
-0.0023093052687899913	-0.0022925049784677195	-0.0005783015242095899	-0.0004978326952323693
-0.002309421239324245	-0.002292403995195198	-0.0005786071999752133	-0.0004978807456765241
-0.0023095381310392626	-0.0022923020865719354	-0.000578913625472874	-0.0004979282368607217
-0.002309655947600573	-0.0022921992484893523	-0.0005792208030949763	-0.0004979751645893437
-0.0023097746926782144	-0.002292095476842765	-0.0005795287352332571	-0.0004980215246732897
-0.002309894369946732	-0.0022919907675313885	-0.0005798374242787855	-0.0004980673129299779
-0.0023100149830851792	-0.002291885116458333	-0.0005801468726219628	-0.0004981125251833441
-0.002310136535777117	-0.002291778519530606	-0.0005804570826525227	-0.0004981571572638425
-0.0023102590317106144	-0.002291670972659112	-0.0005807680567595308	-0.0004982012050084453
-0.002310382474578247	-0.0022915624717586526	-0.0005810797973313857	-0.0004982446642606426
-0.002310506868077102	-0.0022914530127479244	-0.0005813923067558175	-0.0004982875308704429
-0.002310632215908769	-0.002291342591549522	-0.000581705587419889	-0.0004983298006943727
-0.00231075852177935	-0.002291231204089938	-0.0005820196417099952	-0.0004983714695954766
-0.002310885789399453	-0.002291118846299559	-0.0005823344720118631	-0.0004984125334433175
-0.002311014022484193	-0.0022910055141126704	-0.0005826500807105524	-0.0004984529881139755
-0.002311143224753194	-0.002290891203467454	-0.0005829664701904546	-0.0004984928294900503
-0.0023112733999305878	-0.002290775910305988	-0.000583283642835294	-0.0004985320534606586
-0.0023114045517450142	-0.002290659630574247	-0.0005836016010281268	-0.0004985706559214355
-0.0023115366839296207	-0.0022905423602221035	-0.0005839203471513415	-0.000498608632774534
-0.002311669800222061	-0.0022904240952033254	-0.0005842398835866589	-0.0004986459799286258
-0.002311803904364499	-0.002290304831475579	-0.0005845602127151321	-0.0004986826932989
-0.0023119390001036058	-0.002290184565000426	-0.0005848813369171465	-0.0004987187688070643
-0.0023120750911905593	-0.002290063291743325	-0.0005852032585724196	-0.0004987542023813442
-0.0023122121813810457	-0.002289941007673632	-0.0005855259800600015	-0.0004987889899564832
-0.0023123502744352604	-0.002289817708764599	-0.0005858495037582741	-0.0004988231274737437
-0.0023124893741179047	-0.0022896933909933755	-0.000586173832044952	-0.0004988566108809051
-0.002312629484198188	-0.002289568050341008	-0.0005864989672970817	-0.0004988894361322656
-0.00231277060844983	-0.0022894416827924377	-0.0005868249118910423	-0.0004989215991886413
-0.0023129127506510546	-0.002289314284336505	-0.000587151668202545	-0.0004989530960173664
-0.002313055914584596	-0.0022891858509659466	-0.0005874792386066333	-0.0004989839225922932
-0.0023132001040376948	-0.002289056378677395	-0.0005878076254776829	-0.0004990140748937922
-0.002313345322802101	-0.0022889258634713797	-0.0005881368311894017	-0.0004990435489087519
-0.002313491574674071	-0.002288794301352327	-0.0005884668581148301	-0.0004990723406305788
-0.002313638863454369	-0.0022886616883285604	-0.0005887977086263407	-0.0004991004460591979
-0.002313787192948269	-0.0022885280204123005	-0.0005891293850956382	-0.0004991278612010517
-0.0023139365669655513	-0.0022883932936196625	-0.0005894618898937598	-0.0004991545820691015
-0.002314086989320503	-0.0022882575039706618	-0.0005897952253910749	-0.0004991806046828261
-0.002314238463831921	-0.002288120647489208	-0.0005901293939572848	-0.0004992059250682224
-0.002314390994323109	-0.0022879827202031073	-0.0005904643979614237	-0.0004992305392578061
-0.0023145445846218795	-0.002287843718144064	-0.0005908002397718576	-0.0004992544432906104
-0.002314699238560551	-0.0022877036373476797	-0.0005911369217562849	-0.0004992776332121866
-0.002314854959975952	-0.0022875624738534503	-0.0005914744462817364	-0.0004993001050746042
-0.002315011752709417	-0.00228742022370477	-0.0005918128157145749	-0.000499321854936451
-0.0023151696206067897	-0.002287276882948931	-0.0005921520324204957	-0.0004993428788628327
-0.0023153285675184213	-0.00228713244763712	-0.0005924920987645264	-0.0004993631729253733
-0.00231548859729917	-0.002286986913824421	-0.0005928330171110265	-0.0004993827332022146
-0.002315649713808402	-0.002286840277569815	-0.0005931747898236881	-0.0004994015557780164
-0.002315811920909993	-0.0022866925349361807	-0.0005935174192655357	-0.0004994196367439573
-0.002315975222472325	-0.002286543681990292	-0.0005938609077989255	-0.0004994369721977333
-0.002316139622368287	-0.0022863937148028214	-0.0005942052577855465	-0.0004994535582435588
-0.0023163051244752784	-0.002286242629448336	-0.0005945504715864197	-0.0004994693909921663
-0.002316471732675205	-0.002286090422005301	-0.0005948965515618985	-0.0004994844665608061
-0.0023166394508544793	-0.002285937088556078	-0.0005952435000716686	-0.0004994987810732471
-0.002316808282904024	-0.0022857826251869258	-0.0005955913194747477	-0.0004995123306597762
-0.0023169782327192674	-0.002285627027987999	-0.0005959400121294861	-0.0004995251114571981
-0.0023171493042001465	-0.00228547029305335	-0.0005962895803935662	-0.0004995371196088356
-0.002317321501251108	-0.0022853124164809277	-0.0005966400266240025	-0.00049954835126453
-0.002317494827781103	-0.0022851533943725774	-0.0005969913531771422	-0.0004995588025806403
-0.0023176692877035932	-0.002284993222834041	-0.0005973435624086643	-0.0004995684697200439
-0.0023178448849365467	-0.002284831897974958	-0.0005976966566735803	-0.0004995773488521362
-0.00231802162340244	-0.0022846694159088634	-0.0005980506383262342	-0.0004995854361528304
-0.002318199507028256	-0.0022845057727531905	-0.0005984055097203019	-0.0004995927278045584
-0.002318378539745489	-0.002284340964629268	-0.0005987612732087913	-0.0004995992199962697
-0.0023185587254901372	-0.0022841749876623225	-0.0005991179311440434	-0.0004996049089234321
-0.002318740068202709	-0.002284007837981476	-0.000599475485877731	-0.0004996097907880314
-0.0023189225718282195	-0.0022838395117197492	-0.0005998339397608589	-0.0004996138617985717
-0.002319106240316192	-0.0022836700050140575	-0.0006001932951437646	-0.0004996171181700752
-0.002319291077620658	-0.002283499314005214	-0.0006005535543761178	-0.0004996195561240818
-0.002319477087700156	-0.002283327434837929	-0.0006009147198069202	-0.0004996211718886499
-0.0023196642745177336	-0.002283154363660809	-0.000601276793784506	-0.000499621961698356
-0.002319852642040945	-0.0022829800966263566	-0.0006016397786565416	-0.0004996219217942943
-0.0023200421942418527	-0.002282804629890973	-0.0006020036767700259	-0.0004996210484240778
-0.002320232935097027	-0.0022826279596149545	-0.0006023684904712896	-0.0004996193378418368
-0.0023204248685875467	-0.002282450081962495	-0.0006027342221059959	-0.0004996167863082204
-0.0023206179986989973	-0.0022822709931016845	-0.0006031008740191406	-0.0004996133900903951
-0.0023208123294214725	-0.00228209068920451	-0.0006034684485550509	-0.0004996091454620462
-0.0023210078647495744	-0.0022819091664468562	-0.0006038369480573873	-0.0004996040487033769
-0.0023212046086824125	-0.0022817264210085028	-0.0006042063748691417	-0.0004995980961011082
-0.002321402565223604	-0.002281542449073128	-0.000604576731332639	-0.0004995912839484793
-0.0023216017383812736	-0.002281357246828306	-0.0006049480197895359	-0.0004995836085452478
-0.0023218021321680556	-0.0022811708104655075	-0.0006053202425808213	-0.0004995750661976892
-0.0023220037506010895	-0.0022809831361800996	-0.0006056934020468167	-0.0004995656532185969
-0.002322206597702025	-0.002280794220171348	-0.0006060675005271758	-0.0004995553659272829
-0.0023224106774970186	-0.0022806040586424124	-0.0006064425403608842	-0.0004995442006495768
-0.002322615994016733	-0.0022804126478003523	-0.0006068185238862603	-0.0004995321537178265
-0.0023228225512963428	-0.002280219983856122	-0.0006071954534409544	-0.0004995192214708982
-0.002323030353375527	-0.002280026063024572	-0.0006075733313619491	-0.0004995054002541757
-0.0023232394042984736	-0.002279830881524452	-0.0006079521599855596	-0.0004994906864195616
-0.0023234497081138774	-0.0022796344355784067	-0.0006083319416474329	-0.0004994750763254758
-0.0023236612688749434	-0.002279436721412977	-0.0006087126786825485	-0.0004994585663368571
-0.002323874090639382	-0.0022792377352586018	-0.0006090943734252182	-0.0004994411528251619
-0.0023240881774694126	-0.002279037473349617	-0.000609477028209086	-0.0004994228321683646
-0.002324303533431763	-0.002278835931924254	-0.0006098606453671281	-0.0004994036007509582
-0.002324520162597667	-0.0022786331072246423	-0.0006102452272316531	-0.0004993834549639534
-0.0023247380690428684	-0.002278428995496806	-0.0006106307761343018	-0.0004993623912048791
-0.002324957256847616	-0.0022782235929906694	-0.0006110172944060474	-0.0004993404058777825
-0.00232517773009667	-0.002278016895960051	-0.0006114047843771951	-0.0004993174953932285
-0.002325399492879296	-0.002277808900662665	-0.0006117932483773826	-0.0004992936561683004
-0.002325622549289268	-0.0022775996033601266	-0.0006121826887355796	-0.0004992688846265995
-0.0023258469034248682	-0.002277389000317944	-0.0006125731077800884	-0.0004992431771982454
-0.002326072559388886	-0.002277177087805523	-0.0006129645078385434	-0.0004992165303198756
-0.0023262995212886186	-0.0022769638620961665	-0.0006133568912379112	-0.0004991889404346455
-0.002326527793235872	-0.0022767493194670745	-0.0006137502603044909	-0.000499160403992229
-0.0023267573793469597	-0.0022765334561993438	-0.0006141446173639135	-0.0004991309174488181
-0.002326988283742702	-0.002276316268577967	-0.0006145399647411427	-0.0004991004772671225
-0.0023272205105484283	-0.002276097752891834	-0.000614936304760474	-0.0004990690799163703
-0.0023274540638939752	-0.002275877905433731	-0.0006153336397455355	-0.0004990367218723076
-0.0023276889479136864	-0.0022756567225003434	-0.0006157319720192878	-0.0004990033996171987
-0.0023279251667464164	-0.0022754342003922495	-0.000616131303904023	-0.0004989691096398261
-0.002328162724535524	-0.002275210335413927	-0.000616531637721366	-0.0004989338484354901
-0.002328401625428877	-0.0022749851238737496	-0.000616932975792274	-0.0004988976125060092
-0.0023286418735788523	-0.0022747585620839874	-0.0006173353204370362	-0.0004988603983597202
-0.0023288834731423325	-0.002274530646360808	-0.0006177386739752743	-0.0004988222025114775
-0.0023291264282807107	-0.002274301373024276	-0.0006181430387259422	-0.0004987830214826546
-0.002329370743159885	-0.002274070738398351	-0.000618548417007326	-0.0004987428518011418
-0.002329616421950264	-0.0022738387388108916	-0.0006189548111370443	-0.0004987016900013485
-0.0023298634688267614	-0.002273605370593651	-0.0006193622234320473	-0.0004986595326242017
-0.0023301118879688006	-0.0022733706300822813	-0.0006197706562086184	-0.000498616376217147
-0.002330361683560312	-0.0022731345136163296	-0.0006201801117823727	-0.0004985722173341474
-0.002330612859789735	-0.002272897017539241	-0.0006205905924682575	-0.0004985270525356845
-0.002330865420850016	-0.0022726581381983563	-0.0006210021005805527	-0.0004984808783887579
-0.0023311193709386092	-0.002272417871944914	-0.0006214146384328703	-0.000498433691466885
-0.002331374714257476	-0.0022721762151340485	-0.0006218282083381546	-0.000498385488350102
-0.0023316314550130865	-0.0022719331641247917	-0.0006222428126086819	-0.0004983362656249625
-0.0023318895974164186	-0.0022716887152800726	-0.0006226584535560614	-0.0004982860198845387
-0.002332149145682959	-0.002271442864966715	-0.0006230751334912339	-0.0004982347477284203
-0.0023324101040326996	-0.0022711956095554414	-0.0006234928547244729	-0.0004981824457627157
-0.0023326724766901427	-0.002270946945420871	-0.0006239116195653837	-0.0004981291106000512
-0.0023329362678842966	-0.002270696868941519	-0.0006243314303229046	-0.0004980747388595712
-0.002333201481848679	-0.002270445376499797	-0.0006247522893053055	-0.0004980193271669381
-0.0023334681228213135	-0.002270192464482014	-0.0006251741988201888	-0.0004979628721543324
-0.002333736195044734	-0.0022699381292783758	-0.0006255971611744892	-0.0004979053704604531
-0.002334005702765981	-0.0022696823672829856	-0.0006260211786744737	-0.0004978468187305166
-0.002334276650236602	-0.002269425174893841	-0.0006264462536257415	-0.000497787213616258
-0.0023345490417126533	-0.0022691665485128393	-0.0006268723883332241	-0.0004977265517759303
-0.0023348228814546986	-0.0022689064845457735	-0.0006272995851011852	-0.0004976648298743044
-0.0023350981737278106	-0.0022686449794023316	-0.0006277278462332207	-0.0004976020445826698
-0.002335374922801568	-0.0022683820294961007	-0.0006281571740322589	-0.0004975381925788336
-0.002335653132950059	-0.0022681176312445645	-0.0006285875708005605	-0.0004974732705471213
-0.0023359328084518786	-0.0022678517810691013	-0.0006290190388397182	-0.0004974072751783761
-0.0023362139535901298	-0.0022675844753949886	-0.0006294515804506572	-0.0004973402031699599
-0.0023364965726524233	-0.0022673157106514	-0.0006298851979336346	-0.0004972720512257524
-0.0023367806699308782	-0.002267045483271404	-0.0006303198935882401	-0.0004972028160561513
-0.002337066249722122	-0.0022667737896919686	-0.0006307556697133958	-0.0004971324943780725
-0.0023373533163272876	-0.0022665006263539573	-0.0006311925286073556	-0.00049706108291495
-0.002337641874052019	-0.0022662259897021303	-0.0006316304725677058	-0.000496988578396736
-0.002337931927206464	-0.0022659498761851446	-0.0006320695038913655	-0.0004969149775599006
-0.0023382234801052827	-0.002265672282255554	-0.0006325096248745852	-0.0004968402771474323
-0.00233851653706764	-0.0022653932043698094	-0.0006329508378129483	-0.0004967644739088372
-0.00233881110241721	-0.002265112638988258	-0.0006333931450013702	-0.0004966875646001399
-0.002339107180482174	-0.0022648305825751433	-0.0006338365487340988	-0.0004966095459838833
-0.002339404775595221	-0.0022645470315986065	-0.0006342810513047139	-0.0004965304148291278
-0.0023397038920935486	-0.0022642619825306866	-0.000634726655006128	-0.0004964501679114524
-0.002340004534318861	-0.002263975431847316	-0.0006351733621305854	-0.000496368802012954
-0.0023403067066173726	-0.002263687376028327	-0.0006356211749696631	-0.0004962863139222472
-0.0023406104133398024	-0.0022633978115574474	-0.00063607009581427	-0.0004962027004344658
-0.00234091565884138	-0.002263106734922301	-0.0006365201269546477	-0.0004961179583512607
-0.002341222447481841	-0.0022628141426144104	-0.0006369712706803695	-0.0004960320844808012
-0.00234153078362543	-0.0022625200311291935	-0.0006374235292803414	-0.0004959450756377746
-0.0023418406716408983	-0.0022622243969659646	-0.0006378769050428016	-0.0004958569286433868
-0.0023421521159015064	-0.0022619272366279364	-0.0006383314002553204	-0.0004957676403253612
-0.0023424651207850223	-0.0022616285466222166	-0.0006387870172048006	-0.0004956772075179396
-0.0023427796906737206	-0.00226132832345981	-0.0006392437581774771	-0.0004955856270618818
-0.0023430958299543855	-0.00226102656365562	-0.000639701625458917	-0.0004954928958044655
-0.0023434135430183073	-0.0022607232637284445	-0.0006401606213340199	-0.0004953990105994872
-0.0023437328342612858	-0.0022604184202009796	-0.0006406207480870174	-0.0004953039683072608
-0.0023440537080836273	-0.002260112029599817	-0.0006410820080014737	-0.0004952077657946184
-0.0023443761688901467	-0.002259804088455445	-0.0006415444033602849	-0.0004951103999349106
-0.002344700221090167	-0.002259494593302251	-0.0006420079364456796	-0.0004950118676080056
-0.0023450258690975176	-0.0022591835406785164	-0.0006424726095392186	-0.0004949121657002902
-0.002345353117330537	-0.0022588709271264213	-0.000642938424921795	-0.0004948112911046687
-0.0023456819702120713	-0.0022585567491920414	-0.000643405384873634	-0.0004947092407205643
-0.0023460124321694744	-0.0022582410034253492	-0.0006438734916742936	-0.0004946060114539174
-0.002346344507634608	-0.002257923686380214	-0.0006443427476026633	-0.0004945016002171875
-0.002346678201043842	-0.0022576047946144037	-0.0006448131549369651	-0.000494396003929351
-0.0023470135168380535	-0.00225728432468958	-0.0006452847159547539	-0.0004942892195159036
-0.0023473504594626266	-0.0022569622731713032	-0.0006457574329329159	-0.0004941812439088583
-0.002347689033367456	-0.00225663863662903	-0.0006462313081476705	-0.0004940720740467463
-0.0023480292430069416	-0.0022563134116361135	-0.0006467063438745685	-0.0004939617068746173
-0.0023483710928399923	-0.0022559865947698043	-0.0006471825423884935	-0.0004938501393440389
-0.002348714587330025	-0.0022556581826112493	-0.0006476599059636614	-0.0004937373684130966
-0.0023490597309449635	-0.002255328171745491	-0.0006481384368736199	-0.0004936233910463944
-0.0023494065281572394	-0.002254996558761472	-0.0006486181373912494	-0.0004935082042150538
-0.0023497549834437946	-0.0022546633402520276	-0.0006490990097887627	-0.0004933918048967151
-0.0023501051012860758	-0.0022543285128138924	-0.0006495810563377041	-0.0004932741900755361
-0.0023504568861700387	-0.002253992073047697	-0.0006500642793089512	-0.0004931553567421932
-0.0023508103425861474	-0.002253654017557969	-0.000650548680972713	-0.0004930353018938805
-0.0023511654750293723	-0.0022533143429531322	-0.0006510342635985312	-0.0004929140225343105
-0.002351522287999193	-0.0022529730458455085	-0.0006515210294552796	-0.0004927915156737136
-0.0023518807859995976	-0.002252630122851315	-0.0006520089808111644	-0.0004926677783288385
-0.0023522409735390794	-0.002252285570590666	-0.0006524981199337241	-0.0004925428075229517
-0.0023526028551306417	-0.002251939385687573	-0.0006529884490898292	-0.000492416600285838
-0.002352966435291796	-0.002251591564769944	-0.0006534799705456828	-0.0004922891536538004
-0.0023533317185445587	-0.002251242104469584	-0.00065397268656682	-0.0004921604646696599
-0.002353698709415458	-0.002250891001422195	-0.0006544665994181082	-0.0004920305303827555
-0.002354067412435527	-0.002250538252267374	-0.0006549617113637472	-0.0004918993478489443
-0.0023544378321403076	-0.0022501838536486173	-0.0006554580246672691	-0.0004917669141306017
-0.00235480997306985	-0.002249827802213315	-0.0006559555415915381	-0.0004916332262966211
-0.0023551838397687114	-0.0022494700946127577	-0.0006564542643987507	-0.000491498281422414
-0.0023555594367859565	-0.00224911072750213	-0.0006569541953504357	-0.0004913620765899098
-0.00235593676867516	-0.0022487496975405136	-0.0006574553367074543	-0.0004912246088875564
-0.0023563158399944016	-0.002248387001390887	-0.0006579576907299997	-0.0004910858754103197
-0.002356696655306271	-0.0022480226357201277	-0.0006584612596775974	-0.0004909458732596834
-0.0023570792191778653	-0.0022476565971990057	-0.0006589660458091056	-0.0004908045995436496
-0.0023574635361807883	-0.002247288882502192	-0.0006594720513827141	-0.0004906620513767383
-0.002357849610891152	-0.0022469194883082515	-0.0006599792786559456	-0.0004905182258799876
-0.002358237447889578	-0.0022465484112996472	-0.0006604877298856545	-0.0004903731201809541
-0.0023586270517611933	-0.002246175648162738	-0.0006609974073280279	-0.0004902267314137119
-0.002359018427095634	-0.0022458011955877807	-0.000661508313238585	-0.0004900790567188539
-0.0023594115784870444	-0.002245425050268928	-0.0006620204498721772	-0.0004899300932434904
-0.0023598065105340754	-0.00224504720890423	-0.0006625338194829883	-0.0004897798381412501
-0.002360203227839887	-0.002244667668195632	-0.0006630484243245342	-0.0004896282885722798
-0.002360601735012146	-0.0022442864248489783	-0.0006635642666496633	-0.0004894754417032448
-0.0023610020366630273	-0.002243903475574009	-0.000664081348710556	-0.0004893212947073276
-0.0023614041374092148	-0.00224351881708436	-0.0006645996727587253	-0.0004891658447642294
-0.0023618080418718983	-0.0022431324460975652	-0.000665119241045016	-0.0004890090890601699
-0.002362213754676776	-0.002242744359335055	-0.0006656400558196058	-0.0004888510247878859
-0.002362621280454056	-0.002242354553522156	-0.0006661621193320039	-0.0004886916491466331
-0.0023630306238384517	-0.002241963025388092	-0.0006666854338310523	-0.0004885309593421848
-0.0023634417894691844	-0.0022415697716659843	-0.0006672100015649253	-0.0004883689525868329
-0.0023638547819899852	-0.002241174789092849	-0.0006677358247811291	-0.0004882056260993868
-0.0023642696060490916	-0.002240778074409601	-0.0006682629057265026	-0.0004880409771051746
-0.002364686266299248	-0.002240379624361051	-0.0006687912466472164	-0.00048787500283604214
-0.00236510476739771	-0.002239979435695906	-0.000669320849788774	-0.00048770770053035333
-0.0023655251140062366	-0.0022395775051667712	-0.0006698517173960108	-0.00048753906743299056
-0.0023659473107910988	-0.0022391738295301474	-0.0006703838517130945	-0.0004873691007953538
-0.0023663713624230724	-0.002238768405546432	-0.000670917254983525	-0.0004871977978753617
-0.0023667972735774427	-0.00223836122997992	-0.0006714519294501346	-0.0004870251559374504
-0.002367225048934002	-0.0022379522995988024	-0.0006719878773550881	-0.00048685117225257435
-0.0023676546931770508	-0.0022375416111751673	-0.000672525100939882	-0.00048667584409820653
-0.002368086210995397	-0.002237129161485001	-0.0006730636024453455	-0.00048649916875833754
-0.0023685196070823583	-0.002236714947308183	-0.0006736033841116397	-0.00048632114352347626
-0.002368954886135757	-0.002236298965428493	-0.0006741444481782586	-0.00048614176569064955
-0.0023693920528579247	-0.0022358812126336064	-0.0006746867968840278	-0.00048596103256340253
-0.0023698311119557027	-0.002235461685715094	-0.0006752304324671055	-0.00048577894145179827
-0.0023702720681404374	-0.002235040381468425	-0.0006757753571649823	-0.00048559548967241813
-0.0023707149261279837	-0.0022346172966929657	-0.0006763215732144805	-0.0004854106745483614
-0.002371159690638706	-0.0022341924281919765	-0.0006768690828517552	-0.00048522449340924546
-0.002371606366397474	-0.0022337657727726184	-0.0006774178883122936	-0.0004850369435912059
-0.0023720549581336663	-0.0022333373272459454	-0.0006779679918309152	-0.00048484802243689654
-0.002372505470581171	-0.002232907088426911	-0.0006785193956417717	-0.00048465772729548896
-0.0023729579084783817	-0.0022324750531343644	-0.0006790721019783471	-0.0004844660555226732
-0.0023734122765682007	-0.0022320412181910504	-0.0006796261130734576	-0.00048427300448065686
-0.0023738685795980383	-0.0022316055804236135	-0.0006801814311592519	-0.0004840785715381663
-0.002374326822319812	-0.0022311681366625922	-0.0006807380584672107	-0.0004838827540704458
-0.002374787009489948	-0.002230728883742423	-0.000681295997228147	-0.00048368554945925726
-0.00237524914586938	-0.0022302878185014386	-0.0006818552496722064	-0.0004834869550928814
-0.0023757132362235496	-0.00222984493778187	-0.0006824158180288661	-0.0004832869683661162
-0.002376179285322406	-0.002229400238429842	-0.0006829777045269363	-0.00048308558668027886
-0.002376647297940406	-0.002228953717295379	-0.000683540911394559	-0.0004828828074432038
-0.002377117278856515	-0.0022285053712324016	-0.0006841054408592086	-0.00048267862806924353
-0.0023775892328542045	-0.002228055197098725	-0.0006846712951476916	-0.0004824730459792693
-0.0023780631647214575	-0.002227603191756064	-0.0006852384764861473	-0.00048226605860066975
-0.002378539079250761	-0.002227149352070029	-0.0006858069871000466	-0.00048205766336735224
-0.002379016981239112	-0.002226693674910126	-0.0006863768292141932	-0.00048184785771974195
-0.0023794968754880137	-0.00222623615714976	-0.0006869480050527226	-0.0004816366391047819
-0.002379978766803479	-0.0022257767956662317	-0.0006875205168391029	-0.00048142400497593366
-0.0023804626599960273	-0.0022253155873407375	-0.0006880943667961345	-0.00048120995279317673
-0.0023809485598806864	-0.002224852529058373	-0.0006886695571459496	-0.0004809944800230087
-0.0023814364712769916	-0.0022243876177081272	-0.0006892460901100133	-0.00048077758413844513
-0.002381926399008986	-0.0022239208501828893	-0.0006898239679091224	-0.00048055926261902
-0.002382418347905222	-0.002223452223379443	-0.0006904031927634068	-0.0004803395129507849
-0.002382912322798756	-0.00222298173419847	-0.0006909837668923274	-0.0004801183326263101
-0.0023834083285271587	-0.002222509379544548	-0.0006915656925146784	-0.0004798957191446837
-0.002383906369932501	-0.002222035156326152	-0.0006921489718485858	-0.0004796716700115118
-0.002384406451861368	-0.0022215590614556523	-0.0006927336071115083	-0.00047944618273891874
-0.002384908579164849	-0.0022210810918493187	-0.0006933196005202363	-0.00047921925484554665
-0.0023854127566985423	-0.002220601244427315	-0.0006939069542908926	-0.00047899088385655646
-0.002385918989322553	-0.002220119516113704	-0.0006944956706389328	-0.0004787610673036266
-0.0023864272819014965	-0.0022196359038364434	-0.0006950857517791442	-0.0004785298027249538
-0.002386937639304494	-0.002219150404527388	-0.0006956771999256463	-0.0004782970876652526
-0.002387450066405174	-0.0022186630151222915	-0.0006962700172918914	-0.00047806291967575625
-0.0023879645680816752	-0.002218173732560802	-0.0006968642060906636	-0.00047782729631421574
-0.0023884811492166425	-0.0022176825537864636	-0.0006974597685340795	-0.0004775902151449
-0.002388999814697228	-0.0022171894757467203	-0.0006980567068335878	-0.00047735167373859626
-0.0023895205694150936	-0.0022166944953929107	-0.0006986550231999697	-0.0004771116696726099
-0.0023900434182664073	-0.0022161976096802707	-0.0006992547198433385	-0.0004768702005307645
-0.0023905683661518463	-0.002215698815567933	-0.0006998557989731398	-0.0004766272639034013
-0.002391095417976595	-0.0022151981100189265	-0.0007004582627981515	-0.00047638285738737997
-0.002391624578650344	-0.0022146954900001768	-0.0007010621135264835	-0.00047613697858607843
-0.0023921558530872957	-0.0022141909524825082	-0.0007016673533655784	-0.00047588962510939216
-0.002392689246206156	-0.0022136844944406395	-0.0007022739845222108	-0.0004756407945737354
-0.002393224762930142	-0.0022131761128531867	-0.0007028820092024877	-0.00047539048460204004
-0.002393762408186976	-0.0022126658047026643	-0.0007034914296118484	-0.0004751386928237563
-0.0023943021869088908	-0.002212153566975481	-0.0007041022479550639	-0.0004748854168748522
-0.002394844104032624	-0.0022116393966619434	-0.0007047144664362384	-0.00047463065439781434
-0.0023953881644994237	-0.0022111232907562556	-0.0007053280872588079	-0.000474374403041647
-0.0023959343732550442	-0.002210605246256518	-0.0007059431126255404	-0.0004741166604618727
-0.002396482735249749	-0.002210085260164726	-0.0007065595447385364	-0.00047385742432053216
-0.002397033255438308	-0.0022095633294867746	-0.000707177385799229	-0.00047359669228618396
-0.0023975859387799997	-0.002209039451232454	-0.0007077966380083831	-0.0004733344620339051
-0.0023981407902386102	-0.0022085136224154517	-0.000708417303566096	-0.0004730707312452904
-0.0023986978147824338	-0.0022079858400533515	-0.0007090393846717974	-0.000472805497608453
-0.002399257017384272	-0.0022074561011676337	-0.000709662883524249	-0.00047253875881802414
-0.0023998184030214354	-0.0022069244027836765	-0.0007102878023215451	-0.0004722705125751527
-0.002400381976675741	-0.0022063907419307533	-0.000710914143261112	-0.00047200075658750633
-0.002400947743333514	-0.0022058551156420355	-0.0007115419085397083	-0.0004717294885692705
-0.0024015157079855876	-0.0022053175209545916	-0.0007121711003534251	-0.0004714567062411486
-0.002402085875627303	-0.0022047779549093853	-0.0007128017208976854	-0.00047118240733036215
-0.0024026582512585094	-0.0022042364145512775	-0.0007134337723672449	-0.0004709065895706514
-0.0024032328398835632	-0.0022036928969290277	-0.0007140672569561911	-0.0004706292507022738
-0.002403809646511329	-0.0022031473990952897	-0.0007147021768579442	-0.00047035038847200534
-0.002404388676155179	-0.0022025999181066146	-0.0007153385342652563	-0.0004700700006331403
-0.002404969933832994	-0.0022020504510234526	-0.000715976331370212	-0.00046978808494549043
-0.0024055534245671618	-0.0022014989949101465	-0.000716615570364228	-0.0004695046391753864
-0.002406139153384578	-0.0022009455468349395	-0.0007172562534380536	-0.00046921966109567635
-0.0024067271253166464	-0.0022003901038699703	-0.0007178983827817698	-0.00046893314848572685
-0.0024073173453992795	-0.0021998326630912734	-0.0007185419605847906	-0.00046864509913142254
-0.0024079098186728953	-0.002199273221578782	-0.0007191869890358614	-0.00046835551082516564
-0.002408504550182422	-0.0021987117764163244	-0.0007198334703230607	-0.0004680643813658775
-0.002409101544977294	-0.0021981483246916256	-0.0007204814066337987	-0.0004677717085589967
-0.0024097008081114552	-0.002197582863496309	-0.0007211308001548182	-0.00046747749021648025
-0.0024103023446433555	-0.0021970153899258937	-0.000721781653072194	-0.00046718172415680304
-0.0024109061596359533	-0.002196445901079796	-0.0007224339675713332	-0.00046688440820495864
-0.002411512258156716	-0.0021958743940613274	-0.0007230877458369756	-0.0004665855401924581
-0.002412120645277617	-0.002195300865977698	-0.0007237429900531926	-0.00046628511795733085
-0.002412731326075139	-0.002194725313940013	-0.0007243997024033885	-0.00046598313934412413
-0.002413344305630272	-0.002194147735063278	-0.0007250578850702993	-0.0004656796022039039
-0.002413959589028513	-0.00219356812646639	-0.0007257175402359936	-0.00046537450439425353
-0.002414577181359868	-0.0021929864852721468	-0.0007263786700818722	-0.00046506784377927507
-0.0024151970877188495	-0.0021924028086072415	-0.0007270412767886683	-0.00046475961822958826
-0.002415819313204481	-0.002191817093602264	-0.000727705362536447	-0.00046444982562233105
-0.0024164438629202894	-0.0021912293373917008	-0.000728370929504606	-0.0004641384638411595
-0.002417070741974313	-0.002190639537113936	-0.0007290379798718751	-0.000463825530776248
-0.002417699955479096	-0.0021900476899112493	-0.0007297065158163166	-0.0004635110243242887
-0.0024183315085516913	-0.0021894537929298187	-0.0007303765395153247	-0.00046319494238849206
-0.0024189654063136584	-0.002188857843319717	-0.0007310480531456262	-0.0004628772828785863
-0.0024196016538910667	-0.0021882598382349143	-0.0007317210588832799	-0.00046255804371081856
-0.0024202402564144922	-0.00218765977483328	-0.0007323955589036773	-0.0004622372228079531
-0.002420881219019019	-0.0021870576502765757	-0.0007330715553815414	-0.00046191481809927285
-0.0024215245468442374	-0.002186453461730464	-0.0007337490504909282	-0.00046159082752057876
-0.002422170245034248	-0.0021858472063645026	-0.0007344280464052256	-0.0004612652490141896
-0.0024228183187376593	-0.002185238881352144	-0.000735108545297154	-0.0004609380805289428
-0.002423468773107585	-0.002184628483870741	-0.0007357905493387658	-0.00046060932002019346
-0.0024241216133016486	-0.0021840160111015416	-0.0007364740607014457	-0.0004602789654498148
-0.0024247768444819818	-0.002183401460229689	-0.0007371590815559109	-0.00045994701478619846
-0.0024254344718152225	-0.002182784828444226	-0.0007378456140722109	-0.00045961346600425346
-0.0024260945004725173	-0.0021821661129380904	-0.000738533660419727	-0.0004592783170854079
-0.0024267569356295213	-0.0021815453109081165	-0.0007392232227671732	-0.0004589415660176074
-0.002427421782466397	-0.0021809224195550366	-0.0007399143032825956	-0.0004586032107953156
-0.0024280890461678135	-0.0021802974360834787	-0.0007406069041333725	-0.0004582632494195145
-0.00242875873192295	-0.002179670357701968	-0.0007413010274862149	-0.00045792167989770413
-0.002429430844925491	-0.0021790411816229277	-0.0007419966755071653	-0.00045757850024390266
-0.002430105390373631	-0.002178409905062675	-0.0007426938503615991	-0.00045723370847864633
-0.002430782373470071	-0.0021777765252414256	-0.0007433925542142236	-0.0004568873026289893
-0.002431461799422021	-0.002177141039383293	-0.0007440927892290789	-0.0004565392807285041
-0.0024321436734411972	-0.0021765034447162844	-0.0007447945575695366	-0.00045618964081728126
-0.0024328280007438253	-0.0021758637384723064	-0.0007454978613983011	-0.00045583838094192955
-0.0024335147865506375	-0.0021752219178871623	-0.0007462027028774089	-0.00045548549915557554
-0.002434204036086875	-0.0021745779802005497	-0.000746909084168229	-0.00045513099351786405
-0.002434895754582286	-0.0021739319226560666	-0.0007476170074314621	-0.00045477486209495794
-0.0024355899472711267	-0.0021732837425012036	-0.0007483264748271419	-0.0004544171029595383
-0.0024362866193921623	-0.002172633436987352	-0.0007490374885146336	-0.00045405771419080454
-0.0024369857761886633	-0.0021719810033697974	-0.0007497500506526354	-0.0004536966938744735
-0.00243768742290841	-0.002171326438907723	-0.0007504641633991773	-0.0004533340401027807
-0.00243839156480369	-0.0021706697408642077	-0.0007511798289116216	-0.0004529697509744797
-0.0024390982071312997	-0.0021700109065062303	-0.000751897049346663	-0.00045260382459484183
-0.0024398073551525415	-0.0021693499331046622	-0.0007526158268603287	-0.00045223625907565694
-0.0024405190141332266	-0.002168686817934274	-0.0007533361636079774	-0.0004518670525352327
-0.002441233189343674	-0.0021680215582737337	-0.0007540580617443009	-0.00045149620309839467
-0.002441949886058711	-0.002167354151405603	-0.0007547815234233229	-0.00045112370889648724
-0.0024426691095576717	-0.0021666845946163435	-0.0007555065507983993	-0.0004507495680673722
-0.002443390865124399	-0.0021660128851963122	-0.0007562331460222183	-0.00045037377875542983
-0.0024441151580472434	-0.0021653390204397632	-0.0007569613112468007	-0.0004499963391115583
-0.0024448419936190626	-0.0021646629976448464	-0.000757691048623499	-0.0004496172472931739
-0.0024455713771372226	-0.00216398481411361	-0.0007584223603029984	-0.0004492365014642113
-0.002446303313903597	-0.0021633044671519976	-0.0007591552484353161	-0.00044885409979512295
-0.002447037809224568	-0.002162621954069851	-0.000759889715169802	-0.00044847004046287954
-0.0024477748684110256	-0.002161937272180907	-0.0007606257626551375	-0.0004480843216509696
-0.0024485144967783664	-0.0021612504188028006	-0.0007613633930393371	-0.0004476969415494004
-0.0024492566996464956	-0.002160561391257063	-0.0007621026084697471	-0.00044730789835469665
-0.002450001482339826	-0.0021598701868691217	-0.000762843411093046	-0.0004469171902699014
-0.0024507488501872786	-0.0021591768029683017	-0.0007635858030552449	-0.000446524815504576
-0.002451498808522283	-0.0021584812368878247	-0.0007643297865016869	-0.00044613077227479943
-0.0024522513626827748	-0.002157783485964809	-0.0007650753635770475	-0.0004457350588031694
-0.0024530065180111984	-0.0021570835475402694	-0.0007658225364253346	-0.0004453376733188012
-0.0024537642798545057	-0.0021563814189591176	-0.0007665713071898879	-0.0004449386140573284
-0.0024545246535641572	-0.002155677097570163	-0.0007673216780133796	-0.0004445378792609027
-0.002455287644496121	-0.0021549705807261095	-0.0007680736510378145	-0.0004441354671781938
-0.0024560532580108724	-0.0021542618657835596	-0.0007688272284045293	-0.00044373137606438975
-0.0024568214994733955	-0.0021535509501030134	-0.0007695824122541929	-0.0004433256041811965
-0.0024575923742531807	-0.0021528378310488655	-0.0007703392047268069	-0.00044291814979683796
-0.002458365887724228	-0.002152122505989407	-0.0007710976079617047	-0.00044250901118605637
-0.0024591420452650435	-0.002151404972296829	-0.0007718576240975522	-0.00044209818663011217
-0.002459920852258643	-0.002150685227347217	-0.0007726192552723476	-0.00044168567441678374
-0.002460702314092549	-0.0021499632685205525	-0.0007733825036234212	-0.00044127147284036747
-0.002461486436158792	-0.002149239093200716	-0.0007741473712874357	-0.0004408555802016779
-0.00246227322385391	-0.002148512698775483	-0.0007749138604003859	-0.0004404379948080478
-0.0024630626825789498	-0.0021477840826365268	-0.0007756819730975991	-0.00044001871497332797
-0.0024638548177394644	-0.002147053242179417	-0.0007764517115137347	-0.00043959773901788737
-0.002464649634745517	-0.0021463201748036197	-0.0007772230777827846	-0.00043917506526861276
-0.002465447139011677	-0.002145584877912498	-0.0007779960740380725	-0.0004387506920589095
-0.0024662473359570217	-0.0021448473489133132	-0.000778770702412255	-0.00043832461772870063
-0.002467050231005136	-0.00214410758521722	-0.0007795469650373202	-0.00043789684062442755
-0.002467855829584114	-0.002143365584239273	-0.0007803248640445893	-0.00043746735909904974
-0.002468664137126556	-0.0021426213433984225	-0.0007811044015647153	-0.0004370361715120444
-0.002469475159069572	-0.0021418748601175143	-0.0007818855797276834	-0.00043660327622940733
-0.0024702889008547772	-0.0021411261318232937	-0.000782668400662811	-0.0004361686716236523
-0.002471105367928297	-0.002140375155946401	-0.0007834528664987482	-0.00043573235607381115
-0.0024719245657407636	-0.0021396219299213725	-0.0007842389793634772	-0.0004352943279654336
-0.002472746499747318	-0.0021388664511866424	-0.0007850267413843122	-0.00043485458569058786
-0.0024735711754076063	-0.002138108717184542	-0.0007858161546878998	-0.00043441312764785976
-0.002474398598185787	-0.0021373487253612982	-0.0007866072214002192	-0.0004339699522423539
-0.0024752287735505217	-0.002136586473167037	-0.0007873999436465815	-0.00043352505788569226
-0.0024760617069749837	-0.002135821958055777	-0.0007881943235516299	-0.00043307844299601546
-0.002476897403936851	-0.0021350551774854372	-0.0007889903632393403	-0.0004326301059979821
-0.002477735869918311	-0.002134286128917832	-0.0007897880648330208	-0.0004321800453227685
-0.0024785771104060593	-0.002133514809818673	-0.0007905874304553115	-0.0004317282594080695
-0.0024794211308912994	-0.0021327412176575687	-0.0007913884622281851	-0.00043127474669809815
-0.0024802679368697406	-0.002131965349908023	-0.0007921911622729462	-0.0004308195056435852
-0.002481117533841602	-0.002131187204047438	-0.0007929955327102318	-0.0004303625347017796
-0.002481969927311611	-0.0021304067775571116	-0.0007938015756600115	-0.00042990383233644855
-0.0024828251227889996	-0.00212962406792224	-0.0007946092932415867	-0.00042944339701787745
-0.002483683125787512	-0.002128839072631914	-0.0007954186875735913	-0.00042898122722286947
-0.0024845439418253977	-0.002128051789179123	-0.0007962297607739913	-0.00042851732143474596
-0.002485407576425414	-0.0021272622150607513	-0.0007970425149600853	-0.00042805167814334653
-0.0024862740351148265	-0.002126470347777582	-0.0007978569522485038	-0.0004275842958450289
-0.0024871433234254095	-0.0021256761848342945	-0.0007986730747552098	-0.0004271151730426689
-0.002488015446893442	-0.0021248797237394634	-0.0007994908845954984	-0.0004266443082456601
-0.002488890411059716	-0.0021240809620055616	-0.0008003103838839971	-0.00042617169996991453
-0.0024897682214695266	-0.002123279897148959	-0.0008011315747346657	-0.0004256973467378623
-0.002490648883672679	-0.00212247652668992	-0.0008019544592607962	-0.00042522124707845154
-0.002491532403223486	-0.002121670848152608	-0.0008027790395750126	-0.0004247433995271486
-0.002492418785680767	-0.002120862859065084	-0.0008036053177892717	-0.0004242638026259378
-0.0024933080366078522	-0.0021200525569593015	-0.0008044332960148623	-0.0004237824549233214
-0.0024942001615725763	-0.002119239939371116	-0.0008052629763624052	-0.00042329935497432004
-0.0024950951661472836	-0.0021184250038402755	-0.0008060943609418538	-0.0004228145013404724
-0.002495993055908826	-0.0021176077479104272	-0.0008069274518624937	-0.0004223278925898353
-0.0024968938364385625	-0.002116788169129114	-0.0008077622512329429	-0.00042183952729698366
-0.0024977975133223607	-0.0021159662650477775	-0.0008085987611611516	-0.00042134940404301005
-0.0024987040921505966	-0.0021151420332217526	-0.0008094369837544018	-0.00042085752141552606
-0.002499613578518153	-0.002114315471210274	-0.0008102769211193084	-0.00042036387800866055
-0.002500525978024421	-0.0021134865765764714	-0.0008111185753618183	-0.00041986847242306085
-0.0025014412962732985	-0.0021126553468873723	-0.0008119619485872107	-0.00041937130326589225
-0.002502359538873193	-0.0021118217797139005	-0.0008128070429000969	-0.0004188723691508382
-0.0025032807114370183	-0.0021109858726308757	-0.000813653860404421	-0.00041837166869810043
-0.002504204819582197	-0.0021101476232170168	-0.0008145024032034585	-0.0004178692005343986
-0.0025051318689306603	-0.0021093070290549368	-0.000815352673399818	-0.0004173649632929704
-0.0025060618651088448	-0.002108464087731147	-0.0008162046730954397	-0.0004168589556135716
-0.002506994813747696	-0.002107618796836055	-0.0008170584043915968	-0.0004163511761424765
-0.002507930720482669	-0.0021067711539639647	-0.0008179138693888941	-0.00041584162353247676
-0.0025088695909537234	-0.0021059211567130785	-0.0008187710701872689	-0.00041533029644288293
-0.00250981143080533	-0.0021050688026854926	-0.0008196300088859909	-0.0004148171935395231
-0.002510756245686466	-0.0021042140894872033	-0.0008204906875836619	-0.0004143023134947435
-0.0025117040412506154	-0.0021033570147281013	-0.000821353108378216	-0.000413785654987409
-0.002512654823155771	-0.002102497576021975	-0.0008222172733669197	-0.000413267216702902
-0.002513608597064434	-0.0021016357709865087	-0.0008230831846463714	-0.0004127469973331232
-0.002514565368643613	-0.0021007715972432848	-0.0008239508443125022	-0.00041222499557649124
-0.0025155251435648243	-0.002099905052417782	-0.0008248202544605754	-0.00041170121013794306
-0.0025164879275040913	-0.0020990361341393744	-0.0008256914171851863	-0.0004111756397289338
-0.0025174537261419467	-0.0020981648400413347	-0.0008265643345802625	-0.0004106482830674365
-0.0025184225451634302	-0.0020972911677608324	-0.0008274390087390642	-0.00041011913887794237
-0.0025193943902580888	-0.0020964151149389315	-0.0008283154417541836	-0.0004095882058914606
-0.002520369267119979	-0.0020955366792205954	-0.0008291936357175452	-0.00040905548284551863
-0.002521347181447664	-0.002094655858254683	-0.0008300735927204057	-0.000408520968484162
-0.002522328138944214	-0.00209377264969395	-0.0008309553148533543	-0.0004079846615579545
-0.002523312145317209	-0.002092887051195048	-0.0008318388042063122	-0.0004074465608239775
-0.002524299206278735	-0.0020919990604185285	-0.000832724062868533	-0.0004069066650458308
-0.0025252893275453867	-0.0020911086750288353	-0.0008336110929286027	-0.0004063649729936326
-0.0025262825148382674	-0.002090215892694312	-0.0008344998964744393	-0.00040582148344401876
-0.002527278773882987	-0.0020893207110871987	-0.0008353904755932931	-0.0004052761951801432
-0.0025282781104096637	-0.0020884231278836315	-0.000836282832371747	-0.0004047291069916785
-0.0025292805301529234	-0.0020875231407636433	-0.0008371769688957156	-0.0004041802176748146
-0.0025302860388519	-0.002086620747411164	-0.0008380728872504463	-0.0004036295260322603
-0.0025312946422502347	-0.00208571594551402	-0.0008389705895205184	-0.00040307703087324174
-0.002532306346096078	-0.0020848087327639355	-0.000839870077789844	-0.00040252273101350385
-0.0025333211561420865	-0.0020838991068565303	-0.0008407713541416664	-0.0004019666252753091
-0.0025343390781454255	-0.0020829870654913204	-0.0008416744206585625	-0.00040140871248743853
-0.002535360117867768	-0.002082072606371721	-0.0008425792794224404	-0.0004008489914851909
-0.0025363842810752946	-0.0020811557272050413	-0.0008434859325145411	-0.0004002874611103833
-0.0025374115735386947	-0.0020802364257024885	-0.0008443943820154379	-0.000399724120211351
-0.002538442001033164	-0.002079314699579168	-0.0008453046300050354	-0.0003991589676429467
-0.002539475569338408	-0.0020783905465540787	-0.0008462166785625718	-0.00039859200226654234
-0.002540512284238637	-0.0020774639643501196	-0.0008471305297666167	-0.00039802322295002715
-0.0025415521515225726	-0.0020765349506940835	-0.0008480461856950724	-0.0003974526285678086
-0.002542595176983442	-0.002075603503316662	-0.000848963648425173	-0.00039688021800081223
-0.0025436413664189817	-0.0020746696199524435	-0.0008498829200334853	-0.0003963059901364819
-0.0025446907256314343	-0.0020737332983399113	-0.0008508040025959084	-0.0003957299438687795
-0.002545743260427551	-0.0020727945362214472	-0.0008517268981876732	-0.0003951520780981849
-0.0025467989766185923	-0.0020718533313433297	-0.0008526516088833433	-0.00039457239173169617
-0.002547857880020324	-0.002070909681455733	-0.0008535781367568143	-0.0003939908836828292
-0.002548919976453021	-0.0020699635843127286	-0.0008545064838813142	-0.00039340755287161874
-0.0025499852717414664	-0.0020690150376722854	-0.0008554366523294036	-0.0003928223982246168
-0.002551053771714951	-0.002068064039296268	-0.0008563686441729745	-0.00039223541867489385
-0.0025521254822072725	-0.002067110586950438	-0.000857302461483252	-0.0003916466131620385
-0.002553200409056738	-0.002066154678404455	-0.0008582381063307929	-0.0003910559806321573
-0.0025542785581061603	-0.0020651963114318725	-0.0008591755807854868	-0.00039046352003787503
-0.002555359935202862	-0.002064235483810145	-0.0008601148869165551	-0.0003898692303383347
-0.002556444546198673	-0.002063272193320619	-0.0008610560267925519	-0.0003892731104991972
-0.0025575323969499303	-0.0020623064377485413	-0.0008619990024813629	-0.0003886751594926415
-0.00255862349331748	-0.002061338214883055	-0.0008629438160502067	-0.0003880753762973645
-0.002559717841166675	-0.002060367522517198	-0.0008638904695656342	-0.000387473759898582
-0.0025608154463673755	-0.0020593943584479063	-0.0008648389650935278	-0.00038687030928802714
-0.002561916314793951	-0.0020584187204760133	-0.000865789304699103	-0.0003862650234639512
-0.002563020452325279	-0.0020574406064062475	-0.0008667414904469073	-0.000385657901431124
-0.0025641278648447434	-0.0020564600140472356	-0.0008676955244008203	-0.000385048942200833
-0.0025652385582402362	-0.0020554769412115008	-0.000868651408624054	-0.00038443814479088416
-0.002566352538404158	-0.0020544913857154625	-0.0008696091451791527	-0.0003838255082256013
-0.002567469811233417	-0.0020535033453794368	-0.0008705687361279928	-0.00038321103153582636
-0.0025685903826294285	-0.0020525128180276376	-0.0008715301835317832	-0.0003825947137589192
-0.0025697142584981177	-0.0020515198014881744	-0.000872493489451065	-0.0003819765539387584
-0.0025708414447499143	-0.002050524293593054	-0.0008734586559457111	-0.0003813565511257399
-0.0025719719472997583	-0.0020495262921781804	-0.0008744256850749275	-0.00038073470437677834
-0.0025731057720670978	-0.0020485257950833527	-0.0008753945788972522	-0.00038011101275530585
-0.0025742429249758867	-0.002047522800152269	-0.0008763653394705549	-0.0003794854753312732
-0.0025753834119545886	-0.0020465173052325227	-0.000877337968852038	-0.00037885809118114937
-0.0025765272389361746	-0.002045509308175604	-0.0008783124690982365	-0.0003782288593879208
-0.002577674411858122	-0.002044498806836901	-0.000879288842265017	-0.0003775977790410923
-0.002578824936662418	-0.0020434857990756974	-0.0008802670904075789	-0.000376964849236687
-0.0025799788192955573	-0.0020424702827551732	-0.0008812472155804534	-0.000376330069077246
-0.0025811360657085405	-0.0020414522557424073	-0.0008822292198375044	-0.0003756934376718286
-0.0025822966818568795	-0.0020404317159083735	-0.0008832131052319279	-0.0003750549541360119
-0.00258346067370059	-0.002039408661127942	-0.0008841988738162519	-0.00037441461759189125
-0.0025846280472041996	-0.002038383089279882	-0.0008851865276423373	-0.0003737724271680803
-0.0025857988083367403	-0.0020373549982468575	-0.0008861760687613765	-0.0003731283819997107
-0.002586972963071754	-0.0020363243859154298	-0.0008871674992238949	-0.0003724824812284319
-0.002588150517387289	-0.002035291250176057	-0.0008881608210797496	-0.00037183472400241204
-0.002589331477265903	-0.002034255588923094	-0.0008891560363781301	-0.00037118510947633664
-0.0025905158486946604	-0.002033217400054793	-0.0008901531471675584	-0.0003705336368114099
-0.002591703637665134	-0.0020321766814733015	-0.0008911521554958885	-0.00036988030517535396
-0.0025928948501734044	-0.002031133431084665	-0.0008921530634103071	-0.00036922511374240887
-0.0025940894922200594	-0.002030087646798826	-0.0008931558729573325	-0.0003685680616933332
-0.0025952875698101955	-0.0020290393265296226	-0.0008941605861828156	-0.0003679091482154031
-0.0025964890889534162	-0.0020279884681947908	-0.0008951672051319399	-0.0003672483725024133
-0.0025976940556638336	-0.002026935069715962	-0.0008961757318492206	-0.00036658573375467616
-0.0025989024759600675	-0.0020258791290186655	-0.0008971861683785054	-0.0003659212311790226
-0.002600114355865244	-0.002024820644032327	-0.0008981985167629743	-0.00036525486398880137
-0.002601329701407	-0.0020237596126902696	-0.0008992127790451397	-0.00036458663140387934
-0.0026025485186174785	-0.0020226960329297115	-0.000900228957266846	-0.0003639165326506416
-0.0026037708135333297	-0.00202162990269177	-0.00090124705346927	-0.0003632445669619911
-0.0026049965921957122	-0.0020205612199214558	-0.0009022670696929207	-0.0003625707335773493
-0.002606225860650294	-0.0020194899825676806	-0.0009032890079776394	-0.0003618950317426553
-0.0026074586249472476	-0.002018416188583249	-0.0009043128703625998	-0.00036121746071036677
-0.0026086948911412562	-0.0020173398359248657	-0.0009053386588863077	-0.0003605380197394592
-0.0026099346652915106	-0.002016260922553129	-0.0009063663755866011	-0.000359856708095426
-0.002611177953461708	-0.0020151794464325365	-0.0009073960225006505	-0.0003591735250502792
-0.0026124247617200546	-0.002014095405531481	-0.0009084276016649586	-0.00035848846988254825
-0.0026136750961392634	-0.002013008797822252	-0.0009094611151153601	-0.00035780154187728126
-0.0026149289627965563	-0.002011919621281038	-0.0009104965648870224	-0.0003571127403260444
-0.002616186367773662	-0.002010827873887921	-0.0009115339530144448	-0.0003564220645269217
-0.002617447317156819	-0.002009733553626882	-0.000912573281531459	-0.0003557295137845154
-0.002618711817036771	-0.002008636658485799	-0.0009136145524712291	-0.0003550350874099458
-0.002619979873508771	-0.0020075371864564442	-0.0009146577678662513	-0.0003543387847208514
-0.00262125149267258	-0.002006435135534489	-0.000915702929748354	-0.00035364060504138874
-0.0026225266806324653	-0.002005330503719501	-0.0009167500401486983	-0.00035294054770223246
-0.002623805443497206	-0.0020042232890149433	-0.000917799101097777	-0.00035223861204057507
-0.002625087787380083	-0.002003113489428179	-0.0009188501146254152	-0.0003515347974001278
-0.0026263737183988907	-0.0020020011029704635	-0.0009199030827607709	-0.0003508291031311195
-0.0026276632426759272	-0.0020008861276569526	-0.0009209580075323337	-0.00035012152859029713
-0.0026289563663380016	-0.0019997685615066973	-0.0009220148909679259	-0.0003494120731409257
-0.002630253095516427	-0.0019986484025426446	-0.0009230737350947016	-0.00034870073615278876
-0.0026315534363470297	-0.00199752564879164	-0.0009241345419391477	-0.0003479875170021876
-0.0026328573949701392	-0.0019964002982844255	-0.000925197313527083	-0.0003472724150719416
-0.0026341649775305947	-0.0019952723490556383	-0.0009262620518836587	-0.00034655542975138814
-0.0026354761901777432	-0.001994141799143814	-0.0009273287590333581	-0.00034583656043638315
-0.002636791039065439	-0.0019930086465913847	-0.0009283974369999971	-0.0003451158065293004
-0.0026381095303520444	-0.001991872889444678	-0.0009294680878067237	-0.00034439316743903163
-0.0026394316702004306	-0.0019907345257539196	-0.0009305407134760182	-0.0003436686425809868
-0.0026407574647779757	-0.001989593553573231	-0.0009316153160296929	-0.000342942231377094
-0.0026420869202565646	-0.001988449970960632	-0.0009326918974888925	-0.00034221393325579953
-0.0026434200428125925	-0.0019873037759780376	-0.0009337704598740943	-0.00034148374765206733
-0.00264475683862696	-0.0019861549666912604	-0.0009348510052051074	-0.00034075167400738005
-0.002646097313885076	-0.0019850035411700085	-0.0009359335355010736	-0.00034001771176973817
-0.0026474414747768597	-0.001983849497487889	-0.0009370180527804667	-0.0003392818603936601
-0.0026487893274967354	-0.0019826928337224035	-0.0009381045590610927	-0.0003385441193401826
-0.0026501408782436363	-0.001981533547954952	-0.00093919305636009	-0.0003378044880768605
-0.0026514961332210025	-0.001980371638270831	-0.0009402835466939293	-0.0003370629660777666
-0.0026528550986367827	-0.001979207102759232	-0.0009413760320784134	-0.00033631955282349213
-0.002654217780703435	-0.001978039939513246	-0.0009424705145286776	-0.00033557424780114565
-0.002655584185637922	-0.001976870146629858	-0.0009435669960591894	-0.00033482705050435466
-0.0026569543196617164	-0.001975697722209952	-0.0009446654786837484	-0.0003340779604332645
-0.0026583281890007983	-0.0019745226643583086	-0.0009457659644154866	-0.0003333269770945385
-0.002659705799885656	-0.0019733449711836033	-0.0009468684552668681	-0.0003325741000013583
-0.002661087158551284	-0.0019721646407984098	-0.0009479729532496896	-0.00033181932867342313
-0.002662472271237187	-0.0019709816713191983	-0.00094907946037508	-0.00033106266263695076
-0.0026638611441873756	-0.0019697960608663365	-0.0009501879786534999	-0.0003303041014246772