0.02406341798470801
0.02406382716315762
0.024064236262691586
0.02406464528331325
0.024065054225025927
0.024065463087832938
0.024065871871737577
0.024066280576743142
0.024066689202852914
0.024067097750070158
0.024067506218398135
0.024067914607840097
0.02406832291839928
0.024068731150078907
0.024069139302882195
0.02406954737681235
0.024069955371872565
0.02407036328806602
0.024070771125395893
0.024071178883865337
0.024071586563477507
0.024071994164235548
0.024072401686142577
0.02407280912920172
0.02407321649341608
0.024073623778788755
0.024074030985322827
0.024074438113021374
0.024074845161887456
0.024075252131924126
0.024075659023134424
0.024076065835521385
0.024076472569088028
0.02407687922383736
0.024077285799772377
0.024077692296896075
0.024078098715211417
0.02407850505472138
0.024078911315428914
0.02407931749733696
0.024079723600448452
0.024080129624766317
0.02408053557029346
0.024080941437032783
0.024081347224987174
0.02408175293415952
0.024082158564552675
0.024082564116169505
0.02408296958901285
0.024083374983085555
0.02408378029839043
0.0240841855349303
0.02408459069270796
0.024084995771726205
0.024085400771987814
0.024085805693495558
0.024086210536252196
0.02408661530026047
0.02408701998552313
0.02408742459204289
0.024087829119822473
0.024088233568864578
0.0240886379391719
0.02408904223074712
0.024089446443592913
0.024089850577711947
0.024090254633106857
0.02409065860978029
0.024091062507734875
0.02409146632697323
0.024091870067497953
0.024092273729311654
0.024092677312416908
0.02409308081681629
0.024093484242512366
0.024093887589507687
0.024094290857804793
0.02409469404740622
0.02409509715831448
0.024095500190532085
0.024095903144061535
0.024096306018905313
0.024096708815065898
0.02409711153254575
0.024097514171347333
0.024097916731473084
0.024098319212925434
0.02409872161570681
0.024099123939819618
0.024099526185266264
0.024099928352049126
0.024100330440170598
0.024100732449633035
0.024101134380438802
0.024101536232590235
0.024101938006089677
0.02410233970093945
0.024102741317141862
0.024103142854699222
0.02410354431361382
0.02410394569388793
0.024104346995523836
0.024104748218523778
0.024105149362890016
0.024105550428624785
0.024105951415730305
0.024106352324208803
0.024106753154062473
0.02410715390529351
0.0241075545779041
0.024107955171896407
0.024108355687272605
0.02410875612403484
0.024109156482185243
0.024109556761725943
0.024109956962659065
0.024110357084986715
0.02411075712871098
0.024111157093833952
0.024111556980357704
0.0241119567882843
0.024112356517615785
0.024112756168354208
0.024113155740501595
0.024113555234059964
0.02411395464903133
0.024114353985417683
0.024114753243221022
0.024115152422443307
0.024115551523086518
0.024115950545152594
0.02411634948864349
0.024116748353561136
0.024117147139907452
0.02411754584768435
0.024117944476893728
0.02411834302753748
0.02411874149961748
0.02411913989313559
0.024119538208093677
0.02411993644449358
0.024120334602337135
0.024120732681626168
0.024121130682362484
0.024121528604547894
0.024121926448184186
0.02412232421327314
0.024122721899816523
0.0241231195078161
0.024123517037273612
0.024123914488190793
0.024124311860569382
0.024124709154411082
0.024125106369717608
0.02412550350649064
0.02412590056473187
0.024126297544442964
0.02412669444562559
0.02412709126828139
0.024127488012412008
0.024127884678019067
0.024128281265104187
0.024128677773668974
0.024129074203715024
0.024129470555243924
0.02412986682825724
0.024130263022756546
0.024130659138743384
0.0241310551762193
0.024131451135185823
0.024131847015644466
0.02413224281759675
0.02413263854104417
0.0241330341859882
0.024133429752430328
0.02413382524037202
0.024134220649814724
0.02413461598075988
0.02413501123320893
0.024135406407163287
0.02413580150262437
0.02413619651959357
0.02413659145807228
0.024136986318061878
0.024137381099563735
0.024137775802579198
0.024138170427109622
0.02413856497315633
0.02413895944072066
0.02413935382980391
0.02413974814040739
0.024140142372532394
0.024140536526180194
0.024140930601352067
0.024141324598049265
0.02414171851627304
0.024142112356024627
0.024142506117305246
0.024142899800116125
0.02414329340445846
0.024143686930333436
0.02414408037774225
0.024144473746686067
0.024144867037166045
0.02414526024918334
0.024145653382739083
0.024146046437834405
0.024146439414470425
0.02414683231264825
0.02414722513236897
0.02414761787363368
0.024148010536443432
0.02414840312079931
0.02414879562670236
0.024149188054153625
0.024149580403154125
0.02414997267370489
0.02415036486580692
0.024150756979461216
0.024151149014668763
0.024151540971430546
0.024151932849747516
0.024152324649620634
0.02415271637105084
0.024153108014039075
0.02415349957858625
0.02415389106469328
0.02415428247236106
0.024154673801590483
0.024155065052382428
0.02415545622473776
0.02415584731865733
0.024156238334141992
0.024156629271192578
0.024157020129809904
0.024157410909994795
0.024157801611748044
0.024158192235070444
0.024158582779962773
0.024158973246425807
0.024159363634460296
0.02415975394406699
0.024160144175246624
0.024160534327999927
0.024160924402327616
0.024161314398230386
0.024161704315708937
0.02416209415476395
0.024162483915396094
0.02416287359760603
0.02416326320139441
0.024163652726761867
0.024164042173709037
0.02416443154223653
0.024164820832344953
0.024165210044034904
0.024165599177306967
0.024165988232161713
0.024166377208599703
0.024166766106621496
0.024167154926227622
0.02416754366741862
0.024167932330195006
0.024168320914557288
0.02416870942050596
0.024169097848041513
0.02416948619716442
0.02416987446787515
0.02417026266017415
0.024170650774061865
0.024171038809538734
0.02417142676660516
0.024171814645261577
0.02417220244550837
0.02417259016734593
0.024172977810774633
0.02417336537579485
0.024173752862406937
0.024174140270611235
0.024174527600408082
0.024174914851797794
0.024175302024780694
0.024175689119357073
0.02417607613552723
0.02417646307329144
0.024176849932649975
0.02417723671360309
0.024177623416151036
0.024178010040294046
0.024178396586032345
0.02417878305336615
0.024179169442295662
0.024179555752821078
0.024179941984942575
0.02418032813866033
0.024180714213974497
0.02418110021088523
0.024181486129392662
0.024181871969496928
0.02418225773119814
0.024182643414496403
0.024183029019391813
0.024183414545884456
0.0241837999939744
0.02418418536366172
0.02418457065494645
0.024184955867828643
0.024185341002308323
0.02418572605838551
0.024186111036060214
0.024186495935332432
0.024186880756202143
0.02418726549866933
0.02418765016273396
0.02418803474839598
0.024188419255655336
0.024188803684511956
0.02418918803496577
0.02418957230701668
0.024189956500664585
0.024190340615909373
0.02419072465275093
0.024191108611189113
0.024191492491223782
0.02419187629285478
0.024192260016081945
0.024192643660905094
0.024193027227324047
0.024193410715338596
0.024193794124948542
0.024194177456153657
0.02419456070895371
0.02419494388334846
0.02419532697933766
0.024195709996921038
0.02419609293609832
0.02419647579686923
0.024196858579233455
0.024197241283190705
0.024197623908740647
0.02419800645588296
0.024198388924617308
0.024198771314943326
0.024199153626860665
0.02419953586036895
0.024199918015467795
0.024200300092156807
0.02420068209043558
0.024201064010303697
0.024201445851760737
0.02420182761480625
0.024202209299439798
0.02420259090566092
0.02420297243346914
0.024203353882863984
0.024203735253844956
0.024204116546411553
0.02420449776056326
0.024204878896299558
0.0242052599536199
0.02420564093252375
0.024206021833010547
0.02420640265507972
0.024206783398730697
0.02420716406396288
0.02420754465077567
0.024207925159168458
0.02420830558914062
0.024208685940691522
0.024209066213820525
0.024209446408526965
0.02420982652481017
0.024210206562669485
0.024210586522104206
0.02421096640311364
0.02421134620569707
0.024211725929853784
0.024212105575583048
0.024212485142884117
0.02421286463175624
0.024213244042198653
0.024213623374210583
0.024214002627791237
0.02421438180293983
0.024214760899655543
0.024215139917937566
0.024215518857785064
0.024215897719197202
0.024216276502173124
0.024216655206711974
0.024217033832812873
0.024217412380474933
0.024217790849697274
0.02421816924047898
0.02421854755281914
0.02421892578671683
0.0242193039421711
0.02421968201918101
0.024220060017745598
0.024220437937863895
0.02422081577953492
0.024221193542757674
0.02422157122753116
0.024221948833854364
0.02422232636172626
0.02422270381114581
0.024223081182111972
0.02422345847462368
0.024223835688679876
0.024224212824279473
0.024224589881421385
0.024224966860104506
0.024225343760327728
0.024225720582089928
0.024226097325389974
0.02422647399022672
0.024226850576599013
0.024227227084505677
0.024227603513945543
0.024227979864917423
0.024228356137420113
0.024228732331452413
0.024229108447013092
0.02422948448410092
0.024229860442714662
0.024230236322853056
0.02423061212451484
0.024230987847698747
0.02423136349240348
0.02423173905862775
0.02423211454637024
0.024232489955629644
0.024232865286404618
0.024233240538693836
0.02423361571249594
0.02423399080780957
0.02423436582463335
0.024234740762965896
0.02423511562280582
0.02423549040415171
0.024235865107002152
0.024236239731355715
0.02423661427721097
0.024236988744566458
0.024237363133420724
0.024237737443772295
0.024238111675619692
0.02423848582896142
0.02423885990379598
0.02423923390012185
0.024239607817937516
0.02423998165724143
0.024240355418032048
0.024240729100307824
0.024241102704067173
0.02424147622930853
0.024241849676030287
0.024242223044230862
0.02424259633390863
0.024242969545061978
0.02424334267768926
0.02424371573178884
0.02424408870735906
0.024244461604398252
0.024244834422904742
0.024245207162876842
0.024245579824312847
0.024245952407211054
0.024246324911569733
0.024246697337387164
0.0242470696846616
0.024247441953391284
0.02424781414357445
0.02424818625520933
0.02424855828829414
0.02424893024282707
0.024249302118806326
0.02424967391623008
0.024250045635096504
0.024250417275403766
0.024250788837150004
0.024251160320333358
0.02425153172495196
0.02425190305100392
0.02425227429848735
0.024252645467400337
0.02425301655774097
0.02425338756950732
0.024253758502697446
0.024254129357309404
0.024254500133341225
0.02425487083079095
0.024255241449656583
0.024255611989936147
0.02425598245162763
0.024256352834729017
0.024256723139238285
0.024257093365153398
0.024257463512472308
0.024257833581192958
0.024258203571313277
0.024258573482831187
0.0242589433157446
0.02425931307005141
0.024259682745749505
0.024260052342836767
0.024260421861311058
0.02426079130117023
0.024261160662412136
0.024261529945034603
0.024261899149035454
0.024262268274412503
0.02426263732116354
0.024263006289286376
0.024263375178778773
0.024263743989638504
0.02426411272186333
0.024264481375450994
0.02426484995039923
0.02426521844670576
0.02426558686436831
0.02426595520338457
0.024266323463752234
0.024266691645468987
0.0242670597485325
0.02426742777294043
0.02426779571869043
0.02426816358578013
0.02426853137420716
0.02426889908396914
0.02426926671506367
0.024269634267488346
0.024270001741240745
0.024270369136318456
0.024270736452719023
0.024271103690440006
0.024271470849478945
0.02427183792983336
0.02427220493150078
0.02427257185447871
0.024272938698764644
0.024273305464356063
0.024273672151250446
0.024274038759445258
0.024274405288937956
0.024274771739725972
0.02427513811180674
0.024275504405177686
0.02427587061983621
0.02427623675577972
0.024276602813005595
0.02427696879151122
0.02427733469129395
0.024277700512351154
0.024278066254680167
0.024278431918278325
0.024278797503142945
0.024279163009271347
0.024279528436660827
0.024279893785308673
0.02428025905521217
0.02428062424636858
0.02428098935877516
0.024281354392429164
0.024281719347327816
0.02428208422346835
0.024282449020847974
0.024282813739463893
0.024283178379313295
0.02428354294039337
0.02428390742270128
0.024284271826234185
0.024284636150989237
0.02428500039696357
0.024285364564154314
0.024285728652558587
0.024286092662173485
0.02428645659299611
0.02428682044502354
0.02428718421825285
0.0242875479126811
0.024287911528305343
0.02428827506512262
0.02428863852312995
0.024289001902324366
0.02428936520270286
0.024289728424262438
0.02429009156700008
0.024290454630912766
0.024290817615997454
0.024291180522251096
0.02429154334967064
0.024291906098253012
0.024292268767995135
0.024292631358893913
0.024292993870946255
0.024293356304149038
0.02429371865849914
0.024294080933993434
0.024294443130628767
0.024294805248401986
0.024295167287309922
0.024295529247349398
0.024295891128517228
0.024296252930810208
0.024296614654225134
0.024296976298758776
0.024297337864407912
0.024297699351169294
0.02429806075903966
0.02429842208801576
0.02429878333809431
0.024299144509272026
0.0242995056015456
0.02429986661491174
0.02430022754936712
0.024300588404908414
0.02430094918153227
0.024301309879235348
0.024301670498014277
0.024302031037865688
0.024302391498786196
0.024302751880772404
0.024303112183820908
0.02430347240792829
0.024303832553091122
0.02430419261930597
0.024304552606569375
0.02430491251487788
0.02430527234422802
0.024305632094616305
0.02430599176603925
0.024306351358493333
0.02430671087197506
0.024307070306480896
0.02430742966200731
0.024307788938550744
0.024308148136107648
0.024308507254674448
0.02430886629424757
0.024309225254823416
0.02430958413639839
0.024309942938968876
0.02431030166253125
0.02431066030708188
0.024311018872617118
0.02431137735913331
0.024311735766626787
0.024312094095093873
0.024312452344530878
0.024312810514934103
0.024313168606299836
0.024313526618624355
0.02431388455190393
0.024314242406134817
0.02431460018131326
0.0243149578774355
0.02431531549449776
0.02431567303249624
0.024316030491427162
0.024316387871286708
0.024316745172071056
0.024317102393776376
0.02431745953639883
0.024317816599934573
0.02431817358437973
0.024318530489730435
0.0243188873159828
0.024319244063132926
0.024319600731176918
0.024319957320110847
0.024320313829930794
0.024320670260632813
0.024321026612212956
0.024321382884667266
0.024321739077991768
0.024322095192182484
0.024322451227235413
0.02432280718314656
0.024323163059911904
0.024323518857527416
0.024323874575989068
0.024324230215292803
0.024324585775434573
0.0243249412564103
0.02432529665821591
0.024325651980847306
0.024326007224300387
0.024326362388571044
0.02432671747365515
0.024327072479548573
0.024327427406247167
0.024327782253746773
0.02432813702204322
0.02432849171113234
0.02432884632100994
0.024329200851671815
0.024329555303113762
0.024329909675331555
0.024330263968320963
0.02433061818207774
0.02433097231659764
0.024331326371876388
0.02433168034790971
0.024332034244693324
0.024332388062222925
0.024332741800494214
0.024333095459502862
0.02433344903924455
0.02433380253971492
0.024334155960909633
0.024334509302824325
0.024334862565454616
0.024335215748796126
0.02433556885284446
0.024335921877595205
0.024336274823043954
0.024336627689186274
0.024336980476017723
0.024337333183533857
0.02433768581173021
0.02433803836060231
0.024338390830145676
0.02433874322035582
0.02433909553122823
0.02433944776275839
0.02433979991494178
0.024340151987773864
0.024340503981250088
0.024340855895365898
0.024341207730116717
0.024341559485497974
0.024341911161505074
0.024342262758133414
0.02434261427537838
0.024342965713235347
0.02434331707169969
0.024343668350766755
0.024344019550431886
0.024344370670690414
0.024344721711537665
0.024345072672968947
0.024345423554979564
0.0243457743575648
0.024346125080719937
0.024346475724440236
0.024346826288720962
0.024347176773557355
0.024347527178944655
0.02434787750487808
0.02434822775135284
0.024348577918364152
0.024348928005907194
0.024349278013977144
0.024349627942569188
0.024349977791678468
0.024350327561300136
0.024350677251429333
0.024351026862061188
0.024351376393190807
0.024351725844813297
0.024352075216923758
0.024352424509517263
0.02435277372258889
0.024353122856133697
0.024353471910146734
0.02435382088462304
0.024354169779557643
0.024354518594945564
0.024354867330781804
0.02435521598706136
0.02435556456377922
0.024355913060930358
0.02435626147850973
0.02435660981651229
0.024356958074932985
0.024357306253766742
0.024357654353008483
0.024358002372653113
0.02435835031269553
0.02435869817313062
0.024359045953953263
0.024359393655158317
0.024359741276740645
0.024360088818695086
0.024360436281016466
0.024360783663699617
0.024361130966739346
0.024361478190130455
0.02436182533386773
0.02436217239794595
0.024362519382359876
0.02436286628710427
0.02436321311217388
0.02436355985756344
0.02436390652326767
0.024364253109281288
0.02436459961559899
0.02436494604221547
0.024365292389125406
0.024365638656323473
0.024365984843804322
0.024366330951562605
0.024366676979592963
0.02436702292789001
0.02436736879644837
0.02436771458526265
0.024368060294327434
0.02436840592363731
0.024368751473186845
0.024369096942970608
0.02436944233298314
0.024369787643218982
0.024370132873672668
0.024370478024338706
0.02437082309521161
0.024371168086285873
0.024371512997555973
0.024371857829016397
0.024372202580661598
0.024372547252486023
0.02437289184448413
0.024373236356650334
0.024373580788979058
0.024373925141464716
0.0243742694141017
0.024374613606884397
0.024374957719807185
0.02437530175286443
0.024375645706050476
0.024375989579359682
0.02437633337278637
0.024376677086324863
0.02437702071996947
0.024377364273714494
0.024377707747554225
0.024378051141482934
0.024378394455494896
0.024378737689584363
0.024379080843745585
0.024379423917972785
0.024379766912260202
0.024380109826602037
0.024380452660992494
0.024380795415425767
0.024381138089896035
0.02438148068439747
0.02438182319892422
0.024382165633470447
0.024382507988030277
0.024382850262597837
0.02438319245716725
0.024383534571732604
0.024383876606288008
0.024384218560827536
0.02438456043534526
0.024384902229835245
0.024385243944291535
0.024385585578708173
0.024385927133079185
0.02438626860739859
0.024386610001660387
0.02438695131585858
0.024387292549987147
0.024387633704040065
0.024387974778011298
0.024388315771894795
0.024388656685684497
0.02438899751937433
0.024389338272958222
0.024389678946430075
0.02439001953978379
0.024390360053013246
0.02439070048611233
0.024391040839074896
0.024391381111894803
0.0243917213045659
0.02439206141708201
0.024392401449436954
0.02439274140162455
0.02439308127363859
0.02439342106547287
0.02439376077712116
0.02439410040857723
0.02439443995983484
0.024394779430887727
0.024395118821729633
0.024395458132354275
0.024395797362755375
0.02439613651292662
0.024396475582861715
0.024396814572554333
0.024397153481998148
0.02439749231118681
0.024397831060113968
0.02439816972877326
0.024398508317158323
0.024398846825262752
0.024399185253080168
0.02439952360060415
0.024399861867828287
0.024400200054746152
0.0244005381613513
0.024400876187637283
0.02440121413359764
0.0244015519992259
0.02440188978451558
0.02440222748946018
0.0244025651140532
0.024402902658288126
0.024403240122158422
0.024403577505657564
0.024403914808778994
0.024404252031516156
0.024404589173862474
0.024404926235811378
0.02440526321735627
0.024405600118490547
0.024405936939207597
0.024406273679500795
0.0244066103393635
0.024406946918789075
0.024407283417770858
0.024407619836302182
0.024407956174376366
0.024408292431986722
0.024408628609126553
0.02440896470578914
0.024409300721967765
0.024409636657655692
0.02440997251284618
0.02441030828753248
0.024410643981707808
0.024410979595365402
0.02441131512849847
0.02441165058110022
0.02441198595316383
0.02441232124468249
0.024412656455649367
0.024412991586057614
0.024413326635900384
0.02441366160517081
0.02441399649386202
0.024414331301967126
0.02441466602947923
0.024415000676391428
0.024415335242696807
0.024415669728388423
0.024416004133459353
0.024416338457902635
0.02441667270171131
0.02441700686487841
0.024417340947396945
0.024417674949259924
0.024418008870460337
0.02441834271099118
0.02441867647084542
0.02441901015001602
0.024419343748495925
0.02441967726627808
0.024420010703355418
0.024420344059720857
0.024420677335367298
0.024421010530287647
0.024421343644474784
0.024421676677921583
0.024422009630620915
0.024422342502565635
0.024422675293748575
0.024423008004162576
0.02442334063380045
0.024423673182655023
0.024424005650719078
0.02442433803798541
0.024424670344446793
0.024425002570096003
0.024425334714925785
0.02442566677892889
0.024425998762098052
0.024426330664425986
0.02442666248590542
0.024426994226529036
0.02442732588628954
0.024427657465179605
0.024427988963191902
0.02442832038031908
0.024428651716553805
0.024428982971888693
0.02442931414631638
0.02442964523982948
0.02442997625242059
0.024430307184082314
0.02443063803480722
0.02443096880458789
0.024431299493416877
0.024431630101286735
0.02443196062819
0.0244322910741192
0.02443262143906685
0.024432951723025464
0.02443328192598752
0.024433612047945516
0.02443394208889192
0.024434272048819195
0.024434601927719794
0.02443493172558615
0.0244352614424107
0.024435591078185864
0.02443592063290404
0.024436250106557637
0.024436579499139032
0.024436908810640603
0.024437238041054715
0.02443756719037372
0.024437896258589963
0.024438225245695774
0.024438554151683473
0.024438882976545374
0.02443921172027377
0.024439540382860954
0.024439868964299203
0.02444019746458078
0.024440525883697942
0.024440854221642935
0.024441182478407996
0.024441510653985338
0.024441838748367185
0.024442166761545727
0.024442494693513162
0.024442822544261663
0.024443150313783406
0.024443478002070546
0.02444380560911523
0.02444413313490959
0.02444446057944575
0.024444787942715835
0.02444511522471194
0.02444544242542616
0.024445769544850577
0.024446096582977257
0.024446423539798267
0.02444675041530565
0.024447077209491446
0.024447403922347684
0.024447730553866377
0.024448057104039533
0.02444838357285915
0.024448709960317207
0.024449036266405672
0.024449362491116518
0.024449688634441687
0.02445001469637313
0.02445034067690276
0.02445066657602251
0.02445099239372428
0.024451318129999972
0.024451643784841468
0.024451969358240642
0.024452294850189363
0.02445262026067948
0.024452945589702842
0.02445327083725127
0.024453596003316595
0.024453921087890615
0.02445424609096514
0.024454571012531953
0.024454895852582835
0.024455220611109545
0.024455545288103845
0.024455869883557475
0.02445619439746217
0.024456518829809655
0.024456843180591645
0.02445716744979983
0.02445749163742591
0.024457815743461557
0.024458139767898446
0.024458463710728233
0.024458787571942565
0.024459111351533076
0.02445943504949139
0.02445975866580912
0.024460082200477875
0.024460405653489246
0.02446072902483481
0.02446105231450614
0.02446137552249479
0.024461698648792322
0.024462021693390266
0.02446234465628015
0.02446266753745348
0.02446299033690178
0.024463313054616537
0.02446363569058923
0.024463958244811332
0.024464280717274307
0.02446460310796961
0.024464925416888675
0.024465247644022938
0.024465569789363813
0.024465891852902703
0.02446621383463101
0.024466535734540124
0.024466857552621412
0.02446717928886624
0.024467500943265965
0.02446782251581192
0.024468144006495447
0.024468465415307863
0.024468786742240473
0.02446910798728458
0.024469429150431474
0.02446975023167243
0.024470071230998706
0.02447039214840157
0.02447071298387226
0.02447103373740201
0.024471354408982043
0.02447167499860357
0.024471995506257796
0.024472315931935905
0.02447263627562908
0.024472956537328488
0.02447327671702529
0.024473596814710626
0.02447391683037563
0.024474236764011437
0.024474556615609155
0.024474876385159886
0.024475196072654727
0.02447551567808475
0.024475835201441035
0.02447615464271464
0.02447647400189661
0.02447679327897798
0.02447711247394978
0.02447743158680303
0.024477750617528736
0.024478069566117887
0.024478388432561466
0.024478707216850446
0.024479025918975796
0.024479344538928458
0.024479663076699375
0.02447998153227948
0.024480299905659683
0.024480618196830894
0.024480936405784016
0.024481254532509926
0.024481572576999504
0.02448189053924361
0.0244822084192331
0.024482526216958816
0.024482843932411593
0.024483161565582237
0.024483479116461572
0.02448379658504039
0.024484113971309486
0.02448443127525963
0.024484748496881585
0.024485065636166113
0.024485382693103956
0.024485699667685847
0.024486016559902506
0.024486333369744647
0.02448665009720297
0.024486966742268173
0.02448728330493092
0.02448759978518189
0.024487916183011736
0.02448823249841111
0.024488548731370633
0.024488864881880946
0.024489180949932653
0.024489496935516362
0.024489812838622664
0.024490128659242136
0.024490444397365353
0.024490760052982875
0.024491075626085244
0.024491391116663007
0.024491706524706686
0.024492021850206793
0.024492337093153838
0.024492652253538312
0.024492967331350705
0.02449328232658148
0.024493597239221104
0.024493912069260024
0.024494226816688686
0.024494541481497514
0.024494856063676927
0.02449517056321733
0.024495484980109127
0.024495799314342693
0.02449611356590841
0.02449642773479664
0.024496741820997734
0.024497055824502036
0.02449736974529988
0.02449768358338158
0.02449799733873744
0.024498311011357778
0.024498624601232862
0.024498938108352977
0.02449925153270839
0.024499564874289358
0.024499878133086114
0.0245001913090889
0.02450050440228794
0.024500817412673438
0.0245011303402356
0.024501443184964618
0.02450175594685066
0.02450206862588391
0.024502381222054507
0.024502693735352608
0.02450300616576835
0.024503318513291857
0.024503630777913236
0.024503942959622594
0.024504255058410022
0.024504567074265602
0.024504879007179403
0.024505190857141486
0.0245055026241419
0.024505814308170674
0.024506125909217847
0.024506437427273427
0.024506748862327416
0.024507060214369818
0.024507371483390612
0.02450768266937977
0.024507993772327246
0.024508304792223
0.02450861572905697
0.02450892658281908
0.02450923735349925
0.024509548041087393
0.024509858645573403
0.024510169166947156
0.024510479605198535
0.024510789960317404
0.02451110023229361
0.024511410421116996
0.024511720526777404
0.024512030549264634
0.024512340488568513
0.02451265034467883
0.024512960117585372
0.024513269807277922
0.024513579413746243
0.02451388893698008
0.024514198376969193
0.024514507733703308
0.02451481700717214
0.024515126197365414
0.02451543530427282
0.024515744327884052
0.02451605326818879
0.024516362125176695
0.024516670898837432
0.02451697958916064
0.024517288196135963
0.024517596719753017
0.024517905160001418
0.02451821351687077
0.02451852179035066
0.024518829980430677
0.024519138087100382
0.024519446110349345
0.0245197540501671
0.024520061906543197
0.024520369679467153
0.024520677368928493
0.024520984974916716
0.024521292497421313
0.02452159993643177
0.024521907291937563
0.024522214563928148
0.024522521752392976
0.02452282885732149
0.02452313587870312
0.024523442816527272
0.024523749670783367
0.02452405644146079
0.024524363128548932
0.02452466973203717
0.02452497625191486
0.02452528268817136
0.024525589040796006
0.024525895309778136
0.024526201495107064
0.0245265075967721
0.024526813614762544
0.02452711954906768
0.02452742539967679
0.02452773116657914
0.024528036849763974
0.024528342449220548
0.02452864796493809
0.024528953396905816
0.02452925874511295
0.024529564009548678
0.024529869190202204
0.024530174287062695
0.02453047930011932
0.02453078422936124
0.024531089074777603
0.024531393836357537
0.02453169851409017
0.024532003107964613
0.024532307617969974
0.024532612044095337
0.02453291638632979
0.024533220644662394
0.024533524819082216
0.0245338289095783
0.024534132916139685
0.024534436838755398
0.024534740677414454
0.02453504443210585
0.024535348102818592
0.024535651689541655
0.024535955192264015
0.02453625861097463
0.02453656194566245
0.024536865196316416
0.02453716836292546
0.02453747144547849
0.02453777444396442
0.024538077358372143
0.024538380188690548
0.024538682934908504
0.024538985597014874
0.02453928817499851
0.02453959066884826
0.024539893078552952
0.02454019540410141
0.02454049764548243
0.024540799802684816
0.02454110187569736
0.024541403864508832
0.024541705769108003
0.024542007589483623
0.024542309325624432
0.024542610977519173
0.024542912545156562
0.024543214028525308
0.024543515427614116
0.02454381674241167
0.024544117972906655
0.02454441911908773
0.02454472018094356
0.024545021158462785
0.024545322051634046
0.024545622860445957
0.024545923584887136
0.02454622422494619
0.024546524780611707
0.024546825251872264
0.024547125638716437
0.024547425941132784
0.024547726159109846
0.024548026292636162
0.024548326341700268
0.024548626306290667
0.02454892618639587
0.024549225982004368
0.024549525693104646
0.02454982531968517
0.02455012486173441
0.02455042431924081
0.024550723692192807
0.024551022980578832
0.024551322184387304
0.024551621303606632
0.024551920338225203
0.02455221928823141
0.024552518153613628
0.024552816934360212
0.024553115630459515
0.024553414241899885
0.024553712768669647
0.024554011210757128
0.024554309568150627
0.024554607840838443
0.02455490602880887
0.02455520413205018
0.024555502150550634
0.024555800084298494
0.024556097933282
0.024556395697489384
0.024556693376908866
0.02455699097152866
0.024557288481336963
0.02455758590632197
0.024557883246471852
0.02455818050177478
0.02455847767221891
0.02455877475779239
0.02455907175848335
0.024559368674279918
0.024559665505170202
0.024559962251142313
0.024560258912184333
0.024560555488284345
0.024560851979430417
0.024561148385610614
0.024561444706812978
0.02456174094302555
0.02456203709423635
0.024562333160433398
0.024562629141604692
0.02456292503773824
0.024563220848822006
0.02456351657484397
0.0245638122157921
0.024564107771654332
0.02456440324241862
0.024564698628072874
0.024564993928605026
0.024565289144002984
0.024565584274254627
0.024565879319347856
0.024566174279270537
0.024566469154010534
0.0245667639435557
0.024567058647893877
0.02456735326701289
0.024567647800900566
0.02456794224954471
0.024568236612933118
0.024568530891053576
0.024568825083893867
0.024569119191441748
0.024569413213684974
0.02456970715061129
0.024570001002208436
0.024570294768464125
0.02457058844936607
0.024570882044901966
0.02457117555505951
0.024571468979826372
0.024571762319190227
0.024572055573138726
0.024572348741659516
0.024572641824740234
0.024572934822368494
0.024573227734531924
0.024573520561218115
0.024573813302414663
0.024574105958109143
0.02457439852828913
0.024574691012942178
0.02457498341205584
0.02457527572561764
0.024575567953615124
0.024575860096035792
0.024576152152867153
0.024576444124096698
0.02457673600971191
0.024577027809700266
0.024577319524049217
0.02457761115274622
0.02457790269577871
0.024578194153134118
0.02457848552479986
0.02457877681076334
0.024579068011011954
0.02457935912553309
0.02457965015431412
0.024579941097342406
0.024580231954605295
0.024580522726090136
0.024580813411784256
0.02458110401167497
0.024581394525749593
0.02458168495399542
0.02458197529639974
0.024582265552949827
0.02458255572363294
0.024582845808436345
0.02458313580734727
0.024583425720352964
0.024583715547440637
0.024584005288597503
0.024584294943810762
0.0245845845130676
0.024584873996355196
0.02458516339366072
0.02458545270497132
0.024585741930274158
0.024586031069556348
0.024586320122805032
0.024586609090007306
0.024586897971150285
0.02458718676622105
0.024587475475206687
0.024587764098094267
0.024588052634870843
0.024588341085523463
0.024588629450039166
0.02458891772840498
0.024589205920607912
0.024589494026634972
0.024589782046473156
0.024590069980109437
0.02459035782753079
0.024590645588724182
0.02459093326367655
0.024591220852374845
0.024591508354805988
0.0245917957709569
0.024592083100814482
0.024592370344365632
0.02459265750159723
0.02459294457249616
0.024593231557049275
0.024593518455243428
0.024593805267065467
0.024594091992502214
0.02459437863154049
0.024594665184167107
0.024594951650368856
0.024595238030132527
0.024595524323444896
0.02459581053029273
0.024596096650662775
0.024596382684541784
0.02459666863191648
0.02459695449277359
0.024597240267099824
0.024597525954881877
0.024597811556106443
0.0245980970707602
0.024598382498829806
0.024598667840301923
0.024598953095163203
0.02459923826340027
0.02459952334499975
0.024599808339948258
0.024600093248232396
0.024600378069838752
0.024600662804753905
0.024600947452964428
0.024601232014456877
0.0246015164892178
0.02460180087723373
0.0246020851784912
0.024602369392976716
0.024602653520676785
0.024602937561577904
0.024603221515666553
0.024603505382929193
0.0246037891633523
0.024604072856922312
0.024604356463625677
0.024604639983448813
0.024604923416378145
0.024605206762400075
0.024605490021500996
0.0246057731936673
0.024606056278885347
0.024606339277141513
0.02460662218842214
0.024606905012713575
0.024607187750002146
0.024607470400274174
0.024607752963515958
0.024608035439713807
0.024608317828853997
0.02460860013092281
0.02460888234590651
0.02460916447379135
0.02460944651456357
0.024609728468209406
0.024610010334715077
0.02461029211406679
0.02461057380625075
0.024610855411253147
0.024611136929060154
0.024611418359657935
0.024611699703032654
0.02461198095917045
0.02461226212805746
0.024612543209679802
0.024612824204023595
0.024613105111074937
0.02461338593081992
0.024613666663244622
0.024613947308335115
0.024614227866077452
0.024614508336457685
0.024614788719461846
0.024615069015075965
0.02461534922328605
0.02461562934407811
0.024615909377438138
0.024616189323352116
0.02461646918180601
0.024616748952785785
0.024617028636277388
0.02461730823226676
0.024617587740739827
0.024617867161682502
0.024618146495080696
0.0246184257409203
0.0246187048991872
0.02461898396986727
0.02461926295294637
0.024619541848410358
0.024619820656245066
0.024620099376436323
0.02462037800896996
0.02462065655383177
0.024620935011007556
0.024621213380483103
0.024621491662244192
0.024621769856276586
0.02462204796256603
0.024622325981098276
0.024622603911859057
0.02462288175483408
0.024623159510009072
0.024623437177369725
0.024623714756901723
0.02462399224859075
0.024624269652422467
0.02462454696838253
0.02462482419645659
0.02462510133663028
0.02462537838888922
0.02462565535321902
0.024625932229605286
0.024626209018033602
0.024626485718489556
0.02462676233095871
0.024627038855426626
0.024627315291878848
0.024627591640300917
0.024627867900678353
0.02462814407299667
0.024628420157241374
0.02462869615339796
0.024628972061451905
0.024629247881388684
0.02462952361319375
0.02462979925685256
0.02463007481235055
0.024630350279673145
0.024630625658805763
0.02463090094973381
0.024631176152442678
0.024631451266917754
0.024631726293144415
0.024632001231108012
0.0246322760807939
0.024632550842187424
0.024632825515273914
0.024633100100038687
0.02463337459646705
0.024633649004544296
0.024633923324255715
0.024634197555586584
0.024634471698522162
0.024634745753047707
0.024635019719148457
0.02463529359680965
0.0246355673860165
0.024635841086754224
0.02463611469900802
0.024636388222763067
0.024636661658004547
0.02463693500471763
0.024637208262887473
0.02463748143249922
0.024637754513537995
0.024638027505988924
0.02463830040983713
0.024638573225067708
0.024638845951665746
0.024639118589616323
0.02463939113890451
0.024639663599515367
0.024639935971433935
0.024640208254645253
0.024640480449134344
0.024640752554886226
0.0246410245718859
0.02464129650011836
0.024641568339568584
0.024641840090221547
0.024642111752062205
0.024642383325075512
0.024642654809246402
0.0246429262045598
0.024643197511000622
0.02464346872855378
0.024643739857204167
0.024644010896936668
0.02464428184773615
0.024644552709587476
0.024644823482475504
0.024645094166385065
0.024645364761300994
0.02464563526720811
0.024645905684091213
0.024646176011935108
0.02464644625072458
0.0246467164004444
0.024646986461079334
0.024647256432614142
0.02464752631503355
0.024647796108322306
0.024648065812465123
0.024648335427446707
0.024648604953251767
0.024648874389864982
0.024649143737271034
0.02464941299545459
0.0246496821644003
0.024649951244092812
0.02465022023451676
0.024650489135656768
0.024650757947497444
0.024651026670023394
0.0246512953032192
0.02465156384706945
0.02465183230155871
0.024652100666671534
0.024652368942392474
0.02465263712870606
0.024652905225596822
0.024653173233049268
0.02465344115104791
0.02465370897957723
0.024653976718621715
0.02465424436816584
0.024654511928194053
0.024654779398690815
0.024655046779640557
0.024655314071027706
0.024655581272836683
0.024655848385051887
0.024656115407657716
0.024656382340638553
0.024656649183978772
0.024656915937662737
0.02465718260167479
0.02465744917599928
0.024657715660620527
0.02465798205552286
0.02465824836069058
0.02465851457610798
0.024658780701759357
0.02465904673762898
0.02465931268370111
0.02465957853996
0.024659844306389896
0.02466010998297503
0.02466037556969962
0.024660641066547875
0.024660906473504
0.02466117179055217
0.024661437017676577
0.024661702154861374
0.024661967202090726
0.02466223215934877
0.024662497026619642
0.02466276180388747
0.024663026491136355
0.02466329108835041
0.024663555595513715
0.024663820012610357
0.024664084339624397
0.024664348576539895
0.0246646127233409
0.024664876780011443
0.024665140746535554
0.024665404622897246
0.024665668409080518
0.024665932105069364
0.024666195710847764
0.024666459226399696
0.02466672265170911
0.024666985986759957
0.024667249231536178
0.024667512386021696
0.024667775450200432
0.02466803842405629
0.024668301307573158
0.024668564100734924
0.02466882680352546
0.02466908941592863
0.024669351937928283
0.024669614369508257
0.024669876710652384
0.024670138961344474
0.024670401121568347
0.024670663191307795
0.0246709251705466
0.024671187059268535
0.024671448857457378
0.024671710565096865
0.024671972182170744
0.024672233708662745
0.02467249514455659
0.024672756489835992
0.024673017744484643
0.024673278908486238
0.024673539981824446
0.024673800964482937
0.024674061856445363
0.024674322657695372
0.0246745833682166
0.024674843987992665
0.02467510451700717
0.02467536495524373
0.02467562530268593
0.02467588555931735
0.024676145725121553
0.024676405800082103
0.024676665784182546
0.02467692567740641
0.024677185479737226
0.024677445191158505
0.02467770481165375
0.024677964341206456
0.0246782237798001
0.02467848312741815
0.024678742384044074
0.024679001549661315
0.024679260624253314
0.024679519607803492
0.024679778500295266
0.024680037301712046
0.024680296012037223
0.024680554631254178
0.02468081315934629
0.02468107159629691
0.024681329942089405
0.024681588196707096
0.024681846360133326
0.0246821044323514
0.02468236241334464
0.02468262030309633
0.024682878101589763
0.02468313580880821
0.024683393424734936
0.024683650949353195
0.024683908382646225
0.024684165724597258
0.024684422975189517
0.02468468013440621
0.024684937202230535
0.024685194178645675
0.024685451063634817
0.024685707857181112
0.02468596455926773
0.02468622116987781
0.02468647768899448
0.02468673411660087
0.024686990452680087
0.024687246697215236
0.024687502850189398
0.024687758911585655
0.024688014881387083
0.024688270759576726
0.02468852654613764
0.02468878224105286
0.024689037844305407
0.024689293355878293
0.024689548775754522
0.02468980410391709
0.02469005934034897
0.02469031448503314
0.024690569537952557
0.02469082449909016
0.024691079368428903
0.0246913341459517
0.024691588831641475
0.024691843425481128
0.024692097927453555
0.024692352337541634
0.02469260665572824
0.02469286088199624
0.02469311501632848
0.024693369058707795
0.024693623009117024
0.024693876867538975
0.02469413063395646
0.02469438430835227
0.0246946378907092
0.02469489138101002
0.02469514477923749
0.024695398085374364
0.024695651299403383
0.024695904421307282
0.024696157451068772
0.024696410388670577
0.024696663234095383
0.02469691598732588
0.024697168648344748
0.02469742121713465
0.02469767369367824
0.024697926077958166
0.024698178369957056
0.024698430569657533
0.02469868267704221
0.02469893469209369
0.024699186614794554
0.024699438445127387
0.02469969018307476
0.02469994182861922
0.024700193381743323
0.024700444842429593
0.024700696210660567
0.02470094748641875
0.024701198669686647
0.02470144976044675
0.02470170075868154
0.024701951664373487
0.02470220247750505
0.024702453198058673
0.024702703826016803
0.024702954361361853
0.02470320480407625
0.024703455154142396
0.024703705411542678
0.024703955576259488
0.024704205648275194
0.024704455627572154
0.024704705514132726
0.024704955307939244
0.024705205008974038
0.024705454617219423
0.024705704132657713
0.024705953555271196
0.024706202885042158
0.02470645212195288
0.024706701265985617
0.02470695031712263
0.02470719927534615
0.024707448140638417
0.02470769691298165
0.02470794559235805
0.024708194178749827
0.024708442672139157
0.024708691072508223
0.024708939379839187
0.024709187594114206
0.024709435715315423
0.02470968374342497
0.02470993167842497
0.024710179520297536
0.024710427269024764
0.024710674924588744
0.024710922486971553
0.024711169956155268
0.024711417332121934
0.024711664614853607
0.024711911804332312
0.024712158900540085
0.02471240590345893
0.02471265281307085
0.02471289962935784
0.024713146352301877
0.024713392981884935
0.024713639518088967
0.02471388596089593
0.024714132310287754
0.02471437856624636
0.02471462472875368
0.024714870797791607
0.024715116773342035
0.024715362655386847
0.02471560844390792
0.02471585413888711
0.024716099740306263
0.02471634524814723
0.024716590662391832
0.02471683598302189
0.024717081210019205
0.024717326343365577
0.024717571383042793
0.024717816329032617
0.024718061181316826
0.024718305939877165
0.024718550604695376
0.024718795175753188
0.02471903965303232
0.024719284036514487
0.024719528326181385
0.024719772522014693
0.0247200166239961
0.02472026063210726
0.024720504546329833
0.024720748366645458
0.024720992093035774