0.024062559205455813	0.0257545428044785
0.024062151559967652	0.025754141916307403
0.024061743827229084	0.025753741107748924
0.024061336007265878	0.025753340378836597
0.02406092810010376	0.025752939729603932
0.02406052010576843	0.025752539160084416
0.024060112024285554	0.025752138670311543
0.02405970385568075	0.025751738260318766
0.024059295599979623	0.025751337930139537
0.02405888725720772	0.02575093767980729
0.024058478827390577	0.025750537509355433
0.024058070310553674	0.025750137418817372
0.02405766170672247	0.02574973740822649
0.024057253015922375	0.025749337477616145
0.024056844238178793	0.025748937627019696
0.024056435373517055	0.025748537856470476
0.024056026421962487	0.025748138166001803
0.024055617383540367	0.025747738555646976
0.024055208258275944	0.025747339025439284
0.02405479904619442	0.025746939575411992
0.024054389747320985	0.025746540205598363
0.024053980361680778	0.025746140916031626
0.0240535708892989	0.025745741706745002
0.02405316133020043	0.025745342577771703
0.024052751684410404	0.025744943529144915
0.024052341951953823	0.0257445445608978
0.024051932132855666	0.025744145673063535
0.024051522227140857	0.025743746865675248
0.024051112234834297	0.025743348138766057
0.024050702155960852	0.025742949492369084
0.02405029199054536	0.025742550926517414
0.0240498817386126	0.025742152441244125
0.024049471400187348	0.02574175403658227
0.02404906097529432	0.0257413557125649
0.024048650463958217	0.025740957469225043
0.02404823986620369	0.025740559306595703
0.02404782918205536	0.025740161224709877
0.02404741841153782	0.025739763223600547
0.024047007554675613	0.025739365303300673
0.02404659661149327	0.025738967463843205
0.024046185582015264	0.02573856970526106
0.02404577446626605	0.025738172027587176
0.024045363264270037	0.02573777443085443
0.024044951976051613	0.025737376915095717
0.024044540601635113	0.025736979480343886
0.02404412914104485	0.025736582126631803
0.024043717594305104	0.0257361848539923
0.024043305961440106	0.025735787662458185
0.02404289424247407	0.025735390552062257
0.02404248243743117	0.025734993522837316
0.024042070546335538	0.02573459657481612
0.024041658569211272	0.025734199708031417
0.024041246506082446	0.025733802922515956
0.024040834356973087	0.02573340621830245
0.024040422121907202	0.0257330095954236
0.024040009800908747	0.025732613053912095
0.02403959739400165	0.02573221659380061
0.02403918490120981	0.0257318202151218
0.024038772322557085	0.025731423917908305
0.024038359658067294	0.02573102770219274
0.024037946907764233	0.02573063156800772
0.024037534071671657	0.025730235515385842
0.024037121149813285	0.025729839544359666
0.024036708142212797	0.025729443654961753
0.02403629504889386	0.02572904784722465
0.024035881869880073	0.025728652121180886
0.02403546860519503	0.025728256476862964
0.024035055254862273	0.025727860914303378
0.024034641818905318	0.025727465433534612
0.024034228297347634	0.025727070034589124
0.02403381469021268	0.02572667471749936
0.024033400997523848	0.02572627948229774
0.024032987219304525	0.025725884329016693
0.024032573355578037	0.025725489257688607
0.0240321594063677	0.02572509426834586
0.02403174537169678	0.025724699361020818
0.02403133125158851	0.025724304535745837
0.02403091704606609	0.025723909792553238
0.024030502755152693	0.02572351513147534
0.024030088378871443	0.02572312055254445
0.024029673917245437	0.025722726055792844
0.024029259370297738	0.02572233164125279
0.024028844738051378	0.02572193730895654
0.024028430020529342	0.025721543058936328
0.024028015217754585	0.02572114889122438
0.024027600329750043	0.025720754805852893
0.024027185356538597	0.02572036080285405
0.024026770298143096	0.02571996688226003
0.024026355154586367	0.02571957304410298
0.024025939925891193	0.02571917928841504
0.02402552461208032	0.02571878561522833
0.024025109213176462	0.025718392024574963
0.02402469372920231	0.025717998516487026
0.024024278160180493	0.025717605090996583
0.024023862506133635	0.025717211748135703
0.02402344676708431	0.025716818487936423
0.024023030943055055	0.025716425310430766
0.02402261503406838	0.025716032215650744
0.02402219904014676	0.025715639203628345
0.024021782961312625	0.02571524627439555
0.024021366797588387	0.02571485342798432
0.024020950548996414	0.025714460664426588
0.024020534215559032	0.0257140679837543
0.02402011779729854	0.02571367538599936
0.02401970129423721	0.025713282871193652
0.024019284706397262	0.02571289043936907
0.024018868033800902	0.02571249809055747
0.02401845127647028	0.02571210582479071
0.024018034434427533	0.025711713642100606
0.02401761750769474	0.02571132154251898
0.02401720049629396	0.02571092952607763
0.024016783400247217	0.02571053759280834
0.0240163662195765	0.025710145742742874
0.024015948954303756	0.02570975397591298
0.02401553160445091	0.025709362292350397
0.024015114170039837	0.025708970692086837
0.024014696651092387	0.02570857917515401
0.024014279047630375	0.02570818774158359
0.024013861359675582	0.02570779639140726
0.024013443587249744	0.025707405124656663
0.02401302573037458	0.025707013941363436
0.02401260778907176	0.025706622841559203
0.024012189763362925	0.02570623182527557
0.02401177165326968	0.025705840892544123
0.024011353458813597	0.025705450043396437
0.024010935180016207	0.025705059277864057
0.02401051681689902	0.025704668595978537
0.024010098369483496	0.025704277997771394
0.024009679837791068	0.02570388748327414
0.024009261221843138	0.025703497052518263
0.024008842521661067	0.025703106705535238
0.024008423737266176	0.025702716442356523
0.024008004868679763	0.02570232626301356
0.02400758591592309	0.025701936167537787
0.024007166879017376	0.0257015461559606
0.024006747757983816	0.025701156228313402
0.024006328552843556	0.025700766384627566
0.024005909263617727	0.02570037662493446
0.024005489890327407	0.025699986949265424
0.024005070432993644	0.02569959735765179
0.024004650891637464	0.02569920785012487
0.024004231266279836	0.02569881842671597
0.024003811556941715	0.02569842908745636
0.02400339176364401	0.025698039832377312
0.0240029718864076	0.02569765066151007
0.02400255192525333	0.025697261574885874
0.024002131880201998	0.025696872572535934
0.02400171175127439	0.025696483654491453
0.024001291538491232	0.025696094820783614
0.024000871241873237	0.025695706071443586
0.02400045086144107	0.02569531740650252
0.024000030397215367	0.025694928825991555
0.02399960984921673	0.02569454032994181
0.02399918921746572	0.025694151918384384
0.02399876850198287	0.025693763591350366
0.023998347702788674	0.02569337534887083
0.023997926819903596	0.02569298719097682
0.023997505853348054	0.025692599117699395
0.023997084803142454	0.025692211129069564
0.023996663669307146	0.025691823225118333
0.023996242451862448	0.0256914354058767
0.023995821150828652	0.02569104767137563
0.02399539976622601	0.025690660021646085
0.023994978298074746	0.025690272456719006
0.023994556746395033	0.025689884976625322
0.02399413511120703	0.025689497581395937
0.023993713392530844	0.025689110271061754
0.023993291590386562	0.025688723045653637
0.02399286970479422	0.025688335905202454
0.023992447735773838	0.02568794884973905
0.023992025683345384	0.025687561879294253
0.023991603547528804	0.025687174993898873
0.023991181328344	0.02568678819358371
0.023990759025810847	0.025686401478379542
0.023990336639949185	0.02568601484831713
0.023989914170778812	0.02568562830342723
0.02398949161831949	0.02568524184374057
0.023989068982590962	0.02568485546928786
0.023988646263612922	0.025684469180099805
0.023988223461405035	0.025684082976207084
0.023987800575986925	0.02568369685764037
0.023987377607378197	0.02568331082443031
0.0239869545555984	0.025682924876607536
0.02398653142066706	0.02568253901420267
0.023986108202603672	0.02568215323724632
0.02398568490142769	0.02568176754576906
0.023985261517158532	0.025681381939801465
0.023984838049815587	0.02568099641937409
0.02398441449941821	0.02568061098451747
0.02398399086598571	0.025680225635262136
0.023983567149537376	0.025679840371638576
0.023983143350092447	0.025679455193677293
0.023982719467670145	0.02567907010140876
0.023982295502289645	0.025678685094863426
0.02398187145397009	0.025678300174071734
0.023981447322730585	0.025677915339064113
0.02398102310859021	0.025677530589870965
0.023980598811568003	0.025677145926522687
0.023980174431682967	0.025676761349049653
0.023979749968954075	0.02567637685748222
0.023979325423400262	0.02567599245185074
0.02397890079504042	0.025675608132185525
0.02397847608389343	0.025675223898516907
0.023978051289978115	0.025674839750875166
0.02397762641331327	0.025674455689290585
0.02397720145391766	0.025674071713793423
0.02397677641181001	0.025673687824413937
0.02397635128700902	0.02567330402118235
0.02397592607953334	0.025672920304128877
0.023975500789401596	0.025672536673283713
0.023975075416632376	0.025672153128677048
0.023974649961244234	0.025671769670339042
0.023974224423255693	0.025671386298299844
0.023973798802685232	0.025671003012589587
0.023973373099551307	0.025670619813238395
0.023972947313872325	0.025670236700276364
0.023972521445666677	0.025669853673733582
0.023972095494952703	0.02566947073364011
0.023971669461748713	0.02566908788002601
0.02397124334607299	0.025668705112921315
0.023970817147943763	0.025668322432356044
0.023970390867379253	0.025667939838360198
0.023969964504397624	0.02566755733096377
0.02396953805901702	0.025667174910196735
0.02396911153125554	0.025666792576089045
0.02396868492113125	0.025666410328670633
0.023968258228662196	0.025666028167971432
0.023967831453866363	0.025665646094021343
0.023967404596761725	0.025665264106850258
0.023966977657366207	0.025664882206488056
0.023966550635697702	0.025664500392964595
0.02396612353177408	0.025664118666309712
0.023965696345613154	0.025663737026553234
0.023965269077232725	0.025663355473724975
0.02396484172665055	0.02566297400785473
0.023964414293884344	0.02566259262897227
0.023963986778951795	0.025662211337107364
0.02396355918187056	0.025661830132289752
0.023963131502658254	0.025661449014549167
0.023962703741332463	0.025661067983915323
0.02396227589791073	0.025660687040417914
0.02396184797241057	0.025660306184086615
0.02396141996484947	0.025659925414951105
0.023960991875244864	0.025659544733041023
0.023960563703614164	0.025659164138386
0.023960135449974752	0.025658783631015657
0.023959707114343965	0.02565840321095959
0.0239592786967391	0.02565802287824739
0.02395885019717744	0.025657642632908612
0.023958421615676215	0.025657262474972818
0.023957992952252625	0.025656882404469544
0.023957564206923843	0.0256565024214283
0.023957135379707	0.025656122525878598
0.023956706470619187	0.025655742717849917
0.023956277479677476	0.02565536299737174
0.02395584840689889	0.025654983364473503
0.023955419252300426	0.02565460381918466
0.023954990015899038	0.02565422436153463
0.023954560697711656	0.025653844991552814
0.02395413129775516	0.0256534657092686
0.02395370181604642	0.025653086514711373
0.023953272252602242	0.02565270740791048
0.023952842607439417	0.025652328388895265
0.0239524128805747	0.025651949457695052
0.023951983072024806	0.025651570614339158
0.023951553181806407	0.025651191858856864
0.02395112320993616	0.02565081319127746
0.023950693156430676	0.02565043461163019
0.02395026302130653	0.025650056119944312
0.023949832804580264	0.025649677716249052
0.023949402506268386	0.025649299400573616
0.02394897212638737	0.0256489211729472
0.02394854166495366	0.025648543033398988
0.023948111121983653	0.025648164981958148
0.023947680497493726	0.025647787018653816
0.02394724979150021	0.02564740914351513
0.0239468190040194	0.025647031356571204
0.023946388135067567	0.025646653657851137
0.02394595718466094	0.02564627604738401
0.023945526152815717	0.02564589852519889
0.02394509503954806	0.02564552109132483
0.023944663844874085	0.025645143745790862
0.023944232568809898	0.025644766488626
0.023943801211371553	0.025644389319859254
0.02394336977257507	0.025644012239519603
0.023942938252436437	0.02564363524763602
0.023942506650971612	0.02564325834423746
0.023942074968196506	0.025642881529352856
0.023941643204127006	0.02564250480301113
0.023941211358778965	0.02564212816524119
0.023940779432168196	0.025641751616071913
0.023940347424310476	0.025641375155532185
0.02393991533522155	0.02564099878365086
0.02393948316491714	0.025640622500456775
0.023939050913412904	0.02564024630597875
0.023938618580724495	0.025639870200245603
0.023938186166867517	0.02563949418328612
0.02393775367185754	0.025639118255129077
0.023937321095710104	0.025638742415803228
0.023936888438440714	0.025638366665337326
0.02393645570006483	0.025637991003760095
0.023936022880597894	0.025637615431100238
0.023935589980055294	0.02563723994738646
0.02393515699845241	0.025636864552647434
0.023934723935804553	0.025636489246911823
0.023934290792127028	0.025636114030208275
0.02393385756743509	0.025635738902565416
0.023933424261743972	0.025635363864011867
0.02393299087506886	0.025634988914576218
0.023932557407424903	0.02563461405428705
0.02393212385882723	0.02563423928317294
0.023931690229290932	0.025633864601262425
0.023931256518831046	0.02563349000858404
0.023930822727462605	0.025633115505166306
0.02393038885520058	0.025632741091037723
0.023929954902059923	0.025632366766226773
0.02392952086805555	0.025631992530761927
0.023929086753202333	0.02563161838467163
0.023928652557515123	0.025631244327984325
0.023928218281008724	0.025630870360728437
0.02392778392369791	0.025630496482932356
0.023927349485597424	0.025630122694624478
0.023926914966721974	0.02562974899583317
0.023926480367086216	0.025629375386586797
0.023926045686704804	0.02562900186691369
0.02392561092559233	0.025628628436842167
0.023925176083763357	0.025628255096400546
0.023924741161232423	0.02562788184561711
0.02392430615801402	0.025627508684520132
0.023923871074122617	0.025627135613137876
0.023923435909572636	0.025626762631498583
0.023923000664378472	0.025626389739630478
0.023922565338554483	0.025626016937561762
0.023922129932114997	0.025625644225320647
0.023921694445074294	0.025625271602935294
0.023921258877446634	0.025624899070433874
0.02392082322924623	0.02562452662784452
0.023920387500487278	0.025624154275195373
0.02391995169118392	0.025623782012514546
0.023919515801350277	0.025623409839830125
0.023919079831000424	0.025623037757170196
0.02391864378014841	0.02562266576456283
0.02391820764880825	0.025622293862036065
0.023917771436993914	0.025621922049617933
0.02391733514471935	0.025621550327336453
0.023916898771998464	0.02562117869521963
0.023916462318845127	0.025620807153295438
0.02391602578527318	0.02562043570159185
0.023915589171296422	0.02562006434013681
0.02391515247692863	0.025619693068958265
0.02391471570218353	0.025619321888084124
0.023914278847074824	0.025618950797542287
0.023913841911616173	0.02561857979736065
0.02391340489582122	0.025618208887567075
0.023912967799703543	0.025617838068189423
0.023912530623276716	0.025617467339255524
0.023912093366554258	0.025617096700793207
0.023911656029549668	0.02561672615283028
0.023911218612276394	0.025616355695394524
0.023910781114747863	0.025615985328513707
0.023910343536977463	0.0256156150522156
0.023909905878978545	0.02561524486652794
0.023909468140764428	0.025614874771478446
0.023909030322348385	0.02561450476709483
0.023908592423743682	0.025614134853404785
0.023908154444963522	0.025613765030435987
0.02390771638602109	0.025613395298216098
0.02390727824692953	0.025613025656772752
0.023906840027701944	0.025612656106133593
0.023906401728351418	0.025612286646326216
0.023905963348890988	0.025611917277378226
0.023905524889333656	0.0256115479993172
0.0239050863496924	0.025611178812170704
0.02390464772998015	0.02561080971596628
0.023904209030209816	0.025610440710731465
0.02390377025039426	0.02561007179649376
0.023903331390546317	0.02560970297328068
0.023902892450678784	0.025609334241119698
0.02390245343080442	0.025608965600038277
0.023902014330935962	0.025608597050063877
0.023901575151086096	0.025608228591223928
0.023901135891267484	0.02560786022354584
0.023900696551492753	0.025607491947057023
0.023900257131774492	0.02560712376178486
0.023899817632125255	0.02560675566775672
0.023899378052557558	0.025606387664999952
0.023898938393083897	0.025606019753541893
0.023898498653716713	0.025605651933409874
0.02389805883446843	0.025605284204631186
0.02389761893535143	0.025604916567233127
0.02389717895637805	0.025604549021242963
0.023896738897560617	0.02560418156668795
0.0238962987589114	0.02560381420359533
0.023895858540442638	0.02560344693199233
0.02389541824216655	0.025603079751906146
0.0238949778640953	0.025602712663363985
0.023894537406241034	0.02560234566639301
0.023894096868615856	0.025601978761020383
0.02389365625123183	0.025601611947273242
0.023893215554101	0.025601245225178725
0.023892774777235358	0.025600878594763933
0.023892333920646873	0.025600512056055964
0.023891892984347473	0.025600145609081894
0.02389145196834906	0.02559977925386879
0.023891010872663494	0.02559941299044369
0.023890569697302605	0.025599046818833623
0.023890128442278176	0.025598680739065616
0.02388968710760197	0.02559831475116665
0.02388924569328571	0.02559794885516372
0.02388880419934109	0.025597583051083773
0.02388836262577975	0.025597217338953777
0.023887920972613323	0.025596851718800655
0.023887479239853383	0.02559648619065132
0.023887037427511488	0.025596120754532676
0.023886595535599145	0.025595755410471613
0.023886153564127842	0.02559539015849499
0.023885711513109018	0.025595024998629663
0.023885269382554086	0.02559465993090246
0.023884827172474424	0.025594294955340217
0.023884384882881377	0.025593930071969723
0.02388394251378624	0.025593565280817767
0.023883500065200295	0.025593200581911123
0.02388305753713478	0.025592835975276545
0.023882614929600893	0.025592471460940774
0.023882172242609797	0.02559210703893053
0.02388172947617264	0.02559174270927251
0.02388128663030051	0.025591378471993418
0.02388084370500448	0.025591014327119924
0.023880400700295568	0.025590650274678682
0.023879957616184777	0.025590286314696335
0.023879514452683062	0.025589922447199515
0.02387907120980136	0.025589558672214824
0.023878627887550543	0.025589194989768853
0.02387818448594148	0.025588831399888184
0.023877741004984993	0.025588467902599377
0.023877297444691862	0.025588104497928973
0.023876853805072845	0.0255877411859035
0.023876410086138656	0.02558737796654948
0.02387596628789998	0.025587014839893403
0.023875522410367462	0.025586651805961744
0.023875078453551718	0.025586288864780964
0.023874634417463323	0.025585926016377526
0.023874190302112828	0.025585563260777853
0.023873746107510734	0.02558520059800836
0.023873301833667523	0.02558483802809544
0.02387285748059363	0.025584475551065487
0.023872413048299464	0.025584113166944863
0.023871968536795393	0.02558375087575992
0.023871523946091756	0.025583388677536983
0.023871079276198852	0.025583026572302377
0.023870634527126944	0.025582664560082412
0.02387018969888627	0.02558230264090336
0.023869744791487024	0.025581940814791503
0.023869299804939365	0.025581579081773085
0.023868854739253435	0.02558121744187435
0.02386840959443931	0.02558085589512151
0.023867964370507058	0.025580494441540785
0.023867519067466703	0.02558013308115835
0.023867073685328234	0.025579771814000386
0.0238666282241016	0.02557941064009304
0.023866182683796724	0.025579049559462462
0.023865737064423496	0.02557868857213478
0.02386529136599176	0.02557832767813609
0.023864845588511336	0.025577966877492482
0.023864399731992003	0.025577606170230048
0.023863953796443505	0.025577245556374837
0.023863507781875563	0.02557688503595289
0.023863061688297844	0.02557652460899024
0.023862615515719998	0.025576164275512896
0.023862169264151623	0.025575804035546854
0.023861722933602305	0.025575443889118088
0.02386127652408157	0.025575083836252566
0.02386083003559893	0.025574723876976232
0.023860383468163854	0.02557436401131502
0.023859936821785773	0.025574004239294835
0.023859490096474086	0.025573644560941584
0.02385904329223816	0.025573284976281144
0.023858596409087333	0.025572925485339387
0.023858149447030887	0.025572566088142148
0.02385770240607809	0.025572206784715272
0.023857255286238166	0.02557184757508458
0.023856808087520307	0.02557148845927586
0.023856360809933672	0.025571129437314905
0.023855913453487386	0.02557077050922748
0.02385546601819053	0.02557041167503934
0.02385501850405216	0.025570052934776225
0.023854570911081296	0.02556969428846384
0.02385412323928692	0.025569335736127907
0.02385367548867798	0.025568977277794103
0.023853227659263395	0.025568618913488106
0.023852779751052038	0.02556826064323556
0.02385233176405276	0.025567902467062118
0.023851883698274363	0.0255675443849934
0.023851435553725632	0.02556718639705501
0.023850987330415303	0.02556682850327253
0.02385053902835208	0.02556647070367155
0.023850090647544644	0.02556611299827762
0.02384964218800162	0.025565755387116283
0.023849193649731617	0.025565397870213065
0.0238487450327432	0.02556504044759348
0.023848296337044904	0.02556468311928302
0.023847847562645227	0.025564325885307153
0.023847398709552634	0.025563968745691355
0.023846949777775548	0.025563611700461064
0.02384650076732237	0.02556325474964171
0.023846051678201457	0.0255628978932587
0.023845602510421133	0.025562541131337442
0.023845153263989685	0.02556218446390331
0.02384470393891537	0.025561827890981673
0.023844254535206416	0.025561471412597868
0.023843805052871	0.02556111502877724
0.023843355491917278	0.025560758739545098
0.023842905852353366	0.025560402544926746
0.023842456134187347	0.02556004644494746
0.023842006337427266	0.025559690439632514
0.023841556462081134	0.02555933452900716
0.023841106508156934	0.02555897871309663
0.02384065647566261	0.025558622991926138
0.02384020636460607	0.025558267365520897
0.02383975617499518	0.025557911833906086
0.02383930590683779	0.02555755639710688
0.0238388555601417	0.025557201055148433
0.02383840513491468	0.02555684580805588
0.023837954631164462	0.025556490655854344
0.023837504048898756	0.02555613559856893
0.02383705338812522	0.025555780636224726
0.02383660264885149	0.025555425768846816
0.02383615183108516	0.025555070996460243
0.023835700934833788	0.02555471631909005
0.023835249960104908	0.025554361736761278
0.02383479890690601	0.025554007249498918
0.023834347775244548	0.025553652857327972
0.023833896565127955	0.025553298560273403
0.02383344527656361	0.02555294435836019
0.023832993909558873	0.02555259025161327
0.023832542464121066	0.02555223624005756
0.023832090940257462	0.025551882323717984
0.02383163933797532	0.025551528502619436
0.02383118765728185	0.025551174776786797
0.023830735898184238	0.025550821146244927
0.023830284060689624	0.025550467611018663
0.023829832144805125	0.025550114171132857
0.023829380150537816	0.025549760826612308
0.02382892807789473	0.025549407577481822
0.023828475926882888	0.025549054423766173
0.02382802369750926	0.02554870136549014
0.023827571389780772	0.025548348402678462
0.02382711900370434	0.02554799553535588
0.023826666539286827	0.025547642763547103
0.023826213996535065	0.025547290087276846
0.023825761375455858	0.02554693750656978
0.023825308676055968	0.02554658502145058
0.023824855898342122	0.02554623263194391
0.023824403042321023	0.025545880338074388
0.02382395010799932	0.02554552813986665
0.023823497095383648	0.025545176037345286
0.023823044004480595	0.025544824030534898
0.023822590835296715	0.025544472119460055
0.023822137587838535	0.02554412030414531
0.02382168426211254	0.025543768584615198
0.023821230858125177	0.025543416960894256
0.02382077737588287	0.025543065433006978
0.023820323815392	0.025542714000977865
0.02381987017665892	0.025542362664831387
0.023819416459689935	0.025542011424592007
0.02381896266449133	0.025541660280284168
0.023818508791069348	0.02554130923193229
0.023818054839430197	0.025540958279560787
0.02381760080958005	0.02554060742319406
0.02381714670152505	0.025540256662856482
0.023816692515271305	0.025539905998572414
0.02381623825082488	0.025539555430366196
0.023815783908191824	0.02553920495826217
0.023815329487378124	0.025538854582284647
0.023814874988389755	0.025538504302457913
0.02381442041123264	0.025538154118806267
0.02381396575591269	0.025537804031353962
0.023813511022435757	0.025537454040125248
0.023813056210807676	0.02553710414514436
0.023812601321034237	0.025536754346435514
0.023812146353121198	0.025536404644022914
0.02381169130707429	0.02553605503793074
0.023811236182899192	0.025535705528183156
0.023810780980601565	0.025535356114804324
0.02381032570018703	0.025535006797818376
0.02380987034166117	0.025534657577249428
0.02380941490502954	0.025534308453121584
0.023808959390297646	0.025533959425458934
0.023808503797470983	0.025533610494285548
0.023808048126554987	0.025533261659625484
0.023807592377555073	0.02553291292150277
0.023807136550476622	0.025532564279941442
0.023806680645324974	0.025532215734965502
0.02380622466210544	0.025531867286598935
0.02380576860082329	0.02553151893486572
0.02380531246148376	0.025531170679789814
0.02380485624409206	0.02553082252139516
0.023804399948653354	0.025530474459705684
0.02380394357517278	0.025530126494745287
0.023803487123655438	0.025529778626537877
0.023803030594106395	0.02552943085510732
0.023802573986530677	0.025529083180477478
0.023802117300933283	0.025528735602672197
0.023801660537319178	0.02552838812171531
0.023801203695693277	0.025528040737630625
0.023800746776060484	0.025527693450441934
0.023800289778425656	0.02552734626017303
0.0237998327027936	0.025526999166847666
0.023799375549169124	0.02552665217048959
0.023798918317556973	0.02552630527112254
0.02379846100796186	0.02552595846877023
0.02379800362038848	0.02552561176345635
0.023797546154841472	0.025525265155204598
0.023797088611325456	0.025524918644038625
0.023796630989845014	0.025524572229982098
0.023796173290404687	0.025524225913058637
0.023795715513008985	0.025523879693291875
0.023795257657662383	0.025523533570705394
0.023794799724369327	0.025523187545322804
0.023794341713134222	0.025522841617167658
0.023793883623961436	0.02552249578626352
0.023793425456855314	0.02552215005263391
0.023792967211820153	0.025521804416302373
0.023792508888860222	0.025521458877292402
0.02379205048797975	0.025521113435627487
0.023791592009182943	0.025520768091331098
0.023791133452473957	0.025520422844426696
0.023790674817856926	0.025520077694937728
0.023790216105335944	0.0255197326428876
0.02378975731491507	0.025519387688299738
0.02378929844659833	0.02551904283119753
0.02378883950038971	0.025518698071604343
0.023788380476293176	0.025518353409543545
0.023787921374312637	0.025518008845038482
0.023787462194451988	0.025517664378112474
0.023787002936715075	0.025517320008788837
0.02378654360110572	0.02551697573709086
0.0237860841876277	0.025516631563041833
0.02378562469628477	0.02551628748666501
0.023785165127080638	0.02551594350798364
0.023784705480018983	0.02551559962702095
0.023784245755103448	0.025515255843800162
0.023783785952337638	0.025514912158344474
0.02378332607172514	0.025514568570677056
0.02378286611326948	0.025514225080821084
0.02378240607697417	0.025513881688799703
0.02378194596284268	0.025513538394636052
0.023781485770878442	0.025513195198353246
0.023781025501084865	0.02551285209997438
0.023780565153465303	0.025512509099522546
0.0237801047280231	0.025512166197020812
0.023779644224761545	0.025511823392492226
0.023779183643683904	0.02551148068595983
0.023778722984793402	0.025511138077446645
0.02377826224809323	0.02551079556697567
0.023777801433586553	0.02551045315456989
0.02377734054127649	0.02551011084025229
0.02377687957116613	0.025509768624045814
0.023776418523258524	0.025509426505973407
0.023775957397556696	0.025509084486057987
0.023775496194063637	0.025508742564322465
0.023775034912782284	0.025508400740789736
0.02377457355371556	0.025508059015482667
0.023774112116866343	0.025507717388424115
0.02377365060223748	0.025507375859636933
0.023773189009831785	0.025507034429143937
0.023772727339652033	0.025506693096967945
0.02377226559170097	0.025506351863131743
0.023771803765981293	0.02550601072765812
0.02377134186249568	0.02550566969056983
0.023770879881246775	0.025505328751889617
0.023770417822237176	0.025504987911640208
0.023769955685469454	0.025504647169844324
0.02376949347094614	0.025504306526524665
0.02376903117866973	0.025503965981703895
0.023768568808642695	0.025503625535404695
0.02376810636086747	0.02550328518764971
0.023767643835346436	0.02550294493846157
0.02376718123208197	0.02550260478786288
0.02376671855107638	0.025502264735876263
0.023766255792331974	0.025501924782524287
0.023765792955851	0.025501584927829522
0.023765330041635686	0.02550124517181452
0.023764867049688207	0.025500905514501817
0.023764403980010725	0.025500565955913938
0.023763940832605357	0.025500226496073378
0.023763477607474187	0.02549988713500262
0.02376301430461926	0.025499547872724147
0.023762550924042596	0.025499208709260403
0.023762087465746165	0.025498869644633833
0.023761623929731922	0.025498530678866854
0.02376116031600177	0.025498191811981877
0.023760696624557584	0.025497853044001286
0.02376023285540121	0.025497514374947464
0.023759769008534447	0.025497175804842752
0.023759305083959074	0.02549683733370951
0.02375884108167682	0.025496498961570056
0.023758377001689396	0.025496160688446692
0.02375791284399846	0.025495822514361718
0.023757448608605646	0.02549548443933741
0.023756984295512554	0.025495146463396026
0.02375651990472075	0.025494808586559812
0.023756055436231754	0.025494470808851
0.023755590890047067	0.025494133130291793
0.02375512626616815	0.025493795550904395
0.02375466156459642	0.02549345807071098
0.023754196785333272	0.025493120689733712
0.023753731928380057	0.025492783407994747
0.0237532669937381	0.02549244622551621
0.02375280198140869	0.025492109142320203
0.023752336891393066	0.025491772158428846
0.023751871723692454	0.025491435273864216
0.02375140647830803	0.025491098488648372
0.023750941155240946	0.025490761802803363
0.023750475754492312	0.025490425216351233
0.02375001027606321	0.025490088729313996
0.023749544719954673	0.025489752341713655
0.023749079086167715	0.025489416053572193
0.023748613374703312	0.02548907986491158
0.0237481475855624	0.02548874377575377
0.02374768171874589	0.0254884077861207
0.02374721577425464	0.025488071896034286
0.023746749752089496	0.025487736105516443
0.02374628365225125	0.025487400414589054
0.023745817474740673	0.025487064823273994
0.023745351219558487	0.02548672933159311
0.023744884886705404	0.025486393939568256
0.02374441847618207	0.025486058647221248
0.023743951987989124	0.02548572345457389
0.02374348542212715	0.025485388361647984
0.02374301877859671	0.025485053368465297
0.023742552057398322	0.025484718475047595
0.023742085258532483	0.025484383681416613
0.023741618381999636	0.025484048987594085
0.023741151427800207	0.02548371439360172
0.02374068439593458	0.02548337989946121
0.0237402172864031	0.025483045505194233
0.023739750099206085	0.02548271121082246
0.02373928283434382	0.02548237701636753
0.02373881549181654	0.02548204292185107
0.023738348071624463	0.025481708927294698
0.023737880573767762	0.025481375032720015
0.02373741299824658	0.025481041238148597
0.02373694534506102	0.025480707543602012
0.023736477614211163	0.025480373949101805
0.02373600980569704	0.025480040454669516
0.02373554191951865	0.025479707060326654
0.02373507395567597	0.02547937376609473
0.023734605914168927	0.025479040571995216
0.023734137794997424	0.02547870747804959
0.02373366959816132	0.0254783744842793
0.02373320132366045	0.02547804159070578
0.02373273297149461	0.025477708797350455
0.02373226454166355	0.025477376104234725
0.023731796034167002	0.02547704351137998
0.023731327449004663	0.025476711018807587
0.023730858786176177	0.02547637862653891
0.023730390045681168	0.025476046334595277
0.02372992122751923	0.025475714142998016
0.023729452331689906	0.025475382051768435
0.02372898335819272	0.02547505006092782
0.023728514307027153	0.025474718170497453
0.02372804517819265	0.025474386380498586
0.02372757597168863	0.02547405469095246
0.023727106687514467	0.025473723101880303
0.023726637325669507	0.02547339161330333
0.023726167886153053	0.025473060225242726
0.023725698368964394	0.025472728937719673
0.02372522877410275	0.025472397750755327
0.023724759101567346	0.025472066664370838
0.02372428935135734	0.025471735678587338
0.02372381952347187	0.02547140479342593
0.02372334961791004	0.02547107400890772
0.023722879634670915	0.025470743325053783
0.023722409573753527	0.025470412741885183
0.023721939435156873	0.02547008225942297
0.023721469218879916	0.025469751877688174
0.023720998924921587	0.025469421596701812
0.02372052855328077	0.025469091416484884
0.023720058103956332	0.025468761337058374
0.023719587576947095	0.025468431358443247
0.023719116972251843	0.025468101480660452
0.02371864628986934	0.02546777170373093
0.023718175529798297	0.025467442027675594
0.023717704692037402	0.02546711245251535
0.023717233776585307	0.025466782978271083
0.023716762783440627	0.02546645360496366
0.023716291712601947	0.025466124332613943
0.0237158205640678	0.025465795161242765
0.023715349337836717	0.025465466090870945
0.02371487803390716	0.025465137121519286
0.023714406652277576	0.02546480825320859
0.023713935192946373	0.02546447948595962
0.023713463655911926	0.025464150819793138
0.023712992041172568	0.02546382225472988
0.023712520348726607	0.025463493790790572
0.023712048578572318	0.025463165427995926
0.023711576730707923	0.025462837166366634
0.023711104805131628	0.025462509005923364
0.023710632801841595	0.02546218094668679
0.02371016072083596	0.025461852988677543
0.023709688562112814	0.025461525131916254
0.023709216325670218	0.02546119737642354
0.0237087440115062	0.02546086972221999
0.023708271619618748	0.025460542169326188
0.023707799150005825	0.02546021471776269
0.02370732660266535	0.025459887367550053
0.02370685397759521	0.0254595601187088
0.02370638127479326	0.02545923297125945
0.023705908494257313	0.025458905925222493
0.02370543563598516	0.025458578980618422
0.023704962699974543	0.025458252137467694
0.02370448968622318	0.025457925395790768
0.023704016594728754	0.025457598755608067
0.0237035434254889	0.02545727221694002
0.02370307017850124	0.025456945779807023
0.02370259685376334	0.025456619444229455
0.023702123451272743	0.02545629321022769
0.02370164997102696	0.025455967077822085
0.023701176413023457	0.025455641047032976
0.023700702777259674	0.025455315117880677
0.023700229063733008	0.025454989290385494
0.023699755272440837	0.02545466356456772
0.02369928140338048	0.025454337940447623
0.02369880745654925	0.02545401241804546
0.023698333431944402	0.025453686997381472
0.02369785932956316	0.02545336167847588
0.023697385149402724	0.025453036461348895
0.023696910891460254	0.0254527113460207
0.023696436555732874	0.02545238633251148
0.023695962142217673	0.02545206142084139
0.023695487650911708	0.025451736611030572
0.023695013081811996	0.02545141190309915
0.023694538434915532	0.02545108729706724
0.023694063710219253	0.025450762792954936
0.023693588907720088	0.025450438390782308
0.023693114027414915	0.025450114090569423
0.02369263906930058	0.02544978989233633
0.023692164033373896	0.025449465796103056
0.023691688919631644	0.025449141801889612
0.02369121372807056	0.025448817909715996
0.023690738458687365	0.025448494119602188
0.02369026311147872	0.025448170431568162
0.023689787686441276	0.025447846845633854
0.023689312183571624	0.0254475233618192
0.023688836602866345	0.025447199980144122
0.02368836094432197	0.025446876700628514
0.023687885207934998	0.025446553523292264
0.0236874093937019	0.02544623044815524
0.023686933501619104	0.025445907475237287
0.023686457531683008	0.025445584604558247
0.02368598148388997	0.02544526183613794
0.02368550535823632	0.025444939169996166
0.023685029154718353	0.025444616606152715
0.023684552873332324	0.025444294144627354
0.02368407651407446	0.025443971785439837
0.02368360007694094	0.025443649528609908
0.02368312356192792	0.025443327374157287
0.02368264696903153	0.02544300532210168
0.023682170298247842	0.025442683372462773
0.023681693549572915	0.02544236152526025
0.02368121672300276	0.025442039780513757
0.02368073981853336	0.025441718138242943
0.023680262836160655	0.025441396598467426
0.023679785775880556	0.025441075161206826
0.02367930863768895	0.02544075382648073
0.023678831421581666	0.025440432594308716
0.02367835412755452	0.025440111464710338
0.023677876755603282	0.02543979043770515
0.023677399305723688	0.02543946951331268
0.023676921777911437	0.025439148691552435
0.02367644417216221	0.025438827972443907
0.023675966488471627	0.025438507356006588
0.0236754887268353	0.025438186842259937
0.02367501088724878	0.025437866431223397
0.023674532969707604	0.025437546122916394
0.023674054974207267	0.025437225917358364
0.023673576900743228	0.02543690581456869
0.023673098749310915	0.025436585814566752
0.023672620519905714	0.02543626591737193
0.023672142212522986	0.02543594612300357
0.023671663827158053	0.025435626431481
0.023671185363806194	0.02543530684282354
0.023670706822462674	0.0254349873570505
0.0236702282031227	0.025434667974181153
0.02366974950578146	0.025434348694234783
0.023669270730434098	0.02543402951723063
0.023668791877075726	0.025433710443187943
0.023668312945701434	0.02543339147212594
0.023667833936306257	0.025433072604063814
0.02366735484888521	0.02543275383902077
0.023666875683433262	0.025432435177015975
0.023666396439945357	0.025432116618068584
0.0236659171184164	0.025431798162197736
0.02366543771884126	0.02543147980942256
0.023664958241214774	0.025431161559762164
0.023664478685531745	0.02543084341323563
0.023663999051786937	0.02543052536986205
0.023663519339975087	0.02543020742966047
0.023663039550090886	0.025429889592649937
0.023662559682129006	0.025429571858849483
0.023662079736084064	0.025429254228278114
0.02366159971195066	0.02542893670095482
0.023661119609723353	0.025428619276898597
0.02366063942939666	0.02542830195612839
0.023660159170965086	0.02542798473866315
0.02365967883442307	0.02542766762452181
0.023659198419765035	0.02542735061372329
0.023658717926985373	0.025427033706286472
0.02365823735607843	0.02542671690223025
0.023657756707038523	0.025426400201573485
0.023657275979859935	0.025426083604335032
0.02365679517453691	0.025425767110533716
0.02365631429106366	0.025425450720188356
0.023655833329434366	0.025425134433317755
0.02365535228964316	0.0254248182499407
0.023654871171684168	0.02542450217007596
0.023654389975551447	0.025424186193742274
0.02365390870123904	0.025423870320958396
0.023653427348740957	0.025423554551743038
0.023652945918051164	0.025423238886114904
0.023652464409163593	0.02542292332409268
0.023651982822072145	0.025422607865695043
0.023651501156770685	0.025422292510940643
0.023651019413253045	0.025421977259848124
0.023650537591513022	0.0254216621124361
0.023650055691544377	0.025421347068723187
0.02364957371334083	0.025421032128727972
0.023649091656896083	0.025420717292469034
0.023648609522203788	0.025420402559964923
0.023648127309257565	0.02542008793123419
0.023647645018051004	0.025419773406295355
0.02364716264857766	0.02541945898516693
0.02364668020083105	0.02541914466786741
0.02364619767480466	0.025418830454415273
0.023645715070491936	0.025418516344828973
0.023645232387886295	0.02541820233912696
0.023644749626981112	0.02541788843732767
0.02364426678776974	0.025417574639449506
0.02364378387024548	0.02541726094551087
0.02364330087440162	0.02541694735553014
0.02364281780023139	0.02541663386952568
0.023642334647728004	0.025416320487515843
0.023641851416884626	0.025416007209518955
0.023641368107694398	0.025415694035553334
0.023640884720150423	0.02541538096563728
0.02364040125424577	0.02541506799978908
0.023639917709973462	0.025414755138026997
0.023639434087326508	0.02541444238036928
0.02363895038629787	0.02541412972683417
0.023638466606880473	0.025413817177439884
0.023637982749067216	0.02541350473220462
0.023637498812850957	0.025413192391146575
0.02363701479822452	0.02541288015428391
0.023636530705180694	0.025412568021634784
0.02363604653371224	0.025412255993217326
0.023635562283811872	0.025411944069049668
0.023635077955472282	0.025411632249149916
0.02363459354868612	0.025411320533536157
0.023634109063446	0.02541100892222646
0.02363362449974451	0.02541069741523889
0.02363313985757419	0.02541038601259148
0.023632655136927562	0.025410074714302264
0.023632170337797097	0.02540976352038924
0.023631685460175238	0.02540945243087041
0.0236312005040544	0.025409141445763745
0.023630715469426956	0.025408830565087206
0.02363023035628524	0.02540851978885874
0.02362974516462156	0.025408209117096268
0.02362925989442819	0.025407898549817714
0.023628774545697364	0.025407588087040963
0.023628289118421276	0.025407277728783893
0.023627803612592105	0.025406967475064376
0.023627318028201966	0.025406657325900257
0.023626832365242968	0.02540634728130936
0.02362634662370717	0.025406037341309504
0.0236258608035866	0.02540572750591849
0.023625374904873247	0.0254054177751541
0.023624888927559075	0.025405108149034093
0.023624402871636006	0.025404798627576233
0.023623916737095924	0.02540448921079824
0.023623430523930688	0.02540417989871784
0.023622944232132112	0.025403870691352727
0.023622457861691988	0.025403561588720595
0.023621971412602062	0.025403252590839108
0.02362148488485405	0.025402943697725923
0.023620998278439633	0.025402634909398668
0.02362051159335046	0.025402326225874978
0.023620024829578132	0.025402017647172447
0.02361953798711424	0.025401709173308664
0.023619051065950317	0.025401400804301207
0.02361856406607787	0.025401092540167623
0.023618076987488374	0.025400784380925464
0.02361758983017327	0.025400476326592245
0.023617102594123956	0.025400168377185468
0.0236166152793318	0.02539986053272264
0.02361612788578814	0.025399552793221227
0.02361564041348428	0.02539924515869869
0.023615152862411476	0.025398937629172464
0.023614665232560957	0.025398630204659992
0.02361417752392393	0.025398322885178674
0.023613689736491538	0.025398015670745903
0.02361320187025492	0.02539770856137906
0.023612713925205163	0.025397401557095505
0.023612225901333325	0.025397094657912594
0.023611737798630426	0.025396787863847643
0.023611249617087455	0.02539648117491797
0.023610761356695365	0.02539617459114088
0.02361027301744507	0.025395868112533644
0.02360978459932746	0.025395561739113528
0.02360929610233338	0.025395255470897788
0.023608807526453637	0.025394949307903657
0.02360831887167902	0.025394643250148344
0.02360783013800027	0.02539433729764905
0.023607341325408097	0.025394031450422964
0.023606852433893176	0.025393725708487254
0.023606363463446148	0.025393420071859067
0.023605874414057617	0.02539311454055554
0.023605385285718154	0.0253928091145938
0.023604896078418296	0.025392503793990943
0.02360440679214855	0.025392198578764055
0.023603917426899372	0.02539189346893021
0.023603427982661206	0.025391588464506468
0.023602938459424443	0.02539128356550986
0.023602448857179447	0.025390978771957406
0.02360195917591655	0.02539067408386612
0.02360146941562604	0.025390369501252993
0.023600979576298184	0.025390065024135
0.023600489657923197	0.025389760652529087
0.023599999660491273	0.025389456386452208
0.023599509583992567	0.025389152225921287
0.0235990194284172	0.025388848170953222
0.023598529193755255	0.025388544221564918
0.023598038879996786	0.025388240377773253
0.023597548487131807	0.025387936639595085
0.0235970580151503	0.025387633007047255
0.023596567464042213	0.02538732948014659
0.023596076833797462	0.02538702605890991
0.023595586124405918	0.02538672274335401
0.023595095335857425	0.025386419533495668
0.023594604468141794	0.025386116429351645
0.0235941135212488	0.025385813430938695
0.023593622495168175	0.025385510538273544
0.023593131389889634	0.02538520775137291
0.02359264020540283	0.02538490507025349
0.023592148941697418	0.02538460249493197
0.023591657598762986	0.02538430002542502
0.023591166176589098	0.025383997661749286
0.023590674675165287	0.025383695403921398
0.02359018309448106	0.025383393251957983
0.02358969143452586	0.02538309120587564
0.02358919969528913	0.025382789265690955
0.02358870787676025	0.025382487431420495
0.023588215978928587	0.02538218570308082
0.023587724001783453	0.025381884080688463
0.02358723194531415	0.025381582564259948
0.023586739809509923	0.025381281153811778
0.02358624759435999	0.025380979849360445
0.023585755299853534	0.02538067865092242
0.023585262925979712	0.025380377558514158
0.023584770472727633	0.0253800765721521
0.023584277940086378	0.025379775691852673
0.02358378532804499	0.02537947491763229
0.02358329263659249	0.025379174249507325
0.023582799865717836	0.025378873687494172
0.023582307015409986	0.025378573231609188
0.02358181408565784	0.02537827288186871
0.02358132107645027	0.02537797263828907
0.023580827987776113	0.02537767250088658
0.023580334819624175	0.02537737246967753
0.02357984157198322	0.025377072544678202
0.023579348244841983	0.025376772725904863
0.02357885483818916	0.02537647301337375
0.023578361352013424	0.025376173407101105
0.023577867786303393	0.025375873907103132
0.023577374141047668	0.025375574513396032
0.023576880416234805	0.025375275225995992
0.023576386611853333	0.025374976044919173
0.02357589272789174	0.025374676970181722
0.023575398764338486	0.02537437800179978
0.023574904721181993	0.02537407913978946
0.023574410598410634	0.02537378038416686
0.02357391639601278	0.02537348173494807
0.023573422113976734	0.02537318319214916
0.023572927752290786	0.02537288475578618
0.023572433310943185	0.025372586425875164
0.023571938789922135	0.02537228820243213
0.023571444189215824	0.02537199008547309
0.023570949508812385	0.02537169207501403
0.023570454748699943	0.02537139417107092
0.02356995990886656	0.025371096373659714
0.02356946498930028	0.025370798682796354
0.023568969989989107	0.025370501098496763
0.02356847491092101	0.025370203620776847
0.02356797975208393	0.025369906249652498
0.023567484513465763	0.02536960898513959
0.023566989195054382	0.025369311827253983
0.02356649379683761	0.025369014776011518
0.02356599831880325	0.025368717831428016
0.023565502760939064	0.025368420993519297
0.023565007123232777	0.025368124262301155
0.023564511405672086	0.025367827637789362
0.023564015608244646	0.025367531119999676
0.02356351973093808	0.02536723470894785
0.023563023773739977	0.025366938404649614
0.0235625277366379	0.02536664220712067
0.023562031619619356	0.02536634611637673
0.02356153542267184	0.025366050132433465
0.023561039145782798	0.025365754255306544
0.02356054278893964	0.025365458485011608
0.02356004635212976	0.0253651628215643
0.023559549835340494	0.02536486726498023
0.02355905323855916	0.025364571815275003
0.02355855656177303	0.025364276472464187
0.023558059804969347	0.025363981236563374
0.023557562968135323	0.025363686107588098
0.02355706605125812	0.025363391085553896
0.02355656905432489	0.025363096170476294
0.02355607197732273	0.025362801362370787
0.02355557482023871	0.025362506661252872
0.023555077583059865	0.025362212067138012
0.023554580265773187	0.025361917580041658
0.023554082868365654	0.02536162319997926
0.023553585390824184	0.02536132892696623
0.023553087833135682	0.02536103476101798
0.023552590195287004	0.02536074070214989
0.023552092477264974	0.025360446750377345
0.02355159467905639	0.025360152905715697
0.023551096800648003	0.02535985916818029
0.023550598842026538	0.025359565537786448
0.023550100803178684	0.025359272014549482
0.023549602684091092	0.02535897859848468
0.023549104484750377	0.025358685289607316
0.023548606205143124	0.02535839208793266
0.02354810784525589	0.02535809899347595
0.02354760940507518	0.02535780600625242
0.023547110884587472	0.02535751312627727
0.023546612283779217	0.025357220353565708
0.02354611360263682	0.025356927688132913
0.023545614841146662	0.02535663512999404
0.02354511599929508	0.02535634267916424
0.02354461707706838	0.025356050335658648
0.023544118074452836	0.025355758099492375
0.023543618991434687	0.02535546597068052
0.023543119828000125	0.025355173949238165
0.02354262058413532	0.02535488203518038
0.023542121259826417	0.02535459022852221
0.023541621855059498	0.025354298529278698
0.023541122369820637	0.02535400693746485
0.023540622804095857	0.02535371545309568
0.023540123157871153	0.025353424076186164
0.023539623431132486	0.025353132806751277
0.02353912362386578	0.025352841644805963
0.023538623736056925	0.025352550590365175
0.02353812376769178	0.02535225964344382
0.023537623718756156	0.025351968804056813
0.023537123589235848	0.025351678072219035
0.023536623379116602	0.025351387447945364
0.02353612308838414	0.025351096931250653
0.023535622717024137	0.025350806522149737
0.023535122265022242	0.02535051622065745
0.023534621732364074	0.0253502260267886
0.023534121119035203	0.02534993594055797
0.023533620425021176	0.025349645961980333
0.0235331196503075	0.025349356091070464
0.023532618794879653	0.025349066327843093
0.02353211785872307	0.025348776672312955
0.023531616841823155	0.02534848712449475
0.023531115744165276	0.025348197684403183
0.023530614565734777	0.02534790835205293
0.02353011330651695	0.02534761912745865
0.023529611966497065	0.02534733001063499
0.023529110545660353	0.025347041001596585
0.02352860904399201	0.025346752100358045
0.023528107461477193	0.025346463306933967
0.023527605798101037	0.02534617462133893
0.023527104053848627	0.025345886043587507
0.023526602228705024	0.025345597573694235
0.023526100322655254	0.025345309211673665
0.0235255983356843	0.025345020957540296
0.023525096267777122	0.02534473281130864
0.023524594118918635	0.025344444772993174
0.023524091889093723	0.025344156842608368
0.023523589578287235	0.02534386902016868
0.02352308718648399	0.025343581305688544
0.023522584713668766	0.02534329369918237
0.023522082159826308	0.025343006200664576
0.023521579524941327	0.02534271881014954
0.0235210768089985	0.025342431527651636
0.02352057401198247	0.02534214435318522
0.023520071133877843	0.025341857286764632
0.02351956817466919	0.02534157032840419
0.023519065134341047	0.025341283478118207
0.023518562012877924	0.025340996735920964
0.02351805881026428	0.025340710101826744
0.02351755552648456	0.025340423575849803
0.023517052161523153	0.025340137158004386
0.023516548715364426	0.025339850848304715
0.02351604518799271	0.025339564646764994
0.023515541579392302	0.025339278553399427
0.023515037889547452	0.025338992568222186
0.0235145341184424	0.025338706691247433
0.023514030266061327	0.02533842092248931
0.023513526332388394	0.02533813526196195
0.023513022317407716	0.025337849709679467
0.02351251822110339	0.02533756426565595
0.023512014043459456	0.02533727892990549
0.02351150978445994	0.02533699370244214
0.023511005444088826	0.02533670858327996
0.023510501022330058	0.025336423572432966
0.023509996519167548	0.025336138669915187
0.02350949193458518	0.025335853875740624
0.023508987268566792	0.025335569189923246
0.023508482521096198	0.02533528461247703
0.023507977692157175	0.025335000143415925
0.023507472781733457	0.025334715782753873
0.02350696778980875	0.02533443153050478
0.02350646271636673	0.025334147386682555
0.02350595756139103	0.025333863351301084
0.02350545232486525	0.025333579424374243
0.023504947006772955	0.025333295605915875
0.023504441607097686	0.025333011895939818
0.023503936125822928	0.025332728294459903
0.023503430562932155	0.025332444801489933
0.023502924918408788	0.025332161417043697
0.023502419192236224	0.02533187814113496
0.02350191338439782	0.025331594973777488
0.0235014074948769	0.02533131191498502
0.02350090152365675	0.025331028964771275
0.023500395470720633	0.02533074612314997
0.023499889336051766	0.025330463390134797
0.023499383119633326	0.025330180765739427
0.023498876821448474	0.025329898249977518
0.02349837044148032	0.02532961584286272
0.023497863979711948	0.02532933354440866
0.023497357436126402	0.025329051354628946
0.0234968508107067	0.025328769273537173
0.02349634410343581	0.025328487301146927
0.023495837314296684	0.025328205437471763
0.023495330443272223	0.025327923682525233
0.0234948234903453	0.025327642036320864
0.023494316455498758	0.025327360498872173
0.0234938093387154	0.02532707907019266
0.023493302139977995	0.025326797750295803
0.023492794859269278	0.025326516539195067
0.023492287496571944	0.025326235436903908
0.023491780051868662	0.025325954443435755
0.023491272525142066	0.025325673558804024
0.023490764916374744	0.025325392783022118
0.023490257225549264	0.02532511211610343
0.02348974945264815	0.02532483155806132
0.02348924159765389	0.02532455110890914
0.023488733660548947	0.02532427076866023
0.023488225641315738	0.02532399053732791
0.02348771753993666	0.025323710414925486
0.02348720935639405	0.025323430401466243
0.023486701090670244	0.025323150496963456
0.023486192742747516	0.02532287070143038
0.02348568431260812	0.025322591014880255
0.023485175800234265	0.025322311437326297
0.023484667205608135	0.025322031968781727
0.02348415852871187	0.025321752609259725
0.023483649769527586	0.025321473358773473
0.023483140928037355	0.025321194217336123
0.02348263200422322	0.025320915184960827
0.023482122998067186	0.0253206362616607
0.02348161390955122	0.025320357447448864
0.023481104738657273	0.025320078742338402
0.023480595485367236	0.025319800146342403
0.023480086149662977	0.02531952165947392
0.02347957673152633	0.025319243281746007
0.0234790672309391	0.02531896501317168
0.02347855764788304	0.025318686853763966
0.023478047982339885	0.025318408803535856
0.02347753823429133	0.025318130862500336
0.02347702840371903	0.02531785303067036
0.023476518490604618	0.02531757530805889
0.023476008494929677	0.025317297694678848
0.02347549841667576	0.02531702019054316
0.023474988255824395	0.02531674279566471
0.023474478012357067	0.0253164655100564
0.02347396768625522	0.02531618833373109
0.023473457277500286	0.02531591126670163
0.023472946786073635	0.025315634308980862
0.023472436211956615	0.025315357460581597
0.023471925555130543	0.025315080721516642
0.0234714148155767	0.025314804091798787
0.023470903993276324	0.025314527571440797
0.023470393088210622	0.02531425116045543
0.023469882100360773	0.025313974858855424
0.023469371029707913	0.025313698666653502
0.023468859876233147	0.02531342258386237
0.023468348639917546	0.02531314661049472
0.02346783732074215	0.02531287074656322
0.023467325918687953	0.02531259499208053
0.023466814433735925	0.025312319347059298
0.023466302865866994	0.02531204381151214
0.023465791215062058	0.025311768385451672
0.023465279481301983	0.025311493068890478
0.023464767664567593	0.025311217861841147
0.02346425576483968	0.02531094276431623
0.023463743782099006	0.02531066777632828
0.023463231716326288	0.02531039289788982
0.02346271956750222	0.02531011812901336
0.02346220733560745	0.0253098434697114
0.023461695020622602	0.025309568919996417
0.023461182622528266	0.025309294479880878
0.02346067014130498	0.025309020149377227
0.023460157576933267	0.0253087459284979
0.02345964492939361	0.025308471817255304
0.023459132198666445	0.025308197815661848
0.02345861938473219	0.02530792392372991
0.023458106487571226	0.02530765014147186
0.023457593507163883	0.02530737646890004
0.02345708044349048	0.025307102906026786
0.023456567296531283	0.02530682945286443
0.02345605406626653	0.025306556109425258
0.02345554075267643	0.02530628287572156
0.02345502735574114	0.025306009751765612
0.023454513875440806	0.025305736737569664
0.023454000311755523	0.025305463833145952
0.023453486664665353	0.025305191038506692
0.02345297293415033	0.025304918353664097
0.023452459120190443	0.02530464577863036
0.02345194522276566	0.02530437331341764
0.023451431241855898	0.0253041009580381
0.023450917177441057	0.025303828712503883
0.02345040302950099	0.025303556576827112
0.02344988879801552	0.02530328455101989
0.023449374482964427	0.02530301263509432
0.023448860084327474	0.02530274082906247
0.02344834560208437	0.025302469132936396
0.023447831036214808	0.025302197546728147
0.023447316386698423	0.025301926070449746
0.023446801653514843	0.025301654704113212
0.023446286836643637	0.025301383447730537
0.02344577193606435	0.025301112301313686
0.0234452569517565	0.025300841264874644
0.023444741883699556	0.02530057033842534
0.023444226731872953	0.025300299521977716
0.023443711496256108	0.025300028815543676
0.023443196176828385	0.025299758219135122
0.023442680773569122	0.02529948773276394
0.02344216528645762	0.025299217356441986
0.023441649715473144	0.025298947090181118
0.023441134060594938	0.025298676933993167
0.023440618321802182	0.025298406887889948
0.02344010249907405	0.025298136951883265
0.023439586592389667	0.025297867125984898
0.02343907060172813	0.025297597410206617
0.02343855452706849	0.025297327804560177
0.023438038368389782	0.025297058309057315
0.023437522125670986	0.025296788923709745
0.023437005798891065	0.025296519648529178
0.023436489388028933	0.025296250483527297
0.023435972893063473	0.025295981428715773
0.02343545631397355	0.025295712484106267
0.023434939650737965	0.025295443649710415
0.023434422903335507	0.025295174925539836
0.023433906071744923	0.025294906311606143
0.023433389155944923	0.02529463780792092
0.023432872155914185	0.025294369414495747
0.023432355071631352	0.025294101131342183
0.02343183790307503	0.02529383295847177
0.023431320650223797	0.02529356489589603
0.02343080331305619	0.025293296943626472
0.02343028589155071	0.025293029101674597
0.02342976838568583	0.02529276137005187
0.023429250795439987	0.025292493748769775
0.023428733120791575	0.025292226237839735
0.023428215361718963	0.025291958837273188
0.023427697518200483	0.02529169154708154
0.023427179590214425	0.0252914243672762
0.02342666157773906	0.02529115729786854
0.023426143480752604	0.02529089033886993
0.023425625299233258	0.02529062349029171
0.023425107033159177	0.025290356752145218
0.02342458868250848	0.02529009012444177
0.023424070247259256	0.02528982360719266
0.023423551727389566	0.02528955720040918
0.023423033122877416	0.02528929090410259
0.0234225144337008	0.025289024718284148
0.023421995659837665	0.025288758642965082
0.023421476801265922	0.025288492678156617
0.023420957857963456	0.025288226823869952
0.023420438829908106	0.025287961080116276
0.02341991971707769	0.02528769544690675
0.02341940051944998	0.025287429924252543
0.02341888123700272	0.025287164512164784
0.02341836186971361	0.0252868992106546
0.02341784241756033	0.02528663401973309
0.02341732288052051	0.02528636893941135
0.02341680325857176	0.02528610396970045
0.023416283551691643	0.025285839110611448
0.023415763759857693	0.02528557436215538
0.023415243883047412	0.025285309724343282
0.023414723921238254	0.025285045197186155
0.023414203874407662	0.025284780780694995
0.02341368374253302	0.025284516474880774
0.023413163525591692	0.025284252279754452
0.023412643223561007	0.025283988195326977
0.023412122836418244	0.02528372422160928
0.02341160236414067	0.02528346035861226
0.023411081806705505	0.025283196606346828
0.02341056116408993	0.025282932964823857
0.023410040436271096	0.025282669434054203
0.023409519623226124	0.02528240601404872
0.0234089987249321	0.025282142704818246
0.023408477741366066	0.025281879506373582
0.02340795667250504	0.02528161641872553
0.023407435518325994	0.025281353441884882
0.02340691427880587	0.02528109057586239
0.023406392953921593	0.02528082782066882
0.02340587154365002	0.025280565176314888
0.023405350047967996	0.02528030264281133
0.02340482846685233	0.02528004022016883
0.02340430680027979	0.02527977790839809
0.02340378504822711	0.02527951570750976
0.02340326321067099	0.025279253617514513
0.023402741287588107	0.025278991638422975
0.02340221927895508	0.02527872977024577
0.023401697184748507	0.025278468012993494
0.02340117500494496	0.025278206366676752
0.02340065273952096	0.0252779448313061
0.023400130388452997	0.02527768340689211
0.023399607951717534	0.0252774220934453
0.02339908542929099	0.025277160890976213
0.023398562821149764	0.025276899799495354
0.0233980401272702	0.0252766388190132
0.02339751734762862	0.025276377949540244
0.023396994482201314	0.02527611719108694
0.023396471530964528	0.025275856543663724
0.023395948493894477	0.025275596007281027
0.023395425370967345	0.025275335581949263
0.023394902162159274	0.025275075267678825
0.023394378867446376	0.025274815064480084
0.02339385548680473	0.025274554972363406
0.02339333202021038	0.02527429499133915
0.02339280846763933	0.025274035121417623
0.023392284829067553	0.025273775362609156
0.02339176110447099	0.025273515714924033
0.023391237293825543	0.025273256178372547
0.02339071339710708	0.025272996752964964
0.023390189414291437	0.025272737438711522
0.023389665345354412	0.025272478235622453
0.02338914119027177	0.02527221914370799
0.02338861694901924	0.025271960162978318
0.023388092621572522	0.025271701293443628
0.02338756820790727	0.02527144253511408
0.02338704370799911	0.02527118388799984
0.023386519121823643	0.025270925352111034
0.023385994449356417	0.025270666927457778
0.023385469690572962	0.025270408614050187
0.023384944845448754	0.025270150411898343
0.023384419913959256	0.025269892321012316
0.023383894896079876	0.025269634341402156
0.02338336979178601	0.02526937647307791
0.023382844601052995	0.025269118716049598
0.023382319323856152	0.025268861070327227
0.02338179396017076	0.025268603535920784
0.02338126850997206	0.025268346112840245
0.02338074297323527	0.02526808880109557
0.02338021734993555	0.025267831600696698
0.02337969164004806	0.025267574511653554
0.023379165843547888	0.025267317533976052
0.02337863996041012	0.025267060667674077
0.023378113990609777	0.025266803912757513
0.023377587934121875	0.025266547269236217
0.023377061790921375	0.025266290737120042
0.02337653556098321	0.025266034316418808
0.02337600924428228	0.025265778007142324
0.023375482840793448	0.025265521809300397
0.02337495635049154	0.025265265722902802
0.02337442977335135	0.025265009747959304
0.023373903109347643	0.025264753884479647
0.02337337635845514	0.025264498132473563
0.023372849520648525	0.025264242491950775
0.02337232259590246	0.02526398696292097
0.02337179558419156	0.025263731545393846
0.023371268485490423	0.025263476239379055
0.023370741299773585	0.025263221044886257
0.02337021402701557	0.025262965961925087
0.023369686667190862	0.025262710990505158
0.0233691592202739	0.025262456130636074
0.023368631686239105	0.025262201382327425
0.02336810406506085	0.02526194674558877
0.023367576356713483	0.025261692220429677
0.023367048561171305	0.025261437806859677
0.023366520678408595	0.025261183504888294
0.023365992708399595	0.02526092931452503
0.0233654646511185	0.025260675235779368
0.02336493650653949	0.025260421268660793
0.023364408274636695	0.025260167413178755
0.023363879955384206	0.025259913669342698
0.023363351548756107	0.02525966003716204
0.02336282305472642	0.0252594065166462
0.023362294473269138	0.025259153107804563
0.023361765804358225	0.025258899810646503
0.023361237047967612	0.02525864662518138
0.02336070820407119	0.025258393551418547
0.023360179272642816	0.025258140589367317
0.023359650253656307	0.02525788773903702
0.02335912114708546	0.025257635000436925
0.023358591952904025	0.025257382373576335
0.02335806267108572	0.025257129858464504
0.02335753330160423	0.025256877455110672
0.023357003844433212	0.025256625163524078
0.023356474299546265	0.025256372983713936
0.023355944666916983	0.025256120915689444
0.023355414946518906	0.025255868959459776
0.023354885138325544	0.025255617115034105
0.02335435524231038	0.02525536538242158
0.023353825258446845	0.025255113761631337
0.023353295186708357	0.025254862252672483
0.023352765027068276	0.02525461085555413
0.02335223477949995	0.025254359570285358
0.023351704443976676	0.02525410839687524
0.023351174020471727	0.025253857335332815
0.02335064350895833	0.02525360638566714
0.0233501129094097	0.02525335554788722
0.02334958222179898	0.02525310482200207
0.023349051446099302	0.02525285420802066
0.023348520582283774	0.025252603705951983
0.023347989630325448	0.025252353315804985
0.02334745859019735	0.025252103037588604
0.02334692746187247	0.02525185287131176
0.02334639624532377	0.025251602816983368
0.023345864940524163	0.025251352874612318
0.02334533354744654	0.02525110304420748
0.023344802066063756	0.025250853325777717
0.023344270496348622	0.025250603719331872
0.023343738838273925	0.025250354224878768
0.023343207091812413	0.02525010484242721
0.0233426752569368	0.025249855571986
0.02334214333361976	0.025249606413563917
0.02334161132183394	0.02524935736716972
0.02334107922155195	0.02524910843281215
0.023340547032746364	0.02524885961049994
0.023340014755389726	0.02524861090024181
0.02333948238945453	0.025248362302046443
0.023338949934913263	0.025248113815922527
0.023338417391738347	0.02524786544187873
0.023337884759902186	0.025247617179923694
0.023337352039377153	0.025247369030066056
0.023336819230135575	0.025247120992314426
0.02333628633214975	0.025246873066677413
0.023335753345391945	0.025246625253163596
0.023335220269834377	0.02524637755178154
0.02333468710544925	0.025246129962539793
0.023334153852208724	0.025245882485446906
0.02333362051008491	0.025245635120511388
0.023333087079049908	0.025245387867741737
0.023332553559075767	0.025245140727146446
0.02333201995013451	0.025244893698733988
0.023331486252198122	0.02524464678251281
0.023330952465238555	0.025244399978491355
0.02333041858922772	0.025244153286678048
0.0233298846241375	0.025243906707081286
0.023329350569939743	0.02524366023970947
0.023328816426606263	0.025243413884570957
0.023328282194108835	0.025243167641674127
0.0233277478724192	0.025242921511027302
0.023327213461509063	0.02524267549263882
0.023326678961350107	0.025242429586516978
0.02332614437191396	0.025242183792670084
0.023325609693172232	0.025241938111106397
0.02332507492509649	0.025241692541834195
0.023324540067658266	0.025241447084861705
0.023324005120829067	0.02524120174019717
0.02332347008458035	0.02524095650784879
0.02332293495888355	0.025240711387824768
0.023322399743710063	0.025240466380133282
0.023321864439031247	0.0252402214847825
0.02332132904481843	0.025239976701780558
0.023320793561042902	0.025239732031135602
0.023320257987675928	0.025239487472855728
0.023319722324688718	0.025239243026949052
0.02331918657205247	0.02523899869342365
0.023318650729738332	0.02523875447228759
0.023318114797717417	0.025238510363548915
0.023317578775960822	0.025238266367215673
0.023317042664439586	0.025238022483295867
0.023316506463124727	0.025237778711797505
0.02331597017198722	0.025237535052728577
0.02331543379099802	0.025237291506097048
0.023314897320128026	0.025237048071910878
0.023314360759348122	0.025236804750177987
0.02331382410862914	0.025236561540906314
0.023313287367941894	0.025236318444103758
0.023312750537257156	0.025236075459778202
0.02331221361654566	0.02523583258793752
0.023311676605778105	0.02523558982858958
0.023311139504925162	0.025235347181742213
0.023310602313957464	0.02523510464740324
0.023310065032845613	0.025234862225580468
0.02330952766156016	0.025234619916281696
0.023308990200071652	0.025234377719514697
0.023308452648350568	0.02523413563528723
0.023307915006367374	0.025233893663607034
0.023307377274092496	0.02523365180448184
0.023306839451496315	0.025233410057919365
0.0233063015385492	0.025233168423927293
0.02330576353522146	0.025232926902513303
0.02330522544148339	0.025232685493685063
0.02330468725730524	0.025232444197450216
0.023304148982657223	0.02523220301381639
0.02330361061750952	0.025231961942791207
0.023303072161832285	0.025231720984382255
0.023302533615595623	0.025231480138597124
0.02330199497876962	0.02523123940544337
0.02330145625132431	0.02523099878492855
0.02330091743322971	0.025230758277060193
0.02330037852445579	0.02523051788184582
0.023299839524972492	0.02523027759929292
0.023299300434749717	0.02523003742940899
0.02329876125375734	0.0252297973722015
0.02329822198196519	0.025229557427677893
0.023297682619343073	0.025229317595845603
0.02329714316586075	0.025229077876712056
0.023296603621487957	0.02522883827028466
0.02329606398619439	0.025228598776570795
0.02329552425994971	0.02522835939557783
0.023294984442723543	0.02522812012731313
0.023294444534485485	0.02522788097178403
0.02329390453520509	0.025227641928997842
0.02329336444485188	0.02522740299896189
0.02329282426339535	0.025227164181683453
0.023292283990804952	0.025226925477169808
0.023291743627050103	0.025226686885428215
0.023291203172100188	0.02522644840646591
0.023290662625924555	0.025226210040290135
0.023290121988492528	0.025225971786908084
0.023289581259773377	0.025225733646326947
0.02328904043973635	0.025225495618553914
0.023288499528350663	0.02522525770359614
0.02328795852558549	0.025225019901460775
0.023287417431409968	0.025224782212154937
0.023286876245793214	0.025224544635685752
0.02328633496870429	0.025224307172060305
0.02328579360011224	0.025224069821285684
0.02328525213998607	0.025223832583368945
0.02328471058829474	0.025223595458317146
0.023284168945007188	0.025223358446137316
0.023283627210092316	0.025223121546836466
0.023283085383518986	0.025222884760421598
0.023282543465256024	0.025222648086899696
0.023282001455272233	0.025222411526277726
0.023281459353536368	0.025222175078562642
0.023280917160017154	0.02522193874376137
0.023280374874683284	0.025221702521880843
0.023279832497503417	0.025221466412927954
0.023279290028446167	0.025221230416909587
0.02327874746748013	0.025220994533832617
0.023278204814573853	0.025220758763703895
0.023277662069695858	0.02522052310653027
0.02327711923281462	0.025220287562318543
0.023276576303898594	0.025220052131075536
0.023276033282916195	0.025219816812808032
0.023275490169835794	0.025219581607522808
0.02327494696462574	0.025219346515226615
0.023274403667254348	0.025219111535926198
0.02327386027768989	0.02521887666962828
0.023273316795900594	0.02521864191633957
0.023272773221854684	0.02521840727606676
0.02327222955552032	0.02521817274881653
0.023271685796865647	0.025217938334595534
0.023271141945858755	0.025217704033410424
0.023270598002467714	0.025217469845267813
0.02327005396666056	0.025217235770174325
0.02326950983840529	0.025217001808136554
0.023268965617669866	0.025216767959161078
0.023268421304422218	0.025216534223254452
0.023267876898630236	0.025216300600423236
0.023267332400261777	0.025216067090673953
0.023266787809284675	0.025215833694013118
0.023266243125666712	0.02521560041044723
0.023265698349375644	0.025215367239982772
0.02326515348037919	0.025215134182626206
0.02326460851864504	0.02521490123838399
0.023264063464140835	0.02521466840726255
0.0232635183168342	0.025214435689268306
0.02326297307669272	0.025214203084407662
0.023262427743683933	0.025213970592687
0.023261882317775352	0.02521373821411269
0.023261336798934457	0.025213505948691085
0.02326079118712869	0.025213273796428518
0.023260245482325463	0.02521304175733131
0.023259699684492145	0.025212809831405777
0.023259153793596075	0.025212578018658192
0.023258607809604554	0.025212346319094837
0.023258061732484858	0.025212114732721957
0.023257515562204217	0.025211883259545806
0.02325696929872983	0.0252116518995726
0.023256422942028874	0.02521142065280854
0.023255876492068464	0.025211189519259828
0.023255329948815705	0.025210958498932633
0.023254783312237653	0.025210727591833116
0.02325423658230134	0.02521049679796742
0.023253689758973756	0.02521026611734167
0.023253142842221856	0.025210035549961974
0.023252595832012564	0.025209805095834432
0.023252048728312772	0.02520957475496512
0.023251501531089326	0.025209344527360095
0.02325095424030905	0.02520911441302541
0.023250406855938727	0.025208884411967086
0.023249859377945103	0.025208654524191146
0.0232493118062949	0.025208424749703577
0.023248764140954788	0.025208195088510372
0.02324821638189142	0.025207965540617487
0.023247668529071404	0.02520773610603087
0.023247120582461315	0.02520750678475646
0.02324657254202769	0.02520727757680017
0.023246024407737046	0.0252070484821679
0.023245476179555847	0.025206819500865528
0.023244927857450536	0.025206590632898932
0.02324437944138751	0.025206361878273957
0.023243830931333132	0.025206133236996445
0.02324328232725375	0.025205904709072205
0.023242733629115653	0.025205676294507054
0.023242184836885102	0.025205447993306766
0.023241635950528333	0.02520521980547712
0.023241086970011537	0.025204991731023866
0.023240537895300877	0.025204763769952742
0.023239988726362477	0.025204535922269476
0.023239439463162422	0.02520430818797977
0.023238890105666772	0.025204080567089313
0.023238340653841547	0.025203853059603782
0.023237791107652735	0.025203625665528834
0.02323724146706629	0.025203398384870106
0.02323669173204812	0.025203171217633234
0.02323614190256412	0.025202944163823817
0.023235591978580123	0.02520271722344745
0.023235041960061955	0.025202490396509708
0.02323449184697539	0.02520226368301616
0.023233941639286167	0.025202037082972348
0.023233391336960004	0.025201810596383795
0.023232840939962567	0.02520158422325601
0.023232290448259498	0.0252013579635945
0.023231739861816404	0.02520113181740474
0.023231189180598855	0.025200905784692192
0.023230638404572384	0.0252006798654623
0.0232300875337025	0.025200454059720507
0.023229536567954654	0.025200228367472217
0.02322898550729429	0.025200002788722836
0.023228434351686804	0.02519977732347774
0.02322788310109755	0.025199551971742305
0.02322733175549187	0.025199326733521876
0.023226780314835042	0.025199101608821786
0.02322622877909233	0.025198876597647354
0.02322567714822896	0.025198651700003884
0.02322512542221012	0.02519842691589666
0.023224573601000963	0.02519820224533095
0.02322402168456661	0.025197977688312015
0.02322346967287214	0.025197753244845085
0.02322291756588261	0.02519752891493538
0.023222365363563032	0.025197304698588108
0.02322181306587839	0.025197080595808465
0.023221260672793623	0.025196856606601613
0.02322070818427365	0.025196632730972713
0.02322015560028335	0.025196408968926904
0.023219602920787553	0.02519618532046931
0.023219050145751076	0.025195961785605042
0.02321849727513869	0.02519573836433919
0.023217944308915134	0.025195515056676825
0.02321739124704511	0.025195291862623013
0.023216838089493284	0.0251950687821828
0.02321628483622429	0.025194845815361206
0.02321573148720274	0.02519462296216324
0.023215178042393182	0.025194400222593904
0.023214624501760154	0.025194177596658176
0.023214070865268152	0.025193955084361012
0.023213517132881632	0.025193732685707366
0.023212963304565026	0.025193510400702165
0.023212409380282722	0.02519328822935032
0.023211855359999076	0.02519306617165674
0.023211301243678407	0.025192844227626292
0.02321074703128501	0.025192622397263848
0.023210192722783136	0.02519240068057426
0.023209638318137	0.025192179077562358
0.023209083817310787	0.025191957588232956
0.023208529220268642	0.02519173621259086
0.023207974526974685	0.02519151495064086
0.02320741973739299	0.025191293802387705
0.023206864851487603	0.02519107276783617
0.023206309869222536	0.025190851846990978
0.023205754790561757	0.025190631039856855
0.023205199615469217	0.025190410346438496
0.023204644343908818	0.0251901897667406
0.023204088975844427	0.025189969300767834
0.023203533511239886	0.02518974894852485
0.023202977950058996	0.025189528710016288
0.02320242229226552	0.025189308585246775
0.023201866537823194	0.025189088574220916
0.023201310686695717	0.025188868676943307
0.023200754738846748	0.025188648893418507
0.02320019869423992	0.025188429223651086
0.023199642552838823	0.025188209667645588
0.02319908631460702	0.025187990225406538
0.023198529979508033	0.025187770896938435
0.02319797354750535	0.025187551682245787
0.02319741701856243	0.02518733258133307
0.02319686039264269	0.02518711359420473
0.02319630366970952	0.025186894720865226
0.02319574684972626	0.02518667596131899
0.023195189932656242	0.025186457315570423
0.02319463291846274	0.025186238783623926
0.023194075807109003	0.02518602036548389
0.023193518598558237	0.025185802061154665
0.023192961292773626	0.025185583870640606
0.02319240388971832	0.025185365793946042
0.023191846389355415	0.025185147831075293
0.02319128879164798	0.025184929982032655
0.023190731096559072	0.025184712246822415
0.02319017330405168	0.025184494625448833
0.023189615414088784	0.025184277117916168
0.023189057426633315	0.025184059724228654
0.02318849934164817	0.02518384244439051
0.023187941159096215	0.02518362527840593
0.023187382878940288	0.025183408226279114
0.023186824501143177	0.025183191288014224
0.023186266025667656	0.025182974463615417
0.023185707452476435	0.02518275775308683
0.023185148781532217	0.025182541156432585
0.023184590012797657	0.025182324673656786
0.02318403114623538	0.02518210830476353
0.023183472181807968	0.025181892049756877
0.023182913119477982	0.025181675908640892
0.023182353959207938	0.02518145988141962
0.02318179470096032	0.025181243968097077
0.023181235344697574	0.02518102816867728
0.02318067589038212	0.025180812483164217
0.02318011633797634	0.02518059691156187
0.02317955668744257	0.025180381453874186
0.02317899693874313	0.025180166110105123
0.02317843709184029	0.0251799508802586
0.023177877146696297	0.02517973576433854
0.023177317103273355	0.02517952076234882
0.023176756961533637	0.025179305874293338
0.02317619672143928	0.025179091100175945
0.023175636382952388	0.025178876440000494
0.023175075946035024	0.025178661893770812
0.023174515410649226	0.025178447461490717
0.023173954776756992	0.02517823314316401
0.023173394044320283	0.02517801893879447
0.023172833213301037	0.025177804848385853
0.02317227228366114	0.025177590871941928
0.02317171125536245	0.025177377009466415
0.023171150128366808	0.025177163260963042
0.023170588902635986	0.0251769496264355
0.02317002757813175	0.02517673610588748
0.02316946615481582	0.025176522699322655
0.02316890463264988	0.02517630940674467
0.023168343011595587	0.025176096228157165
0.023167781291614554	0.025175883163563763
0.023167219472668366	0.025175670212968067
0.023166657554718566	0.025175457376373663
0.023166095537726677	0.02517524465378413
0.02316553342165417	0.025175032045203015
0.02316497120646249	0.02517481955063387
0.023164408892113048	0.025174607170080198
0.023163846478567215	0.02517439490354553
0.023163283965786336	0.025174182751033346
0.02316272135373171	0.02517397071254712
0.02316215864236462	0.025173758788090313
0.023161595831646287	0.025173546977666366
0.023161032921537917	0.02517333528127871
0.023160469912000683	0.02517312369893076
0.023159906802995713	0.025172912230625892
0.023159343594484096	0.025172700876367502
0.02315878028642691	0.025172489636158948
0.02315821687878517	0.025172278510003573
0.02315765337151987	0.025172067497904703
0.02315708976459198	0.02517185659986566
0.02315652605796241	0.025171645815889737
0.023155962251592055	0.02517143514598022
0.02315539834544177	0.025171224590140363
0.02315483433947238	0.025171014148373427
0.02315427023364466	0.025170803820682635
0.02315370602791936	0.02517059360707121
0.023153141722257208	0.025170383507542353
0.023152577316618874	0.025170173522099243
0.023152012810965013	0.02516996365074505
0.023151448205256227	0.025169753893482926
0.0231508834994531	0.02516954425031601
0.02315031869351617	0.025169334721247417
0.02314975378740595	0.02516912530628025
0.023149188781082908	0.0251689160054176
0.023148623674507485	0.02516870681866254
0.023148058467640086	0.02516849774601812
0.023147493160441075	0.025168288787487378
0.02314692775287079	0.025168079943073338
0.023146362244889532	0.02516787121277901
0.023145796636457563	0.025167662596607382
0.023145230927535114	0.025167454094561427
0.023144665118082382	0.0251672457066441
0.02314409920805953	0.025167037432858346
0.023143533197426677	0.025166829273207094
0.023142967086143922	0.02516662122769325
0.023142400874171316	0.025166413296319703
0.023141834561468885	0.025166205479089338
0.023141268147996618	0.02516599777600501
0.023140701633714462	0.025165790187069565
0.02314013501858234	0.025165582712285833
0.023139568302560132	0.025165375351656628
0.023139001485607696	0.02516516810518474
0.023138434567684833	0.025164960972872956
0.023137867548751332	0.025164753954724034
0.023137300428766935	0.02516454705074073
0.02313673320769135	0.025164340260925767
0.023136165885484252	0.025164133585281863
0.02313559846210529	0.02516392702381172
0.023135030937514064	0.025163720576518018
0.023134463311670145	0.025163514243403424
0.02313389558453307	0.025163308024470588
0.023133327756062343	0.02516310191972215
0.02313275982621743	0.02516289592916072
0.023132191794957763	0.02516269005278891
0.023131623662242744	0.025162484290609296
0.02313105542803173	0.025162278642624457
0.023130487092284057	0.02516207310883694
0.023129918654959013	0.025161867689249287
0.02312935011601586	0.02516166238386401
0.023128781475413824	0.02516145719268363
0.02312821273311209	0.025161252115710627
0.023127643889069828	0.025161047152947473
0.02312707494324614	0.025160842304396625
0.02312650589560012	0.025160637570060526
0.023125936746090817	0.025160432949941598
0.023125367494677255	0.02516022844404225
0.02312479814131841	0.02516002405236488
0.023124228685973226	0.025159819774911857
0.023123659128600624	0.02515961561168554
0.023123089469159478	0.025159411562688274
0.02312251970760863	0.025159207627922387
0.023121949843906885	0.025159003807390196
0.023121379878013028	0.025158800101093986
0.02312080980988579	0.025158596509036037
0.023120239639483876	0.025158393031218623
0.023119669366765957	0.025158189667643976
0.02311909899169067	0.02515798641831434
0.02311852851421662	0.025157783283231917
0.02311795793430236	0.02515758026239891
0.023117387251906433	0.025157377355817506
0.02311681646698733	0.02515717456348986
0.02311624557950351	0.02515697188541813
0.023115674589413406	0.02515676932160445
0.02311510349667541	0.025156566872050933
0.023114532301247877	0.025156364536759682
0.023113961003089135	0.025156162315732783
0.023113389602157468	0.0251559602089723
0.023112818098411127	0.02515575821648029
0.023112246491808337	0.025155556338258785
0.023111674782307284	0.02515535457430981
0.023111102969866112	0.02515515292463537
0.02311053105444294	0.02515495138923745
0.023109959035995845	0.02515474996811802
0.023109386914482877	0.025154548661279037
0.02310881468986204	0.025154347468722443
0.02310824236209132	0.02515414639045016
0.02310766993112865	0.02515394542646409
0.023107097396931946	0.025153744576766134
0.023106524759459072	0.025153543841358157
0.023105952018667872	0.025153343220242028
0.02310537917451614	0.025153142713419573
0.02310480622696166	0.025152942320892636
0.02310423317596215	0.025152742042663018
0.023103660021475316	0.025152541878732514
0.02310308676345882	0.0251523418291029
0.023102513401870296	0.02515214189377594
0.023101939936667336	0.025151942072753383
0.023101366367807498	0.02515174236603695
0.023100792695248312	0.025151542773628355
0.02310021891894727	0.025151343295529306
0.023099645038861825	0.025151143931741473
0.023099071054949395	0.025150944682266526
0.023098496967167374	0.025150745547106106
0.023097922775473113	0.025150546526261856
0.023097348479823924	0.02515034761973538
0.023096774080177095	0.02515014882752829
0.023096199576489874	0.02514995014964216
0.023095624968719475	0.025149751586078566
0.023095050256823072	0.025149553136839052
0.02309447544075782	0.025149354801925157
0.023093900520480815	0.0251491565813384
0.02309332549594914	0.025148958475080287
0.023092750367119833	0.025148760483152295
0.023092175133949903	0.0251485626055559
0.023091599796396314	0.02514836484229256
0.023091024354416005	0.025148167193363713
0.02309044880796588	0.025147969658770777
0.023089873157002803	0.025147772238515154
0.02308929740148361	0.025147574932598244
0.023088721541365095	0.02514737774102142
0.02308814557660402	0.025147180663786028
0.023087569507157114	0.025146983700893417
0.023086993332981073	0.025146786852344914
0.023086417054032558	0.025146590118141826
0.02308584067026818	0.025146393498285444
0.023085264181644544	0.025146196992777044
0.023084687588118196	0.02514600060161789