0.09695811149106298
0.09696183512389193
0.09696555684356652
0.09696927664990251
0.09697299454271434
0.09697671052181502
0.09698042458701617
0.09698413673812799
0.09698784697495935
0.0969915552973177
0.09699526170500905
0.09699896619783813
0.09700266877560813
0.09700636943812098
0.09701006818517714
0.09701376501657573
0.09701745993211439
0.09702115293158949
0.0970248440147959
0.09702853318152717
0.09703222043157542
0.09703590576473137
0.0970395891807844
0.09704327067952245
0.09704695026073205
0.09705062792419843
0.0970543036697053
0.09705797749703508
0.09706164940596877
0.09706531939628596
0.09706898746776484
0.09707265362018223
0.09707631785331358
0.09707998016693287
0.0970836405608128
0.09708729903472457
0.09709095558843804
0.0970946102217217
0.09709826293434258
0.09710191372606637
0.09710556259665737
0.09710920954587847
0.09711285457349111
0.09711649767925551
0.09712013886293029
0.0971237781242728
0.09712741546303899
0.0971310508789834
0.09713468437185911
0.09713831594141797
0.09714194558741028
0.09714557330958504
0.09714919910768978
0.09715282298147074
0.09715644493067269
0.09716006495503902
0.09716368305431174
0.09716729922823149
0.09717091347653747
0.09717452579896751
0.09717813619525809
0.09718174466514418
0.09718535120835949
0.09718895582463627
0.0971925585137054
0.09719615927529633
0.09719975810913717
0.0972033550149546
0.09720694999247391
0.09721054304141903
0.09721413416151249
0.09721772335247536
0.09722131061402743
0.09722489594588701
0.09722847934777103
0.09723206081939507
0.0972356403604733
0.09723921797071847
0.09724279364984195
0.09724636739755374
0.09724993921356245
0.09725350909757527
0.09725707704929798
0.09726064306843504
0.09726420715468945
0.09726776930776283
0.09727132952735544
0.09727488781316614
0.09727844416489234
0.09728199858223015
0.09728555106487421
0.0972891016125178
0.09729265022485283
0.09729619690156978
0.09729974164235775
0.09730328444690443
0.09730682531489618
0.09731036424601787
0.09731390123995308
0.09731743629638392
0.09732096941499115
0.09732450059545414
0.09732802983745083
0.09733155714065778
0.09733508250475022
0.09733860592940188
0.09734212741428519
0.09734564695907114
0.09734916456342932
0.09735268022702798
0.09735619394953393
0.09735970573061262
0.09736321556992805
0.09736672346714291
0.09737022942191842
0.09737373343391446
0.09737723550278954
0.09738073562820065
0.09738423380980356
0.09738773004725253
0.09739122434020046
0.09739471668829887
0.09739820709119787
0.09740169554854616
0.09740518205999114
0.0974086666251787
0.0974121492437534
0.0974156299153584
0.09741910863963545
0.09742258541622492
0.09742606024476584
0.09742953312489573
0.0974330040562508
0.0974364730384659
0.09743994007117437
0.09744340515400829
0.09744686828659826
0.0974503294685735
0.09745378869956187
0.09745724597918982
0.09746070130708238
0.09746415468286326
0.0974676061061547
0.09747105557657756
0.09747450309375139
0.09747794865729423
0.0974813922668228
0.09748483392195241
0.09748827362229699
0.09749171136746905
0.09749514715707974
0.09749858099073878
0.09750201286805454
0.09750544278863396
0.09750887075208263
0.09751229675800467
0.09751572080600295
0.09751914289567876
0.09752256302663215
0.09752598119846172
0.09752939741076466
0.0975328116631368
0.0975362239551726
0.09753963428646502
0.09754304265660578
0.0975464490651851
0.0975498535117918
0.0975532559960134
0.09755665651743595
0.09756005507564411
0.09756345167022122
0.09756684630074912
0.09757023896680835
0.09757362966797802
0.09757701840383583
0.0975804051739581
0.0975837899779198
0.09758717281529446
0.09759055368565421
0.09759393258856983
0.09759730952361066
0.0976006844903447
0.09760405748833854
0.09760742851715733
0.09761079757636489
0.09761416466552363
0.09761752978419455
0.09762089293193724
0.09762425410831
0.0976276133128696
0.09763097054517152
0.09763432580476979
0.09763767909121707
0.09764103040406465
0.09764437974286239
0.09764772710715874
0.09765107249650083
0.09765441591043435
0.09765775734850358
0.09766109681025147
0.09766443429521951
0.09766776980294783
0.09767110333297517
0.09767443488483889
0.09767776445807491
0.09768109205221782
0.09768441766680079
0.09768774130135555
0.09769106295541251
0.09769438262850066
0.09769770032014759
0.0977010160298795
0.09770432975722124
0.09770764150169617
0.09771095126282638
0.09771425904013246
0.09771756483313367
0.09772086864134787
0.0977241704642915
0.09772747030147964
0.09773076815242597
0.09773406401664274
0.09773735789364088
0.09774064978292989
0.09774393968401782
0.09774722759641144
0.09775051351961604
0.09775379745313556
0.09775707939647255
0.09776035934912813
0.09776363731060204
0.09776691328039269
0.09777018725799702
0.09777345924291059
0.09777672923462759
0.09777999723264082
0.09778326323644167
0.09778652724552014
0.09778978925936486
0.09779304927746305
0.09779630729930053
0.09779956332436175
0.09780281735212971
0.09780606938208612
0.09780931941371122
0.09781256744648385
0.09781581347988152
0.09781905751338031
0.0978222995464549
0.09782553957857858
0.09782877760922326
0.09783201363785947
0.09783524766395633
0.09783847968698155
0.09784170970640148
0.09784493772168107
0.09784816373228386
0.09785138773767202
0.09785460973730631
0.09785782973064609
0.09786104771714939
0.09786426369627277
0.0978674776674714
0.09787068963019917
0.09787389958390842
0.09787710752805018
0.09788031346207413
0.09788351738542844
0.09788671929755999
0.09788991919791425
0.09789311708593525
0.09789631296106566
0.09789950682274678
0.09790269867041847
0.09790588850351922
0.09790907632148617
0.09791226212375498
0.09791544590976
0.09791862767893411
0.09792180743070887
0.09792498516451441
0.09792816087977949
0.09793133457593144
0.09793450625239622
0.09793767590859843
0.09794084354396121
0.0979440091579064
0.09794717274985432
0.097950334319224
0.09795349386543306
0.09795665138789772
0.09795980688603274
0.09796296035925166
0.09796611180696642
0.0979692612285877
0.09797240862352477
0.09797555399118549
0.09797869733097628
0.09798183864230228
0.09798497792456716
0.09798811517717317
0.09799125039952125
0.0979943835910109
0.09799751475104024
0.09800064387900599
0.09800377097430346
0.09800689603632663
0.098010019064468
0.09801314005811876
0.09801625901666867
0.09801937593950608
0.09802249082601797
0.09802560367558993
0.09802871448760615
0.09803182326144944
0.09803492999650121
0.09803803469214145
0.09804113734774882
0.09804423796270052
0.09804733653637242
0.09805043306813892
0.09805352755737312
0.09805662000344667
0.09805971040572983
0.09806279876359147
0.09806588507639911
0.0980689693435188
0.0980720515643153
0.09807513173815184
0.09807820986439038
0.09808128594239146
0.09808435997151418
0.09808743195111631
0.09809050188055415
0.09809356975918271
0.09809663558635552
0.09809969936142476
0.09810276108374119
0.09810582075265423
0.09810887836751185
0.09811193392766063
0.09811498743244584
0.09811803888121125
0.09812108827329928
0.098124135608051
0.09812718088480603
0.0981302241029026
0.0981332652616776
0.09813630436046646
0.09813934139860325
0.09814237637542068
0.09814540929025002
0.09814844014242113
0.09815146893126259
0.09815449565610145
0.09815752031626343
0.09816054291107287
0.09816356343985272
0.09816658190192447
0.0981695982966083
0.09817261262322297
0.09817562488108583
0.09817863506951288
0.09818164318781865
0.09818464923531636
0.09818765321131781
0.09819065511513336
0.09819365494607207
0.09819665270344154
0.09819964838654796
0.09820264199469622
0.09820563352718972
0.09820862298333052
0.09821161036241931
0.09821459566375532
0.09821757888663639
0.09822056003035905
0.09822353909421838
0.09822651607750804
0.09822949097952038
0.09823246379954628
0.09823543453687528
0.09823840319079548
0.09824136976059362
0.09824433424555504
0.0982472966449637
0.09825025695810216
0.09825321518425158
0.09825617132269171
0.09825912537270094
0.0982620773335563
0.09826502720453333
0.09826797498490623
0.09827092067394785
0.09827386427092961
0.09827680577512149
0.09827974518579216
0.09828268250220885
0.09828561772363742
0.09828855084934231
0.09829148187858659
0.09829441081063195
0.09829733764473864
0.09830026238016557
0.09830318501617022
0.09830610555200871
0.09830902398693574
0.09831194032020464
0.09831485455106731
0.09831776667877433
0.09832067670257479
0.09832358462171646
0.09832649043544572
0.0983293941430075
0.0983322957436454
0.09833519523660156
0.09833809262111683
0.09834098789643056
0.09834388106178076
0.09834677211640407
0.09834966105953566
0.0983525478904094
0.0983554326082577
0.09835831521231163
0.09836119570180078
0.09836407407595349
0.09836695033399656
0.09836982447515549
0.09837269649865436
0.09837556640371586
0.09837843418956127
0.09838129985541053
0.09838416340048212
0.09838702482399314
0.09838988412515938
0.09839274130319513
0.09839559635731333
0.09839844928672555
0.09840130009064195
0.09840414876827128
0.09840699531882091
0.09840983974149684
0.09841268203550364
0.09841552220004454
0.09841836023432131
0.09842119613753438
0.09842402990888276
0.09842686154756407
0.09842969105277456
0.09843251842370909
0.09843534365956107
0.09843816675952258
0.0984409877227843
0.09844380654853546
0.09844662323596401
0.09844943778425637
0.09845225019259767
0.09845506046017162
0.09845786858616054
0.09846067456974529
0.09846347841010548
0.09846628010641921
0.09846907965786321
0.09847187706361284
0.09847467232284207
0.09847746543472345
0.09848025639842817
0.09848304521312601
0.09848583187798533
0.09848861639217317
0.09849139875485512
0.0984941789651954
0.09849695702235681
0.09849973292550078
0.09850250667378736
0.0985052782663752
0.09850804770242153
0.09851081498108223
0.09851358010151176
0.09851634306286318
0.0985191038642882
0.09852186250493708
0.09852461898395874
0.09852737330050068
0.09853012545370901
0.09853287544272843
0.09853562326670232
0.09853836892477259
0.09854111241607975
0.09854385373976303
0.09854659289496012
0.0985493298808074
0.09855206469643987
0.09855479734099111
0.09855752781359328
0.09856025611337721
0.09856298223947228
0.09856570619100655
0.09856842796710659
0.09857114756689764
0.09857386498950357
0.09857658023404679
0.09857929329964835
0.09858200418542792
0.09858471289050379
0.0985874194139928
0.09859012375501046
0.09859282591267085
0.09859552588608665
0.09859822367436921
0.09860091927662841
0.09860361269197279
0.09860630391950947
0.09860899295834419
0.09861167980758127
0.09861436446632371
0.09861704693367304
0.09861972720872944
0.09862240529059167
0.09862508117835714
0.0986277548711218
0.09863042636798029
0.09863309566802582
0.09863576277035016
0.09863842767404378
0.09864109037819567
0.0986437508818935
0.0986464091842235
0.0986490652842705
0.09865171918111802
0.0986543708738481
0.09865702036154138
0.09865966764327719
0.09866231271813342
0.09866495558518652
0.09866759624351167
0.09867023469218253
0.09867287093027144
0.09867550495684933
0.09867813677098575
0.09868076637174883
0.09868339375820534
0.09868601892942064
0.09868864188445865
0.09869126262238201
0.09869388114225189
0.09869649744312804
0.09869911152406892
0.09870172338413152
0.09870433302237142
0.09870694043784288
0.0987095456295987
0.09871214859669038
0.0987147493381679
0.09871734785307994
0.09871994414047375
0.09872253819939522
0.09872513002888882
0.09872771962799762
0.09873030699576335
0.09873289213122624
0.09873547503342528
0.09873805570139794
0.09874063413418034
0.09874321033080724
0.09874578429031196
0.09874835601172643
0.09875092549408124
0.09875349273640553
0.09875605773772707
0.09875862049707225
0.09876118101346604
0.09876373928593205
0.09876629531349247
0.0987688490951681
0.09877140062997837
0.09877394991694129
0.09877649695507353
0.09877904174339028
0.0987815842809054
0.09878412456663137
0.09878666259957923
0.09878919837875864
0.0987917319031779
0.09879426317184391
0.09879679218376211
0.09879931893793666
0.09880184343337023
0.09880436566906414
0.09880688564401834
0.09880940335723135
0.0988119188077003
0.09881443199442091
0.0988169429163876
0.0988194515725933
0.09882195796202957
0.09882446208368659
0.09882696393655317
0.09882946351961669
0.09883196083186316
0.09883445587227715
0.09883694863984192
0.09883943913353929
0.09884192735234969
0.09884441329525213
0.0988468969612243
0.09884937834924243
0.09885185745828137
0.09885433428731465
0.09885680883531428
0.098859281101251
0.09886175108409408
0.0988642187828114
0.0988666841963695
0.0988691473237335
0.0988716081638671
0.09887406671573268
0.09887652297829112
0.098878976950502
0.09888142863132349
0.09888387801971232
0.09888632511462386
0.09888876991501214
0.0988912124198297
0.09889365262802774
0.0988960905385561
0.09889852615036314
0.09890095946239588
0.09890339047359999
0.09890581918291967
0.09890824558929776
0.09891066969167572
0.09891309148899362
0.09891551098019008
0.09891792816420242
0.09892034303996648
0.09892275560641678
0.0989251658624864
0.09892757380710702
0.098929979439209
0.09893238275772123
0.09893478376157122
0.09893718244968513
0.09893957882098772
0.09894197287440228
0.09894436460885081
0.09894675402325387
0.0989491411165306
0.09895152588759883
0.0989539083353749
0.09895628845877386
0.09895866625670925
0.09896104172809334
0.0989634148718369
0.09896578568684937
0.09896815417203882
0.09897052032631184
0.0989728841485737
0.09897524563772828
0.098977604792678
0.09897996161232399
0.09898231609556588
0.09898466824130195
0.09898701804842915
0.09898936551584296
0.09899171064243746
0.0989940534271054
0.09899639386873811
0.09899873196622552
0.09900106771845617
0.09900340112431719
0.09900573218269439
0.09900806089247206
0.09901038725253322
0.09901271126175948
0.09901503291903097
0.09901735222322648
0.0990196691732235
0.09902198376789795
0.09902429600612449
0.09902660588677634
0.09902891340872533
0.09903121857084192
0.09903352137199514
0.09903582181105267
0.09903811988688074
0.09904041559834426
0.09904270894430671
0.09904499992363013
0.09904728853517529
0.09904957477780144
0.0990518586503665
0.099054140151727
0.09905641928073808
0.09905869603625345
0.09906097041712549
0.09906324242220507
0.09906551205034185
0.09906777930038393
0.09907004417117811
0.09907230666156977
0.0990745667704029
0.09907682449652006
0.0990790798387625
0.09908133279597002
0.09908358336698105
0.0990858315506326
0.0990880773457603
0.0990903207511984
0.09909256176577977
0.09909480038833586
0.09909703661769673
0.09909927045269104
0.0991015018921461
0.09910373093488777
0.09910595757974058
0.09910818182552764
0.0991104036710706
0.09911262311518985
0.0991148401567043
0.09911705479443143
0.09911926702718747
0.09912147685378712
0.09912368427304376
0.09912588928376935
0.09912809188477445
0.09913029207486827
0.09913248985285858
0.09913468521755177
0.09913687816775288
0.0991390687022655
0.09914125681989183
0.09914344251943275
0.09914562579968766
0.0991478066594546
0.09914998509753023
0.09915216111270984
0.09915433470378725
0.09915650586955496
0.09915867460880406
0.09916084092032422
0.09916300480290374
0.09916516625532955
0.09916732527638712
0.09916948186486063
0.09917163601953277
0.09917378773918487
0.0991759370225969
0.09917808386854739
0.0991802282758135
0.09918237024317104
0.09918450976939433
0.0991866468532564
0.0991887814935288
0.09919091368898175
0.09919304343838406
0.09919517074050314
0.09919729559410499
0.09919941799795427
0.09920153795081421
0.09920365545144665
0.09920577049861203
0.09920788309106944
0.09920999322757651
0.09921210090688956
0.09921420612776344
0.09921630888895164
0.09921840918920628
0.09922050702727807
0.0992226024019163
0.09922469531186891
0.09922678575588242
0.09922887373270196
0.09923095924107131
0.0992330422797328
0.09923512284742737
0.09923720094289462
0.0992392765648727
0.09924134971209844
0.0992434203833072
0.09924548857723296
0.09924755429260836
0.09924961752816461
0.0992516782826315
0.0992537365547375
0.09925579234320964
0.09925784564677355
0.0992598964641535
0.09926194479407234
0.09926399063525153
0.09926603398641118
0.09926807484626995
0.09927011321354512
0.09927214908695262
0.09927418246520694
0.09927621334702119
0.09927824173110712
0.09928026761617503
0.09928229100093386
0.09928431188409118
0.09928633026435314
0.09928834614042446
0.09929035951100858
0.09929237037480743
0.09929437873052158
0.09929638457685025
0.09929838791249126
0.09930038873614097
0.09930238704649443
0.09930438284224524
0.09930637612208565
0.0993083668847065
0.09931035512879723
0.09931234085304588
0.09931432405613913
0.09931630473676224
0.0993182828935991
0.09932025852533219
0.09932223163064259
0.09932420220821002
0.0993261702567128
0.09932813577482778
0.09933009876123056
0.09933205921459523
0.09933401713359453
0.09933597251689984
0.09933792536318108
0.09933987567110682
0.09934182343934424
0.09934376866655911
0.0993457113514158
0.09934765149257735
0.09934958908870531
0.09935152413845992
0.09935345664049998
0.09935538659348292
0.09935731399606477
0.0993592388469002
0.09936116114464238
0.09936308088794327
0.09936499807545325
0.0993669127058214
0.09936882477769546
0.09937073428972164
0.09937264124054486
0.09937454562880865
0.09937644745315509
0.09937834671222488
0.09938024340465738
0.09938213752909053
0.09938402908416084
0.09938591806850346
0.09938780448075216
0.09938968831953929
0.09939156958349582
0.09939344827125136
0.09939532438143404
0.09939719791267071
0.09939906886358675
0.09940093723280616
0.09940280301895156
0.09940466622064417
0.09940652683650385
0.09940838486514902
0.09941024030519671
0.09941209315526263
0.09941394341396101
0.0994157910799047
0.0994176361517052
0.09941947862797261
0.0994213185073156
0.0994231557883415
0.0994249904696562
0.0994268225498642
0.09942865202756866
0.09943047890137131
0.09943230316987248
0.09943412483167112
0.09943594388536478
0.09943776032954961
0.09943957416282043
0.09944138538377058
0.09944319399099205
0.09944499998307546
0.09944680335860999
0.09944860411618345
0.09945040225438226
0.09945219777179147
0.09945399066699465
0.09945578093857411
0.09945756858511068
0.0994593536051838
0.09946113599737155
0.0994629157602506
0.09946469289239622
0.09946646739238231
0.09946823925878134
0.09947000849016445
0.09947177508510133
0.09947353904216029
0.09947530035990829
0.09947705903691081
0.09947881507173204
0.09948056846293471
0.09948231920908018
0.09948406730872841
0.09948581276043798
0.09948755556276608
0.09948929571426846
0.09949103321349956
0.09949276805901236
0.09949450024935845
0.0994962297830881
0.0994979566587501
0.09949968087489189
0.09950140243005952
0.09950312132279764
0.09950483755164949
0.09950655111515698
0.09950826201186051
0.09950997024029923
0.0995116757990108
0.0995133786865315
0.09951507890139626
0.0995167764421386
0.09951847130729059
0.09952016349538301
0.09952185300494516
0.09952353983450499
0.09952522398258908
0.09952690544772255
0.09952858422842915
0.09953026032323133
0.09953193373065
0.09953360444920477
0.09953527247741384
0.09953693781379401
0.0995386004568607
0.09954026040512792
0.0995419176571083
0.09954357221131309
0.09954522406625212
0.09954687322043382
0.09954851967236526
0.09955016342055215
0.0995518044634987
0.09955344279970782
0.09955507842768102
0.09955671134591834
0.09955834155291855
0.09955996904717893